0.2918
0.3432
0.2903
0.2919
0.2693
0.2613
0.2449
0.2326
0.2284
0.2226
0.2198
0.2047
0.1957
0.1919
0.1875
0.1835
0.176
0.1752
0.1774
0.1722
0.1709
0.1649
0.1651
0.1581
0.1646
0.1552
0.1548
0.1449
0.1421
0.1402
0.1348
0.1366
0.1391
0.1399
0.1308
0.1308
0.131
0.1327
0.1234
0.1294
0.1319
0.131
0.1339
0.1275
0.1293
0.1292
0.1261
0.1228
0.1222
0.1205
0.1211
0.1171
0.1166
0.1147
0.1162
0.117
0.1169
0.1186
0.1182
0.1176
0.114
0.1137
0.1168
0.1127
0.1098
0.1104
0.1138
0.114
0.1129
0.1129
0.1138
0.1141
0.111
0.1067
0.1072
0.104
0.1044
0.1052
0.106
0.1045
0.1023
0.1049
0.1026
0.0991
0.101
0.0995
0.1025
0.1037
0.1002
0.1008
0.1001
0.0979
0.0961
0.0937
0.0962
0.0953
0.0959
0.0933
0.0932
0.0924
0.0948
0.097
0.0947
0.0952
0.0949
0.0893
0.0968
0.0948
0.1006
0.0943
0.0928
0.0935
0.0932
0.0897
0.0914
0.0903
0.0884
0.0893
0.0899
0.0906
0.0949
0.095
0.091
0.0931
0.0966
0.0979
0.0975
0.0955
0.0978
0.1
0.1015
0.0992
0.1011
0.0968
0.0938
0.0967
0.0968
0.0994
0.0989
0.0952
0.0932
0.0912
0.0902
0.0883
0.0876
0.0887
0.0925
0.0865
0.0896
0.0879
0.0834
0.0841
0.0786
0.0813
0.0752
0.0713
0.073
0.0771
0.0767
0.0762
0.0779
0.0849
0.0792
0.0861
0.08
0.0764
0.0789
0.0794
0.0799
0.0792
0.0789
0.0737
0.0757
0.0719
0.0757
0.0697
0.0738
0.073
0.0764
0.0722
0.074
0.0715
0.0701
0.0689
0.0717
0.0688
0.0644
0.0608
0.0669
0.064
0.0658
0.0656
0.068
0.0656
0.0661
0.0657
0.063
0.0604
0.0626
0.0589
0.0567
0.0605
0.0595
0.0649
0.0635
0.0612
0.0613
0.059
0.0609
0.0573
0.0589
0.0616
0.0616
0.0572
0.0581
0.0531
0.0546
0.0551
0.0577
0.058
0.0576
0.0572
0.0579
0.0601
0.0618
0.062
0.0653
0.0669
0.0692
0.0643
0.0608
0.0622
0.0587
0.0629
0.0591
0.0624
0.0632
0.0641
0.064
0.0614
0.0625
0.0634
0.0636
0.0635
0.0604
0.0612
0.0612
0.0613
0.0619
0.0634
0.0621
0.0632
0.0639
0.0622
0.062
0.0578
0.0562
0.0551
0.0561
0.0569
0.058
0.0562
0.0576
0.057
0.0593
0.0605
0.0624
0.0603
0.0622
0.0599
0.0576
0.0598
0.0603
0.0639
0.0613
0.0615
0.0585
0.0582
0.0573
0.057
0.0578
0.0583
0.0617
0.0605
0.062
0.0578
0.0566
0.0537
0.0527
0.0531
0.0539
0.0506
0.0526
0.0516
0.0517
0.0501
0.0495
0.0511
0.0519
0.0515
0.0527
0.0537
0.0567
0.0541
0.0535
0.0525
0.0528
0.0524
0.051
0.0523
0.0527
0.0527
0.0511
0.0528
0.0523
0.0504
0.0534
0.0517
0.0545
0.0533
0.0529
0.0517
0.0516
0.0528
0.0527
0.0525
0.0517
0.0536
0.0542
0.0503
0.0502
0.0475
0.047
0.0486
0.0482
0.0486
0.0487
0.0475
0.0488
0.0483
0.0501
0.0448
0.0449
0.0446
0.0464
0.0465
0.0475
0.0502
0.0502
0.0521
0.0511
0.0542
0.0505
0.052
0.0495
0.0523
0.0496
0.0472
0.0451
0.0446
0.0457
0.046
0.0457
0.0481
0.0468
0.0478
0.0461
0.0505
0.0464
0.0481
0.0485
0.0468
0.0449
0.047
0.0472
0.0473
0.0453
0.0457
0.0455
0.0448
0.0447
0.0453
0.0467
0.0425
0.0457
0.0453
0.0458
0.0458
0.0434
0.0443
0.0434
0.0446
0.046
0.0459
0.0451
0.0446
0.044
0.0451
0.0444
0.0441
0.0447
0.0435
0.0416
0.043
0.0438
0.0432
0.0417
0.0431
0.044
0.0451
0.0459
0.0459
0.0483
0.0481
0.05
0.0493
0.0512
0.047
0.0479
0.0479
0.0525
0.0478
0.0481
0.0477
0.0505
0.0469
0.0466
0.0452
0.0466
0.0475
0.0468
0.0473
0.0456
0.0463
0.0464
0.0475
0.0479
0.0487
0.0496
0.0503
0.0521
0.0481
0.0533
0.0478
0.0496
0.0493
0.0502
0.0494
0.0527
0.0495
0.0479
0.0478
0.0474
0.0467
0.0491
0.0487
0.0485
0.048
0.047
0.048
0.047
0.0475
0.0513
0.0515
0.0523
0.0517
0.0532
0.0504
0.047
0.0478
0.051
0.0495
0.0506
0.0508
0.0525
0.0533
0.0531
0.0514
0.0525
0.0507
0.053
0.0517
0.0487
0.0495
0.0493
0.0479
0.048
0.0484
0.0472
0.0503
0.0496
0.0507
0.0497
0.0525
0.0497
0.0512
0.052
0.0498
0.0494
0.0479
0.0505
0.0478
0.0489
0.0496
0.0493
0.0461
0.0474
0.0484
0.0497
0.0482
0.0507
0.0499
0.0503
0.0515
0.0498
0.0466
0.0464
0.0479
0.049
0.0464
0.0493
0.0489
0.0499
0.0514
0.051
0.0543
0.0502
0.0527
0.049
0.0494
0.0473
0.0499
0.0478
0.0484
0.0476
0.0484
0.05
0.0462
0.0475
0.0452
0.0466
0.0451
0.0476
0.0452
0.047
0.0453
0.0463
0.0447
0.0456
0.0452
0.0458
0.045
0.046
0.0475
0.047
0.0476
0.0478
0.0486
0.0484
0.0475
0.047
0.0493
0.0475
0.0481
0.0479
0.0475
0.0477
0.047
0.0466
0.047
0.0479
0.0475
0.0497
0.0485
0.0489
0.049
0.049
0.0496
0.0478
0.0513
0.0496
0.0503
0.0499
0.0503
0.0501
0.0504
0.0486
0.0505
0.0525
0.0511
0.055
0.0514
0.0516
0.0521
0.0542
0.057
0.0598
0.0552
0.056
0.0526
0.0535
0.0536
0.0525
0.0528
0.0524
0.0531
0.0541
0.0549
0.0537
0.0529
0.0534
0.0514
0.0499
0.0505
0.0488
0.0494
0.0486
0.0515
0.0498
0.0502
0.05
0.0483
0.046
0.0482
0.0492
0.0519
0.0496
0.0522
0.0509
0.0522
0.0523
0.0532
0.0526
0.0518
0.0531
0.0526
0.0514
0.0529
0.0535
0.0503
0.0506
0.0506
0.0519
0.0507
0.0496
0.0511
0.0512
0.0511
0.0517
0.0513
0.0535
0.0521
0.0538
0.055
0.0536
0.0532
0.0523
0.0543
0.0522
0.053
0.0497
0.0517
0.0495
0.0529
0.0498
0.0499
0.0515
0.0535
0.0527
0.0555
0.0536
0.0533
0.0515
0.0527
0.0547
0.0549
0.0534
0.0555
0.0547
0.0564
0.0563
0.0566
0.0587
0.0548
0.055
0.0554
0.054
0.0543
0.0535
0.0575
0.0525
0.0524
0.0522
0.0523
0.0548
0.0556
0.0533
0.0559
0.0549
0.0559
0.0562
0.0572
0.0537
0.0552
0.0527
0.0557
0.0538
0.0533
0.0519
0.0543
0.0548
0.0557
0.0524
0.0569
0.0521
0.0533
0.0518
0.0546
0.0535
0.0505
0.0535
0.0525
0.0533
0.0554
0.0544
0.0539
0.0517
0.052
0.0521
0.0522
0.0541
0.0539
0.0555
0.0544
0.055
0.055
0.055
0.0555
0.0558
0.0548
0.0562
0.0535
0.0552
0.0542
0.0538
0.054
0.0552
0.056
0.0567
0.0566
0.0574
0.0582
0.0585
0.0566
0.0607
0.0602
0.0636
0.0599
0.0636
0.0629
0.0635
0.0593
0.0605
0.0579
0.0545
0.0548
0.0558
0.0546
0.0528
0.0559
0.0542
0.055
0.0556
0.0563
0.0554
0.0554
0.0541
0.0514
0.0544
0.0526
0.0563
0.0572
0.0592
0.0595
0.0633
0.0612
0.0659
0.0642
0.0644
0.0643
0.0631
0.0645
0.0664
0.0661
0.0683
0.0668
0.0655
0.0644
0.0642
0.066
0.0635
0.0662
0.0645
0.0643
0.066
0.0618
0.0607
0.0645
0.0586
0.0624
0.0607
0.0656
0.0626
0.0633
0.0617
0.0626
0.064
0.0662
0.0613
0.0646
0.062
0.0624
0.0623
0.067
0.0646
0.0707
0.0663
0.066
0.0625
0.0607
0.0621
0.0636
0.0634
0.0629
0.0632
0.0642
0.0629
0.0624
0.0651
0.0622
0.061
0.0604
0.0596
0.0606
0.0582
0.0554
0.0561
0.055
0.0584
0.0548
0.0576
0.0576
0.0553
0.059
0.0557
0.0553
0.0569
0.0581
0.0566
0.0565
0.0554
0.0562
0.057
0.0551
0.0543
0.0541
0.0534
0.0537
0.0543
0.0538
0.0542
0.0531
0.0545
0.0557
0.055
0.056
0.0524
0.0553
0.0539
0.056
0.0519
0.0504
0.0525
0.0518
0.0518
0.0535
0.0527
0.0526
0.051
0.0533
0.0523
0.05
0.0496
0.0497
0.0474
0.0481
0.0496
0.0463
0.0453
0.0462
0.0464
0.0479
0.0459
0.0479
0.0488
0.0504
0.0513
0.0535
0.0525
0.0509
0.05
0.0491
0.0483
0.0477
0.0493
0.0481
0.0499
0.049
0.0519
0.0483
0.0481
0.0466
0.047
0.0441
0.0442
0.0438
0.0458
0.0456
0.0453
0.0461
0.0448
0.0457
0.0434
0.0441
0.0451
0.0453
0.0462
0.045
0.047
0.0465
0.0459
0.044
0.0432
0.043
0.0436
0.0436
0.0444
0.0417
0.0422
0.0417
0.0428
0.0416
0.0418
0.0412
0.0418
0.0423
0.0425
0.0431
0.0449
0.0445
0.0463
0.0447
0.0452
0.0463
0.0469
0.0449
0.0442
0.0442
0.0448
0.043
0.043
0.0439
0.0425
0.0462
0.0456
0.0468
0.047
0.0455
0.0477
0.0456
0.0461
0.0475
0.0486
0.0456
0.0473
0.0471
0.048
0.0489
0.05
0.0492
0.0509
0.0493
0.0505
0.0517
0.049
0.0499
0.0473
0.0468
0.0477
0.0462
0.0473
