0.0553
0.3088
0.3464
0.2835
0.2762
0.2621
0.2479
0.2359
0.2302
0.2181
0.2134
0.202
0.1925
0.1868
0.1781
0.1661
0.1679
0.1593
0.1602
0.1517
0.1503
0.1428
0.1432
0.1418
0.1461
0.1411
0.1382
0.1369
0.1389
0.1359
0.1405
0.1423
0.1413
0.1404
0.1371
0.1305
0.129
0.1248
0.1207
0.1222
0.1227
0.1176
0.1224
0.1232
0.1217
0.1247
0.1189
0.1257
0.1255
0.1256
0.1239
0.1226
0.1226
0.1266
0.1251
0.1309
0.1347
0.1338
0.1349
0.1349
0.1317
0.1271
0.1297
0.1337
0.1315
0.131
0.1295
0.1268
0.1249
0.1332
0.1266
0.128
0.1225
0.1185
0.1194
0.1178
0.1167
0.1164
0.1138
0.112
0.1121
0.1093
0.1147
0.1166
0.1165
0.1202
0.1153
0.1157
0.111
0.1166
0.1155
0.1197
0.1146
0.1135
0.1071
0.1096
0.1075
0.107
0.1041
0.1032
0.0962
0.0955
0.0931
0.0927
0.0944
0.092
0.0862
0.0882
0.084
0.0869
0.0852
0.0863
0.0904
0.0883
0.091
0.0869
0.0881
0.0888
0.0872
0.0826
0.086
0.0822
0.0806
0.0778
0.0805
0.0774
0.08
0.079
0.0774
0.0809
0.0784
0.0741
0.0717
0.0721
0.0701
0.0678
0.0699
0.0732
0.0727
0.074
0.0739
0.0766
0.0796
0.0805
0.0815
0.0808
0.0758
0.0795
0.0803
0.0783
0.0787
0.0817
0.0802
0.0796
0.078
0.0765
0.0812
0.0808
0.0797
0.0783
0.0788
0.079
0.0795
0.0795
0.0807
0.0812
0.0802
0.0829
0.0809
0.0776
0.0771
0.0776
0.0764
0.0745
0.0736
0.0724
0.0699
0.0679
0.07
0.0683
0.0689
0.0696
0.0677
0.0689
0.0671
0.0685
0.0651
0.0662
0.0686
0.0671
0.0651
0.0668
0.0669
0.0687
0.0667
0.0698
0.0661
0.0706
0.0661
0.0681
0.0681
0.0702
0.0708
0.0678
0.0647
0.0683
0.0649
0.068
0.0631
0.0633
0.0607
0.0589
0.0601
0.058
0.0583
0.0575
0.0542
0.0571
0.0551
0.0589
0.0576
0.0599
0.0611
0.0616
0.0641
0.0624
0.0639
0.0637
0.062
0.0637
0.0656
0.0625
0.0614
0.0605
0.0602
0.0613
0.0606
0.0594
0.0609
0.06
0.0659
0.06
0.0612
0.0576
0.0567
0.0581
0.0566
0.055
0.0561
0.0556
0.0545
0.0564
0.0555
0.0525
0.0517
0.051
0.0506
0.0488
0.0495
0.0484
0.0475
0.0486
0.0501
0.0508
0.0497
0.0515
0.0521
0.0508
0.0523
0.0503
0.0499
0.0475
0.0486
0.0494
0.0517
0.0512
0.0532
0.051
0.0555
0.0504
0.0515
0.0497
0.0508
0.0497
0.0489
0.0498
0.0488
0.0495
0.0496
0.0513
0.0499
0.0518
0.0508
0.0511
0.0519
0.0543
0.0532
0.0517
0.0523
0.0526
0.0529
0.0559
0.0588
0.0596
0.0594
0.061
0.0627
0.0607
0.0636
0.0634
0.0635
0.0606
0.0625
0.0617
0.0594
0.0603
0.059
0.0592
0.0633
0.0577
0.0586
0.0576
0.059
0.0556
0.0558
0.0554
0.056
0.0544
0.0541
0.0529
0.0552
0.0561
0.0583
0.0599
0.0603
0.0621
0.0604
0.0632
0.0623
0.0612
0.0578
0.0585
0.0565
0.056
0.0551
0.0549
0.0563
0.057
0.0553
0.0586
0.056
0.0556
0.0575
0.0567
0.0565
0.0551
0.0561
0.0566
0.0567
0.0575
0.0565
0.0563
0.0576
0.0602
0.0588
0.0577
0.0582
0.0582
0.0568
0.0583
0.0572
0.0583
0.058
0.0559
0.054
0.0523
0.054
0.0544
0.0536
0.0533
0.0512
0.0528
0.0497
0.0523
0.0489
0.0476
0.0459
0.0454
0.0458
0.0443
0.0432
0.0433
0.0458
0.0463
0.044
0.0441
0.0464
0.0453
0.0448
0.0453
0.0458
0.0452
0.0448
0.0462
0.0479
0.0461
0.0475
0.045
0.0461
0.046
0.0474
0.0445
0.0446
0.0439
0.0431
0.0412
0.0409
0.0392
0.0395
0.0398
0.0391
0.0389
0.0395
0.0407
0.0406
0.0415
0.0395
0.0392
0.0412
0.0418
0.0445
0.0411
0.0425
0.0406
0.0403
0.0395
0.0403
0.0398
0.0404
0.0415
0.0406
0.0419
0.0406
0.041
0.0399
0.0399
0.0376
0.0388
0.0383
0.0401
0.0393
0.0399
0.0409
0.0396
0.038
0.0368
0.036
0.0384
0.0354
0.0359
0.0344
0.0344
0.0357
0.0343
0.0355
0.0344
0.0348
0.035
0.0341
0.036
0.0343
0.037
0.0344
0.0352
0.0347
0.0352
0.0347
0.0359
0.0356
0.035
0.0367
0.0366
0.0361
0.0349
0.0346
0.0339
0.0333
0.0344
0.0341
0.033
0.0344
0.0328
0.0333
0.0337
0.0354
0.0338
0.0347
0.0338
0.0342
0.0346
0.034
0.0345
0.0351
0.0351
0.0371
0.0361
0.0362
0.035
0.0359
0.0362
0.0354
0.0355
0.0349
0.0347
0.0347
0.0338
0.0354
0.0355
0.0366
0.0351
0.0346
0.0339
0.0337
0.035
0.0351
0.0357
0.0365
0.0364
0.0356
0.0354
0.0358
0.036
0.036
0.0341
0.034
0.0332
0.034
0.0319
0.0325
0.0325
0.0336
0.0338
0.0338
0.0336
0.035
0.0348
0.0352
0.0366
0.0354
0.0364
0.0361
0.0369
0.0392
0.0384
0.0393
0.0372
0.0391
0.0375
0.0373
0.0373
0.037
0.036
0.0388
0.0356
0.0376
0.0353
0.0369
0.0374
0.0388
0.0396
0.0393
0.0397
0.0401
0.0396
0.0382
0.0395
0.0386
0.0388
0.037
0.0398
0.0374
0.0388
0.0372
0.0368
0.0368
0.0381
0.0375
0.0386
0.0373
0.037
0.0355
0.0372
0.0385
0.0378
0.0389
0.0373
0.0379
0.0366
0.0373
0.0375
0.0382
0.0373
0.0377
0.0387
0.0348
0.034
0.0337
0.0329
0.0334
0.0328
0.0318
0.0322
0.0325
0.0331
0.0338
0.0325
0.0335
0.0334
0.0334
0.033
0.0345
0.0345
0.0348
0.035
0.0349
0.0357
0.0349
0.0341
0.0332
0.0325
0.0322
0.0313
0.0307
0.0318
0.032
0.0333
0.0333
0.0343
0.0332
0.0357
0.0346
0.0367
0.0364
0.0386
0.0357
0.0365
0.0321
0.0318
0.031
0.0311
0.0324
0.0329
0.0318
0.0326
0.0321
0.0323
0.0321
0.0321
0.033
0.033
0.0332
0.0339
0.034
0.0346
0.0339
0.0353
0.0341
0.0351
0.0335
0.0357
0.0353
0.0349
0.0345
0.0335
0.0353
0.0352
0.036
0.0362
0.0372
0.0392
0.0372
0.0377
0.0375
0.0388
0.0367
0.0357
0.0347
0.0352
0.0352
0.0346
0.0347
0.0358
0.0336
0.0329
0.0338
0.0328
0.0335
0.0345
0.0336
0.0357
0.0359
0.0364
0.0361
0.037
0.0373
0.0369
0.0377
0.0374
0.0381
0.0364
0.0373
0.0372
0.0375
0.0361
0.0347
0.0352
0.0336
0.0334
0.0324
0.0325
0.0328
0.0326
0.0325
0.0337
0.033
0.0334
0.0331
0.0338
0.0347
0.0347
0.0364
0.0354
0.0362
0.0356
0.0371
0.0361
0.0378
0.0383
0.0415
0.0392
0.0425
0.039
0.0414
0.0396
0.0404
0.0377
0.0375
0.0382
0.0401
0.0373
0.0382
0.0365
0.0373
0.04
0.0385
0.0407
0.039
0.0401
0.0398
0.04
0.0383
0.0364
0.0358
0.0349
0.0355
0.0341
0.0332
0.0313
0.0321
0.0321
0.0335
0.0319
0.0317
0.0324
0.0321
0.0335
0.0338
0.033
0.0324
0.0317
0.0306
0.0316
0.0314
0.0317
0.0317
0.0313
0.0315
0.0315
0.0319
0.0313
0.0325
0.0317
0.0322
0.0323
0.032
0.0323
0.0328
0.0341
0.0346
0.0329
0.0339
0.0328
0.0316
0.0319
0.0335
0.0336
0.0349
0.035
0.0343
0.0333
0.0342
0.0345
0.0353
0.0355
0.0361
0.0371
0.0384
0.0364
0.0364
0.0373
0.0372
0.0352
0.0364
0.0353
0.0355
0.0356
0.0373
0.0374
0.0388
0.0402
0.0381
0.0386
0.0371
0.0354
0.0359
0.0349
0.0362
0.0342
0.0339
0.0343
0.0343
0.0353
0.034
0.0354
0.0355
0.0334
0.0343
0.0339
0.0362
0.0324
0.0335
0.0339
0.0325
0.0325
0.0324
0.0325
0.0325
0.0326
0.0317
0.0308
0.029
0.0287
0.0296
0.0303
0.0307
0.0311
0.0313
0.0312
0.0287
0.029
0.0292
0.0288
0.0295
0.0298
0.0291
0.0291
0.029
0.0304
0.0284
0.0302
0.0286
0.0311
0.0306
0.0305
0.0305
0.0318
0.0281
0.0285
0.0282
0.0285
0.0283
0.0289
0.0283
0.0275
0.0278
0.0276
0.0279
0.0274
0.0286
0.0281
0.0291
0.0286
0.0295
0.0286
0.0302
0.029
0.0302
0.0284
0.0275
0.0277
0.0278
0.028
0.0276
0.0273
0.0269
0.0277
0.0266
0.0262
0.0265
0.026
0.0257
0.0254
0.0253
0.0251
0.0251
0.0251
0.0251
0.0251
0.0251
0.0251
0.0251
0.0251
0.0251
0.0251
0.0251
0.0251
0.0251
0.0251
0.0251
0.0251
0.0251
0.0251
0.0251
0.0251
0.0251
0.0251
0.0251
0.0251
0.0251
0.0251
0.0251
0.0251
0.0251
0.0251
0.0251
0.0251
0.0251
0.0251
0.0251
0.0251
0.0251
0.0251
0.0251
0.0251
0.0251
0.0251
0.0251
0.0251
0.0251
0.0251
0.0251
0.0251
0.0251
0.0251
0.0251
0.0251
0.0251
0.0251
0.0251
0.0251
0.0251
0.0251
0.0251
0.0251
0.0251
0.0251
0.0251
0.0251
0.0251
0.0251
0.0251
0.0251
0.0251
0.0251
0.0251
0.0251
0.0251
0.0251
0.0251
0.0251
0.0251
