0.0251
0.2927
0.3263
0.2699
0.265
0.252
0.2376
0.2331
0.2178
0.2154
0.2076
0.1987
0.1933
0.1757
0.1757
0.1671
0.1688
0.1686
0.165
0.1651
0.1641
0.1616
0.1558
0.1551
0.1505
0.1483
0.146
0.1542
0.1481
0.1542
0.1456
0.155
0.1492
0.1493
0.145
0.1408
0.1394
0.1367
0.1359
0.132
0.1315
0.1311
0.1276
0.131
0.1277
0.123
0.1249
0.1287
0.1268
0.1213
0.1241
0.1225
0.1262
0.1178
0.117
0.1166
0.1175
0.1175
0.1088
0.1118
0.1073
0.1127
0.1051
0.1093
0.1062
0.1054
0.107
0.1055
0.1041
0.101
0.105
0.0986
0.1057
0.1031
0.1069
0.1108
0.1107
0.12
0.1188
0.1171
0.1115
0.1157
0.1118
0.115
0.1078
0.1089
0.1044
0.1015
0.1027
0.1048
0.1008
0.1043
0.1056
0.1037
0.1052
0.1051
0.1019
0.1019
0.0967
0.0984
0.099
0.0997
0.097
0.097
0.0975
0.0957
0.0988
0.1003
0.0979
0.0978
0.1001
0.1006
0.1005
0.0995
0.0993
0.1007
0.0938
0.0964
0.0942
0.0958
0.0975
0.094
0.0911
0.0909
0.0879
0.0847
0.0861
0.0874
0.0878
0.0851
0.0859
0.0871
0.0808
0.0832
0.0786
0.0792
0.0781
0.0786
0.0772
0.0784
0.0772
0.0749
0.0746
0.0738
0.07
0.0706
0.0676
0.0709
0.069
0.0706
0.0745
0.0723
0.0751
0.0774
0.0755
0.0715
0.0771
0.0748
0.0753
0.0756
0.0779
0.0755
0.0769
0.0771
0.0766
0.0815
0.0763
0.0762
0.0757
0.0758
0.0776
0.0798
0.0798
0.0818
0.0817
0.0845
0.081
0.0785
0.0804
0.0818
0.0804
0.0805
0.0776
0.0773
0.081
0.0824
0.082
0.0803
0.0794
0.076
0.0774
0.0763
0.0803
0.0789
0.0795
0.0773
0.0762
0.0786
0.0753
0.0777
0.0721
0.0761
0.07
0.0705
0.0659
0.0658
0.0651
0.0655
0.0652
0.0669
0.0662
0.0666
0.0666
0.0675
0.0636
0.0659
0.0632
0.0605
0.0597
0.0588
0.0578
0.0594
0.0609
0.0607
0.0616
0.0612
0.0637
0.0609
0.0626
0.064
0.0623
0.0625
0.0617
0.0628
0.0618
0.0645
0.0595
0.0621
0.0619
0.0594
0.0575
0.0566
0.0564
0.0564
0.0551
0.0554
0.0509
0.0517
0.048
0.0483
0.0456
0.049
0.0495
0.0503
0.0499
0.0525
0.0523
0.0528
0.0503
0.0525
0.0498
0.0526
0.0478
0.0513
0.0493
0.05
0.0496
0.051
0.0491
0.0493
0.0481
0.0481
0.0477
0.0462
0.0442
0.0429
0.0429
0.0435
0.0453
0.0436
0.0427
0.0418
0.0419
0.0419
0.0407
0.0407
0.0396
0.0397
0.0415
0.0406
0.0387
0.0401
0.0387
0.04
0.0386
0.0411
0.0397
0.0409
0.0411
0.0419
0.0384
0.0379
0.0392
0.0367
0.0373
0.0376
0.0371
0.0364
0.0367
0.0372
0.037
0.0378
0.0366
0.0366
0.0372
0.0377
0.0378
0.0374
0.0377
0.0383
0.0383
0.0384
0.0389
0.0394
0.0391
0.0382
0.0382
0.0378
0.038
0.0383
0.0376
0.0372
0.0379
0.0367
0.0374
0.036
0.0367
0.0374
0.0386
0.037
0.0381
0.037
0.0377
0.0374
0.0378
0.0374
0.0373
0.0385
0.0358
0.0361
0.0352
0.0347
0.0352
0.036
0.0361
0.0363
0.0371
0.0364
0.0367
0.0355
0.0354
0.0354
0.036
0.0364
0.0363
0.0373
0.0365
0.0373
0.0377
0.0376
0.0373
0.0377
0.0365
0.0377
0.036
0.0361
0.0358
0.0365
0.0356
0.036
0.0352
0.0351
0.0367
0.0373
0.0379
0.037
0.0375
0.0374
0.0391
0.0395
0.0396
0.0391
0.04
0.0405
0.0435
0.0421
0.0412
0.04
0.0411
0.0406
0.0384
0.0381
0.0375
0.037
0.0364
0.0366
0.0367
0.0367
0.0349
0.0355
0.0358
0.0381
0.0369
0.039
0.0393
0.0378
0.0385
0.0395
0.04
0.0392
0.0389
0.0397
0.0398
0.0399
0.039
0.0382
0.0399
0.0397
0.0409
0.0411
0.0427
0.0407
0.0409
0.0392
0.0376
0.0376
0.036
0.0363
0.0371
0.0375
0.0365
0.037
0.0374
0.0379
0.0384
0.0383
0.0389
0.0394
0.0385
0.0387
0.0393
0.0388
0.0406
0.0392
0.0387
0.0388
0.0407
0.0384
0.0407
0.0402
0.0406
0.0411
0.0408
0.041
0.0399
0.0387
0.0372
0.0364
0.036
0.0352
0.0353
0.0353
0.0348
0.036
0.0342
0.0335
0.0329
0.0333
0.0326
0.0335
0.0329
0.0333
0.0334
0.0331
0.0339
0.0337
0.0341
0.0334
0.0335
0.033
0.0344
0.0328
0.0327
0.0329
0.0329
0.0328
0.0319
0.0317
0.0316
0.0315
0.0315
0.0314
0.0314
0.0315
0.0316
0.0318
0.0321
0.0319
0.033
0.0315
0.0313
0.0317
0.031
0.032
0.0306
0.03
0.0301
0.0299
0.0299
0.0299
0.0299
0.0299
0.0299
0.0299
0.0299
0.0299
0.0299
0.0299
0.0299
0.0299
0.0299
0.0299
0.0299
0.0299
0.0299
0.0299
0.0299
0.0299
0.0299
0.0299
0.0299
0.0299
0.0299
0.0299
0.0299
0.0299
0.0299
0.0299
0.0299
0.0299
0.0299
0.0299
0.0299
0.0299
0.0299
0.0299
0.0299
0.0299
0.0299
0.0299
0.0299
0.0299
0.0299
0.0299
0.0299
0.0299
0.0299
0.0299
0.0299
0.0299
0.0299
0.0299
0.0299
0.0299
0.0299
0.0299
0.0299
0.0299
0.0299
0.0299
0.0299
0.0299
0.0299
0.0299
0.0299
0.0299
0.0299
0.0299
0.0299
0.0299
0.0299
0.0299
0.0299
0.0299
0.0299
0.0299
0.0299
0.0299
0.0299
0.0299
0.0299
0.0299
0.0299
0.0299
0.0299
0.0299
0.0299
0.0299
0.0299
0.0299
0.0299
0.0299
0.0299
0.0299
0.0299
0.0299
0.0299
0.0299
0.0299
0.0299
0.0299
0.0299
0.0299
0.0299
0.0299
0.0299
0.0299
0.0299
0.0299
0.0299
0.0299
0.0299
0.0299
0.0299
0.0299
0.0299
0.0299
0.0299
0.0299
0.0299
0.0299
0.0299
0.0299
0.0299
0.0299
0.0299
0.0299
0.0299
0.0299
0.0299
0.0299
0.0299
0.0299
0.0299
0.0299
0.0299
0.0299
0.0299
0.0299
0.0299
0.0299
0.0299
0.0299
0.0299
0.0299
0.0299
0.0299
0.0299
0.0299
0.0299
0.0299
0.0299
0.0299
0.0299
0.0299
0.0299
0.0299
0.0299
0.0299
0.0299
0.0299
0.0299
0.0299
0.0299
0.0299
0.0299
0.0299
0.0299
0.0299
0.0299
0.0299
0.0299
0.0299
0.0299
0.0299
0.0299
0.0299
0.0299
0.0299
0.0299
0.0299
0.0299
0.0299
0.0299
0.0299
0.0299
0.0299
0.0299
0.0299
0.0299
0.0299
0.0299
0.0299
0.0299
0.0299
0.0299
0.0299
0.0299
0.0299
0.0299
0.0299
0.0299
0.0299
0.0299
0.0299
0.0299
0.0299
0.0299
0.0299
0.0299
0.0299
0.0299
0.0299
0.0299
0.0299
0.0299
0.0299
0.0299
0.0299
0.0299
0.0299
0.0299
0.0299
0.0299
0.0299
0.0299
0.0299
0.0299
0.0299
0.0299
0.0299
0.0299
0.0299
0.0299
0.0299
0.0299
0.0299
0.0299
0.0299
0.0299
0.0299
0.0299
0.0299
0.0299
0.0299
0.0299
0.0299
0.0299
0.0299
0.0299
0.0299
0.0299
0.0299
0.0299
0.0299
0.0299
0.0299
0.0299
0.0299
0.0299
0.0299
0.0299
0.0299
0.0299
0.0299
0.0299
0.0299
0.0299
0.0299
0.0299
0.0299
0.0299
0.0299
0.0299
0.0299
0.0299
0.0299
0.0299
0.0299
0.0299
0.0299
0.0299
0.0299
0.0299
0.0299
0.0299
0.0299
0.0299
0.0299
0.0299
0.0299
0.0299
0.0299
0.0299
0.0299
0.0299
0.0299
0.0299
0.0299
0.0299
0.0299
0.0299
0.0299
0.0299
0.0299
0.0299
0.0299
0.0299
0.0299
0.0299
0.0299
0.0299
0.0299
0.0299
0.0299
0.0299
0.0299
0.0299
0.0299
0.0299
0.0299
0.0299
0.0299
0.0299
0.0299
0.0299
0.0299
0.0299
0.0299
0.0299
0.0299
0.0299
0.0299
0.0299
0.0299
0.0299
0.0299
0.0299
0.0299
0.0299
0.0299
0.0299
0.0299
0.0299
0.0299
0.0299
0.0299
0.0299
0.0299
0.0299
0.0299
0.0299
0.0299
0.0299
0.0299
0.0299
0.0299
0.0299
0.0299
0.0299
0.0299
0.0299
0.0299
0.0299
0.0299
0.0299
0.0299
0.0299
0.0299
0.0299
0.0299
0.0299
0.0299
0.0299
0.0299
0.0299
0.0299
0.0299
0.0299
0.0299
0.0299
0.0299
0.0299
0.0299
0.0299
0.0299
0.0299
0.0299
0.0299
0.0299
0.0299
0.0299
0.0299
0.0299
0.0299
0.0299
0.0299
0.0299
0.0299
0.0299
0.0299
0.0299
0.0299
0.0299
0.0299
0.0299
0.0299
0.0299
0.0299
0.0299
0.0299
0.0299
0.0299
0.0299
0.0299
0.0299
0.0299
0.0299
0.0299
0.0299
0.0299
0.0299
0.0299
0.0299
0.0299
0.0299
0.0299
0.0299
0.0299
0.0299
0.0299
0.0299
0.0299
0.0299
0.0299
0.0299
0.0299
0.0299
0.0299
0.0299
0.0299
0.0299
0.0299
0.0299
0.0299
0.0299
0.0299
0.0299
0.0299
0.0299
0.0299
0.0299
0.0299
0.0299
0.0299
0.0299
0.0299
0.0299
0.0299
0.0299
0.0299
0.0299
0.0299
0.0299
0.0299
0.0299
0.0299
0.0299
0.0299
0.0299
0.0299
0.0299
0.0299
0.0299
0.0299
0.0299
0.0299
0.0299
0.0299
0.0299
0.0299
