0.0299
0.292
0.338
0.2831
0.2773
0.2643
0.2581
0.2387
0.2325
0.2212
0.2213
0.2135
0.2073
0.2006
0.1957
0.1895
0.1802
0.1765
0.1675
0.1713
0.1659
0.1585
0.1584
0.1579
0.1542
0.151
0.1426
0.1511
0.1451
0.1471
0.1422
0.137
0.1407
0.1336
0.1379
0.1263
0.1324
0.1271
0.1291
0.1286
0.1252
0.1254
0.122
0.1236
0.1207
0.1199
0.1229
0.1151
0.1203
0.1172
0.1168
0.1134
0.113
0.1111
0.1109
0.1136
0.1087
0.106
0.1043
0.1054
0.099
0.0985
0.103
0.1008
0.0996
0.0977
0.0946
0.0977
0.0968
0.0952
0.095
0.0946
0.093
0.0911
0.0898
0.0926
0.0891
0.0875
0.085
0.0867
0.085
0.0853
0.0887
0.0885
0.0867
0.0855
0.0818
0.0779
0.0801
0.083
0.0843
0.0861
0.0872
0.0861
0.0829
0.0872
0.0895
0.0853
0.0857
0.0892
0.0828
0.0852
0.0836
0.0826
0.0839
0.0822
0.0808
0.0843
0.08
0.0792
0.0793
0.0821
0.0792
0.0812
0.0791
0.0788
0.0794
0.0757
0.0743
0.0742
0.0731
0.0724
0.0679
0.0718
0.0683
0.0689
0.0686
0.0706
0.0715
0.0715
0.0697
0.0697
0.0688
0.0676
0.0641
0.0676
0.0657
0.0667
0.0629
0.0676
0.0629
0.0609
0.0622
0.0641
0.0637
0.0655
0.0656
0.0656
0.0652
0.0679
0.0659
0.0649
0.0642
0.0661
0.0648
0.0645
0.0653
0.0658
0.0662
0.0653
0.0684
0.0673
0.0688
0.0699
0.0734
0.071
0.0746
0.0727
0.0716
0.0714
0.0706
0.0705
0.0729
0.0718
0.0705
0.0704
0.0695
0.0648
0.0637
0.0613
0.0588
0.0612
0.0607
0.061
0.0575
0.061
0.0588
0.0616
0.0559
0.0609
0.058
0.0595
0.0604
0.0625
0.0582
0.0594
0.0624
0.0618
0.0636
0.0622
0.0655
0.0613
0.0579
0.058
0.0547
0.0557
0.0548
0.0553
0.0538
0.0557
0.0577
0.0584
0.0611
0.0595
0.0592
0.0577
0.0578
0.0573
0.0556
0.058
0.0555
0.0567
0.057
0.0565
0.058
0.0584
0.0549
0.0589
0.0571
0.059
0.0564
0.0556
0.055
0.0553
0.0542
0.0523
0.0515
0.0523
0.0504
0.05
0.0504
0.0516
0.0516
0.0533
0.0542
0.055
0.0555
0.0584
0.0564
0.0566
0.0543
0.0531
0.0552
0.056
0.0591
0.0633
0.0572
0.0593
0.0574
0.0626
0.06
0.062
0.0579
0.0593
0.0565
0.0565
0.0549
0.0578
0.0579
0.0593
0.0575
0.0553
0.0552
0.0553
0.0574
0.0602
0.0581
0.057
0.0596
0.0601
0.0645
0.0629
0.0666
0.0674
0.0661
0.0672
0.062
0.0652
0.0621
0.0662
0.066
0.0654
0.0629
0.0618
0.0639
0.0629
0.0628
0.0608
0.063
0.0614
0.0619
0.0627
0.0643
0.0659
0.0653
0.068
0.0662
0.07
0.0683
0.0673
0.0644
0.0654
0.0658
0.0629
0.0668
0.0627
0.0636
0.0597
0.0608
0.0615
0.0603
0.0624
0.0621
0.0636
0.0642
0.0627
0.0654
0.0672
0.0687
0.0668
0.0661
0.063
0.0631
0.0613
0.0629
0.0614
0.0637
0.0622
0.0628
0.0644
0.0626
0.0618
0.0624
0.0621
0.0593
0.0591
0.0603
0.0594
0.0619
0.0576
0.0587
0.0573
0.0538
0.0552
0.0547
0.0552
0.0557
0.055
0.0548
0.0551
0.055
0.0544
0.0542
0.0539
0.055
0.0545
0.0554
0.0542
0.0572
0.0543
0.0563
0.0532
0.0557
0.0564
0.053
0.0523
0.0524
0.053
0.0487
0.0513
0.0476
0.048
0.0493
0.0502
0.0486
0.051
0.0496
0.0505
0.0464
0.0452
0.0464
0.0454
0.0458
0.0438
0.045
0.0434
0.0451
0.0422
0.0452
0.0445
0.0452
0.0436
0.0454
0.0432
0.0441
0.0413
0.0426
0.0402
0.0405
0.0424
0.0431
0.0425
0.0445
0.0422
0.0434
0.0435
0.0454
0.0469
0.0481
0.0456
0.0479
0.0478
0.0506
0.0487
0.0513
0.0514
0.0518
0.0498
0.053
0.0515
0.0505
0.0486
0.0496
0.0499
0.0506
0.0494
0.0499
0.0468
0.0495
0.0514
0.0528
0.0504
0.0518
0.0509
0.0525
0.0498
0.0509
0.0509
0.0532
0.05
0.0532
0.0498
0.0533
0.0509
0.0541
0.0524
0.0538
0.0543
0.0564
0.0558
0.0523
0.0529
0.0547
0.0536
0.0556
0.055
0.0588
0.0538
0.0546
0.0517
0.0536
0.0522
0.0508
0.0538
0.0543
0.0562
0.0574
0.0561
0.0588
0.06
0.0603
0.0606
0.0591
0.0603
0.0627
0.0627
0.0667
0.0663
0.0695
0.0665
0.0671
0.0665
0.0649
0.0678
0.0672
0.0671
0.0681
0.067
0.0681
0.064
0.0656
0.0656
0.0661
0.0653
0.0622
0.0652
0.067
0.0664
0.0666
0.0666
0.0661
0.0687
0.0696
0.0725
0.0699
0.0731
0.0721
0.07
0.0711
0.0703
0.0735
0.0735
0.0726
0.073
0.0694
0.0731
0.0699
0.072
0.0709
0.0702
0.0706
0.0712
0.0741
0.0701
0.0724
0.07
0.073
0.0699
0.0709
0.0677
0.0681
0.0668
0.0649
0.0623
0.0608
0.0576
0.0583
0.0542
0.0558
0.0547
0.0552
0.0553
0.0569
0.0571
0.0576
0.057
0.0587
0.0582
0.0577
0.0608
0.0597
0.0563
0.0571
0.056
0.0538
0.0541
0.0519
0.0519
0.0534
0.0565
0.0591
0.0585
0.0611
0.059
0.0598
0.0578
0.0592
0.0614
0.0606
0.0622
0.0587
0.0619
0.0614
0.0626
0.0615
0.0645
0.0609
0.0613
0.06
0.0635
0.0636
0.0646
0.0607
0.0602
0.0586
0.0598
0.0578
0.0585
0.0555
0.0563
0.0541
0.0582
0.0571
0.0583
0.0565
0.0606
0.0615
0.0638
0.0616
0.0646
0.0668
0.0632
0.0623
0.0624
0.0645
0.0615
0.0579
0.058
0.0586
0.0585
0.0585
0.0575
0.0592
0.0606
0.0601
0.0631
0.0639
0.0631
0.0591
0.0602
0.0602
0.062
0.0595
0.0614
0.0602
0.0608
0.0621
0.0603
0.062
0.0595
0.0613
0.0613
0.0632
0.0653
0.0643
0.0649
0.0655
0.0639
0.0624
0.0633
0.0613
0.0608
0.0594
0.0598
0.0596
0.0571
0.0545
0.0508
0.0524
0.056
0.0529
0.0542
0.0544
0.0521
0.055
0.0551
0.0589
0.0584
0.0572
0.0615
0.0575
0.0588
0.0586
0.0566
0.056
0.0584
0.0514
0.0508
0.051
0.0509
0.0505
0.0509
0.051
0.0526
0.053
0.0532
0.0532
0.0539
0.0562
0.0553
0.0546
0.0564
0.0574
0.056
0.0569
0.0558
0.0559
0.0571
0.0619
0.0579
0.0627
0.0611
0.0612
0.0615
0.0591
0.0629
0.0629
0.0646
0.0625
0.0634
0.0607
0.0643
0.063
0.0605
0.0621
0.0619
0.0624
0.0615
0.0614
0.0599
0.059
0.0597
0.0568
0.0592
0.0565
0.0587
0.0582
0.0571
0.0574
0.0587
0.06
0.0588
0.0597
0.056
0.0588
0.0603
0.0583
0.0624
0.0614
0.0613
0.0591
0.0607
0.0571
0.0575
0.0599
0.059
0.057
0.0569
0.055
0.0545
0.056
0.0554
0.0552
0.0581
0.0573
0.06
0.0587
0.0585
0.053
0.0521
0.0533
0.048
0.0487
0.0465
0.0477
0.048
0.0485
0.0523
0.05
0.055
0.051
0.0526
0.0517
0.0507
0.0489
0.0487
0.0485
0.0482
0.049
0.0482
0.0502
0.0519
0.049
0.0495
0.048
0.047
0.0462
0.0468
0.0473
0.045
0.0488
0.0495
0.05
0.053
0.0493
0.0463
0.0455
0.0474
0.0467
0.0437
0.0448
0.0445
0.044
0.0461
0.0442
0.0441
0.0457
0.045
0.0457
0.0455
0.0465
0.0448
0.046
0.046
0.0409
0.0416
0.0426
0.045
0.0442
0.0457
0.0443
0.0458
0.0449
0.0482
0.0469
0.046
0.0443
0.043
0.0446
0.0433
0.0423
0.043
0.0446
0.043
0.0469
0.0439
0.0466
0.0468
0.0482
0.0445
0.0464
0.0466
0.0513
0.0473
0.0489
0.0497
0.0503
0.0512
0.0518
0.0532
0.0525
0.0522
0.0539
0.0523
0.0538
0.051
0.0486
0.0501
0.0492
0.0502
0.0491
0.0517
0.0494
0.0529
0.0514
0.0543
0.0513
0.0526
0.0509
0.0516
0.0528
0.0569
0.0513
0.0511
0.0492
0.0496
0.0474
0.0472
0.0469
0.0465
0.0446
0.0454
0.0431
0.0415
0.0428
0.0427
0.0441
0.0415
0.0427
0.0434
0.0397
0.0398
0.0389
0.0396
0.0382
0.0403
0.0396
0.043
0.043
0.0444
0.0414
0.042
0.0426
0.0421
0.0419
0.0399
0.041
0.0397
0.0392
0.0373
0.038
0.0374
0.0382
0.038
0.0382
0.0385
0.0384
0.0385
0.0392
0.04
0.0396
0.0406
0.0419
0.044
0.042
0.0439
0.0413
0.0412
0.0408
0.0403
0.0412
0.0411
0.0426
0.041
0.0405
0.0429
0.0408
0.0418
0.0435
0.0423
0.0424
0.0411
0.0414
0.0406
0.0406
0.041
0.041
0.0398
0.0387
0.0393
0.039
0.0399
0.0381
0.0377
0.0369
0.0368
0.0371
0.0385
0.0364
0.0369
0.0382
0.0363
0.0384
0.0352
0.0337
0.0365
0.034
0.0352
0.0346
0.0341
0.0336
0.0342
0.0355
0.0355
0.0351
0.0329
0.0322
0.0324
0.0318
0.0331
0.032
0.0324
0.0314
0.0325
0.0328
0.0338
0.0336
0.0339
0.0326
0.0338
0.0326
0.0314
0.0325
0.0316
0.0311
0.0308
0.0315
0.0316
0.0311
0.0333
0.0322
