0.0335
0.296
0.3407
0.2795
0.2798
0.2564
0.2531
0.2342
0.2392
0.2261
0.2175
0.2154
0.2083
0.1961
0.1941
0.1946
0.1905
0.1818
0.1854
0.1816
0.1773
0.1767
0.169
0.175
0.1759
0.1714
0.1712
0.1682
0.1657
0.1621
0.1673
0.1559
0.164
0.1586
0.154
0.1562
0.148
0.1454
0.1454
0.138
0.1408
0.1408
0.142
0.1432
0.1328
0.1417
0.1343
0.1389
0.1349
0.1291
0.1286
0.1301
0.1311
0.1307
0.1284
0.1284
0.126
0.1285
0.1257
0.1256
0.1184
0.123
0.1232
0.122
0.1189
0.1208
0.1226
0.1259
0.1226
0.1303
0.1225
0.1236
0.1215
0.1181
0.1198
0.1176
0.1184
0.1151
0.1167
0.1107
0.1111
0.1072
0.1105
0.1086
0.1066
0.1088
0.1091
0.1126
0.1068
0.1076
0.1083
0.1087
0.1064
0.1106
0.1012
0.1057
0.1029
0.1073
0.1066
0.101
0.1026
0.1058
0.0999
0.099
0.0997
0.0974
0.0972
0.0998
0.1005
0.0984
0.0995
0.0944
0.0975
0.0963
0.0962
0.0975
0.0958
0.0993
0.1012
0.0951
0.1014
0.0973
0.0978
0.0942
0.093
0.0919
0.0915
0.0915
0.0911
0.0884
0.0887
0.0849
0.0865
0.086
0.0839
0.0804
0.0787
0.0758
0.0749
0.0751
0.076
0.0797
0.0796
0.0771
0.0827
0.0792
0.0785
0.0823
0.0802
0.0811
0.0806
0.08
0.0786
0.0798
0.0786
0.0757
0.0775
0.0729
0.0733
0.071
0.0714
0.0713
0.0702
0.0704
0.07
0.0704
0.0751
0.0755
0.0733
0.0749
0.074
0.0759
0.0765
0.0768
0.0802
0.083
0.0825
0.0798
0.0794
0.0844
0.0795
0.079
0.0836
0.0888
0.0924
0.0908
0.0954
0.0966
0.0942
0.0952
0.0933
0.0944
0.0888
0.0864
0.0838
0.0842
0.0823
0.0841
0.0816
0.0791
0.0796
0.076
0.0756
0.0733
0.0741
0.0767
0.0748
0.077
0.0747
0.0734
0.0723
0.0736
0.0679
0.0745
0.0694
0.0694
0.0697
0.0671
0.0653
0.0633
0.0601
0.0642
0.0593
0.0597
0.0584
0.0556
0.0533
0.052
0.0526
0.0515
0.0496
0.0499
0.0506
0.0491
0.0483
0.0489
0.0495
0.0466
0.0484
0.0461
0.0433
0.0442
0.0447
0.0445
0.0444
0.0447
0.0454
0.0443
0.0421
0.0436
0.0414
0.0426
0.0423
0.043
0.0422
0.042
0.0425
0.0425
0.0416
0.0398
0.0429
0.0416
0.0421
0.0414
0.0438
0.0443
0.0436
0.0447
0.0442
0.0442
0.0449
0.0448
0.0419
0.0435
0.0413
0.0429
0.0429
0.0415
0.0433
0.0438
0.0422
0.0434
0.0428
0.0408
0.0396
0.0406
0.0398
0.0414
0.0401
0.04
0.0414
0.0394
0.0382
0.0385
0.0372
0.0387
0.0382
0.0375
0.0394
0.039
0.039
0.0406
0.0415
0.038
0.0386
0.0378
0.0403
0.0392
0.0386
0.0378
0.0371
0.0388
0.0378
0.0396
0.0374
0.0381
0.0367
0.0366
0.0382
0.0371
0.0383
0.0356
0.0376
0.0356
0.0363
0.0363
0.0385
0.0378
0.0396
0.0377
0.0384
0.0367
0.0414
0.0361
0.0371
0.0363
0.0359
0.0372
0.037
0.038
0.0381
0.0383
0.0398
0.0388
0.0392
0.037
0.0389
0.0383
0.0409
0.0396
0.042
0.0388
0.0395
0.0377
0.0386
0.0385
0.0375
0.0386
0.0377
0.0381
0.037
0.0382
0.0378
0.0391
0.0368
0.0367
0.0359
0.035
0.0362
0.0357
0.0344
0.0367
0.0351
0.0361
0.0363
0.037
0.0344
0.0337
0.0344
0.035
0.0347
0.0331
0.0349
0.0326
0.0338
0.032
0.031
0.0298
0.0302
0.0303
0.0301
0.0309
0.0294
0.0303
0.0303
0.0312
0.0307
0.0323
0.0316
0.0328
0.0324
0.0332
0.0311
0.0301
0.0303
0.0287
0.0285
0.0283
0.0291
0.0292
0.0305
0.0307
0.0313
0.0323
0.0332
0.0319
0.0331
0.0337
0.0336
0.0339
0.034
0.0355
0.0354
0.035
0.0336
0.0346
0.035
0.0349
0.0344
0.0349
0.0352
0.0349
0.0349
0.0334
0.033
0.0336
0.0337
0.0342
0.036
0.0343
0.0363
0.0353
0.0385
0.0346
0.0342
0.0347
0.0362
0.0362
0.0374
0.0374
0.0387
0.037
0.0374
0.0367
0.0372
0.0376
0.0384
0.0382
0.0367
0.0396
0.0364
0.0362
0.0375
0.0357
0.0367
0.0365
0.0368
0.0391
0.0393
0.0426
0.0408
0.0449
0.0423
0.0417
0.0392
0.0384
0.0381
0.0373
0.0362
0.0362
0.0366
0.0387
0.0365
0.0401
0.0391
0.0437
0.0413
0.0422
0.0429
0.0414
0.0426
0.0407
0.0415
0.042
0.0436
0.0448
0.0417
0.0436
0.0405
0.0414
0.0411
0.0414
0.0424
0.0437
0.0412
0.0417
0.041
0.0394
0.0381
0.0387
0.0386
0.0382
0.0387
0.0389
0.0398
0.0395
0.0408
0.0402
0.0384
0.0415
0.0379
0.0403
0.0394
0.042
0.0407
0.0432
0.0412
0.0403
0.0396
0.0402
0.0392
0.0372
0.038
0.0368
0.0376
0.0376
0.0387
0.0384
0.0384
0.0385
0.0393
0.0378
0.0391
0.0364
0.0374
0.0354
0.0365
0.0367
0.0369
0.0368
0.0373
0.036
0.0375
0.0381
0.0388
0.0394
0.0381
0.0383
0.0393
0.037
0.0382
0.0371
0.0381
0.0368
0.0394
0.0372
0.0381
0.0362
0.0376
0.0385
0.0398
0.0411
0.042
0.0419
0.0426
0.0436
0.0442
0.0427
0.0454
0.0427
0.0445
0.0401
0.0404
0.04
0.0394
0.0394
0.041
0.0395
0.0405
0.038
0.0386
0.0393
0.041
0.04
0.04
0.0404
0.0421
0.0431
0.0414
0.0417
0.042
0.0453
0.0447
0.0473
0.0437
0.0413
0.0409
0.0414
0.0419
0.0414
0.0402
0.0409
0.0412
0.0426
0.0431
0.0413
0.042
0.0428
0.043
0.0436
0.0413
0.0409
0.0407
0.0404
0.0409
0.0406
0.0392
0.0384
0.0371
0.0368
0.0366
0.037
0.0378
0.0396
0.039
0.0406
0.0395
0.04
0.0393
0.0402
0.0404
0.0406
0.0411
0.0403
0.0395
0.0395
0.0395
0.0388
0.0382
0.0376
0.0382
0.0389
0.0408
0.0394
0.0396
0.0393
0.0402
0.0387
0.0397
0.0394
0.0407
0.0396
0.0389
0.0399
0.0402
0.0406
0.0413
0.0415
0.0407
0.0433
0.0406
0.0419
0.043
0.0426
0.0409
0.0429
0.0429
0.0467
0.0423
0.0454
0.0416
0.0411
0.0402
0.0415
0.041
0.0402
0.0407
0.0392
0.0418
0.0395
0.0412
0.041
0.0406
0.0418
0.0413
0.0408
0.0418
0.0387
0.0382
0.0387
0.0394
0.0393
0.0397
0.0394
0.0392
0.0367
0.0388
0.0377
0.0391
0.0388
0.0399
0.0396
0.0374
0.0393
0.0398
0.0419
0.039
0.042
0.0397
0.0403
0.0398
0.0399
0.0382
0.0375
0.0371
0.0342
0.0351
0.0341
0.0356
0.0354
0.0372
0.0375
0.039
0.0401
0.0409
0.0393
0.0394
0.0391
0.0423
0.0381
0.0399
0.0379
0.0367
0.0367
0.0365
0.0375
0.0378
0.037
0.0353
0.0355
0.0363
0.0375
0.0355
0.0371
0.037
0.035
0.036
0.0364
0.037
0.0341
0.0352
0.033
0.0327
0.0321
0.0334
0.0318
0.0319
0.0321
0.0325
0.0326
0.0322
0.0338
0.0343
0.0355
0.0358
0.0349
0.0364
0.0351
0.0357
0.0347
0.0348
0.0354
0.0341
0.034
0.0334
0.0332
0.0333
0.0334
0.0337
0.0342
0.0337
0.0333
0.0327
0.0333
0.0324
0.0319
0.0323
0.0329
0.0343
0.0339
0.0336
0.0319
0.0328
0.0328
0.0337
0.0325
0.032
0.032
0.0325
0.033
0.0327
0.0339
0.034
0.0328
0.0341
0.0327
0.0335
0.0345
0.0348
0.0352
0.0358
0.0379
0.0369
0.0379
0.0376
0.0374
0.0368
0.0383
0.039
0.0374
0.0376
0.0382
0.0368
0.0366
0.0373
0.0381
0.0374
0.0362
0.0373
0.0376
0.038
0.0373
0.0393
0.0384
0.0378
0.0371
0.0368
0.0384
0.0365
0.0377
0.0373
0.0399
0.0376
0.0376
0.0376
0.0373
0.0361
0.0356
0.0365
0.0359
0.0373
0.0353
0.0343
0.0341
0.0342
0.0346
0.0335
0.0347
0.033
0.0325
0.0328
0.0329
0.0328
0.0335
0.0336
0.0333
0.0329
0.0343
0.0336
0.0354
0.035
0.0349
0.0368
0.0368
0.0394
0.0362
0.0374
0.0361
0.0367
0.036
0.0351
0.0346
0.0352
0.0347
0.0358
0.036
0.0369
0.0365
0.0367
0.0387
0.0359
0.0348
0.0356
0.0349
0.0358
0.0373
0.0385
0.0372
0.0379
0.0372
0.0377
0.0373
0.0385
0.0378
0.0366
0.0376
0.0382
0.0379
0.0387
0.0371
0.0385
0.0382
0.0381
0.0388
0.0377
0.0389
0.0377
0.0394
0.0383
0.0397
0.0389
0.0412
0.0387
0.0395
0.0384
0.0385
0.0388
0.0389
0.0372
0.0373
0.037
0.0375
0.0376
0.0375
0.0373
0.0376
0.0389
0.0382
0.0388
0.0387
0.0382
0.0401
0.0401
0.0411
0.0403
0.0407
0.0411
0.0396
0.0393
0.039
0.0382
0.0396
0.0377
0.0371
0.0374
0.0368
0.0362
0.0361
0.0372
0.0355
0.0367
0.0367
0.0383
0.0376
0.0385
0.0386
0.0397
0.0416
0.04
0.0414
0.0416
0.0432
0.0421
0.0438
0.0405
0.0398
0.0387
0.0388
0.0403
0.0413
0.0411
0.0419
0.0416
0.0414
0.043
0.0411
0.0432
0.0418
0.0403
0.0406
0.0409
