0.0414
0.2971
0.349
0.2896
0.2937
0.2766
0.2558
0.2565
0.2434
0.2377
0.2308
0.2264
0.2197
0.2031
0.201
0.1982
0.1921
0.188
0.1856
0.1804
0.1791
0.1732
0.1732
0.1675
0.1547
0.1625
0.1589
0.1552
0.1515
0.1578
0.1575
0.1582
0.16
0.162
0.1532
0.1587
0.1552
0.1548
0.1516
0.1462
0.1478
0.1454
0.1474
0.1524
0.1532
0.1449
0.1525
0.1519
0.1509
0.1469
0.1488
0.1438
0.1347
0.1383
0.1412
0.1441
0.1376
0.1308
0.1335
0.1275
0.1251
0.1285
0.1279
0.1265
0.1251
0.1204
0.1221
0.1186
0.1271
0.119
0.1231
0.1199
0.1251
0.1219
0.1206
0.1212
0.1168
0.1177
0.1131
0.1134
0.1112
0.1155
0.1143
0.1207
0.1215
0.123
0.1222
0.1185
0.1202
0.1241
0.122
0.1209
0.119
0.1156
0.1165
0.1177
0.1149
0.1163
0.1091
0.1083
0.1053
0.104
0.1015
0.1062
0.1112
0.116
0.1145
0.1146
0.1139
0.1142
0.1062
0.1068
0.1017
0.1062
0.0986
0.0992
0.0956
0.0943
0.0954
0.0919
0.0921
0.0935
0.0924
0.0918
0.0897
0.0943
0.0961
0.0939
0.092
0.0961
0.0992
0.0974
0.0989
0.0958
0.0953
0.0954
0.0918
0.0935
0.0934
0.0954
0.0899
0.0925
0.0931
0.093
0.0939
0.0888
0.0891
0.0878
0.0923
0.0902
0.0916
0.0869
0.0893
0.0826
0.0837
0.0826
0.0835
0.0793
0.082
0.0802
0.0783
0.0807
0.079
0.078
0.0842
0.0811
0.0789
0.0827
0.0797
0.081
0.0766
0.0775
0.0782
0.0809
0.0807
0.0819
0.0863
0.0794
0.0842
0.0814
0.0821
0.0787
0.0821
0.0799
0.0837
0.0797
0.0845
0.0823
0.0843
0.0869
0.0893
0.087
0.0851
0.0874
0.0899
0.0883
0.0907
0.0926
0.0899
0.0886
0.0841
0.0829
0.0787
0.0772
0.0776
0.0716
0.0741
0.0709
0.0698
0.0721
0.0678
0.0672
0.0623
0.0619
0.06
0.0623
0.0597
0.0612
0.0594
0.0575
0.0599
0.0599
0.0588
0.0588
0.0571
0.0575
0.0544
0.0545
0.0579
0.054
0.0567
0.0541
0.0548
0.0545
0.0589
0.0574
0.0564
0.0563
0.0564
0.0577
0.0572
0.0558
0.0537
0.0548
0.0559
0.0557
0.0555
0.0569
0.0566
0.0559
0.0577
0.0574
0.0564
0.0557
0.0556
0.0548
0.0538
0.0576
0.0558
0.0612
0.0606
0.0585
0.0575
0.0594
0.06
0.0647
0.0619
0.0656
0.0628
0.0682
0.0651
0.0662
0.0645
0.0619
0.0606
0.057
0.059
0.0575
0.0592
0.0621
0.0647
0.0675
0.0702
0.0667
0.069
0.067
0.0678
0.0658
0.0678
0.0705
0.0695
0.0718
0.0678
0.0697
0.0705
0.0679
0.0738
0.0731
0.0768
0.0755
0.0779
0.0735
0.0748
0.0773
0.0801
0.0811
0.0808
0.0838
0.0807
0.0786
0.0803
0.0776
0.0803
0.0816
0.0834
0.0832
0.0771
0.0786
0.0782
0.0806
0.079
0.0791
0.079
0.0801
0.0803
0.0792
0.0794
0.0772
0.0777
0.0744
0.0771
0.0745
0.074
0.0714
0.0734
0.0757
0.0786
0.0791
0.0808
0.0778
0.0799
0.0804
0.0831
0.0759
0.0784
0.0765
0.079
0.0803
0.0869
0.0837
0.085
0.0815
0.0828
0.0864
0.0879
0.0897
0.0913
0.0921
0.0871
0.0879
0.0868
0.0849
0.0798
0.0843
0.0825
0.0876
0.086
0.089
0.0887
0.0879
0.0869
0.0856
0.0877
0.0832
0.0881
0.0897
0.0881
0.0832
0.0841
0.0818
0.0865
0.0814
0.0787
0.0831
0.0822
0.0821
0.0838
0.0853
0.0855
0.0859
0.0866
0.0864
0.086
0.0843
0.0872
0.0815
0.081
0.0802
0.0784
0.0806
0.0755
0.0798
0.0734
0.0776
0.0741
0.0744
0.0766
0.073
0.0764
0.0786
0.0758
0.0781
0.0744
0.0755
0.0744
0.0736
0.0734
0.074
0.0751
0.0758
0.0792
0.0797
0.0803
0.0819
0.0807
0.0801
0.0787
0.0812
0.0815
0.0829
0.0806
0.0866
0.084
0.0852
0.0824
0.083
0.0787
0.0779
0.0746
0.0742
0.075
0.0754
0.0725
0.0767
0.0754
0.0727
0.0744
0.0684
0.0717
0.0698
0.0712
0.0699
0.0718
0.077
0.0793
0.0705
0.0722
0.0739
0.0726
0.0679
0.0669
0.0662
0.0675
0.0683
0.0685
0.0651
0.0659
0.0642
0.0676
0.0672
0.067
0.0667
0.067
0.0695
0.0711
0.0722
0.0693
0.0712
0.0693
0.07
0.0696
0.0719
0.0685
0.0728
0.0723
0.0695
0.0697
0.0714
0.0712
0.0724
0.0684
0.0684
0.0693
0.0738
0.0681
0.0712
0.068
0.0692
0.0681
0.0695
0.0667
0.0666
0.0652
0.0621
0.0653
0.0606
0.0627
0.0613
0.0622
0.0617
0.0635
0.0632
0.0674
0.07
0.0692
0.0671
0.0708
0.0683
0.0727
0.072
0.0725
0.0692
0.0715
0.0702
0.071
0.0728
0.0696
0.0698
0.0715
0.073
0.0756
0.076
0.073
0.0771
0.0735
0.0711
0.0735
0.0735
0.0728
0.0753
0.0733
0.0698
0.073
0.0742
0.074
0.0727
0.0719
0.0687
0.0696
0.0728
0.0704
0.0684
0.066
0.0669
0.0667
0.0697
0.0676
0.0709
0.0702
0.0667
0.0646
0.063
0.0623
0.0641
0.0633
0.0602
0.0629
0.062
0.0646
0.063
0.067
0.0641
0.0635
0.0633
0.0649
0.0629
0.0634
0.065
0.0664
0.0648
0.0672
0.0646
0.066
0.0629
0.0651
0.0618
0.0631
0.0652
0.0667
0.0663
0.0693
0.0672
0.0654
0.0675
0.0678
0.0672
0.0657
0.0641
0.0626
0.0599
0.0618
0.0594
0.0607
0.0599
0.063
0.0609
0.0625
0.0626
0.064
0.0653
0.0668
0.0672
0.0654
0.0668
0.0644
0.0651
0.067
0.0627
0.0649
0.0615
0.0632
0.0599
0.0609
0.0623
0.0622
0.0607
0.0599
0.059
0.0616
0.0587
0.0584
0.0585
0.06
0.0585
0.0598
0.0576
0.0578
0.0575
0.0589
0.0588
0.0556
0.0562
0.0554
0.0538
0.0538
0.0551
0.0555
0.0555
0.058
0.0578
0.0567
0.0571
0.0536
0.0529
0.0513
0.0556
0.0532
0.0552
0.0553
0.0552
0.0554
0.0561
0.0555
0.0575
0.0578
0.061
0.0594
0.0617
0.0638
0.0616
0.0636
0.0649
0.0684
0.0682
0.0718
0.0681
0.0654
0.0616
0.0612
0.0618
0.0609
0.0605
0.0561
0.0558
0.055
0.0528
0.0548
0.0537
0.055
0.0559
0.0547
0.0542
0.056
0.0579
0.0587
0.0583
0.0575
0.0566
0.0567
0.0568
0.0583
0.0564
0.057
0.0587
0.054
0.0549
0.0541
0.0591
0.0548
0.0536
0.0544
0.052
0.0517
0.0518
0.0507
0.0513
0.0497
0.0493
0.047
0.0497
0.0486
0.0515
0.0508
0.0535
0.0524
0.0498
0.0482
0.0477
0.0485
0.0496
0.0506
0.0512
0.0539
0.0526
0.0572
0.053
0.055
0.0547
0.0528
0.0541
0.0499
0.0495
0.0499
0.0517
0.0545
0.0568
0.0568
0.0558
0.0561
0.0516
0.0521
0.0498
0.0502
0.0522
0.0514
0.0515
0.0501
0.0521
0.0512
0.0512
0.0539
0.0499
0.0503
0.0503
0.0499
0.0522
0.05
0.0534
0.0554
0.0592
0.0582
0.0596
0.0605
0.0601
0.0606
0.0611
0.0625
0.0651
0.0634
0.0642
0.0681
0.0655
0.0683
0.0675
0.0684
0.0667
0.0654
0.0663
0.0659
0.0666
0.0668
0.0667
0.0655
0.0679
0.0669
0.0647
0.0626
0.0634
0.0611
0.0624
0.0609
0.0645
0.06
0.0589
0.0574
0.0571
0.0558
0.0557
0.0585
0.0543
0.0542
0.0546
0.0542
0.0572
0.0574
0.0596
0.0579
0.0609
0.0576
0.0588
0.0576
0.0618
0.0607
0.0614
0.06
0.059
0.0612
0.0575
0.0612
0.0595
0.0594
0.0576
0.0584
0.0565
0.0571
0.0552
0.0596
0.0587
0.0577
0.0567
0.0547
0.0537
0.0547
0.0554
0.0554
0.057
0.0573
0.0593
0.0564
0.0584
0.0612
0.063
0.063
0.0616
0.0645
0.0625
0.0628
0.0634
0.0638
0.0644
0.0621
0.0644
0.067
0.0646
0.0672
0.0608
0.0633
0.065
0.0642
0.0637
0.0623
0.0631
0.0629
0.0585
0.0622
0.0595
0.0626
0.0605
0.0613
0.0616
0.0601
0.0628
0.0637
0.0667
0.0654
0.0651
0.0688
0.0659
0.0645
0.0659
0.0682
0.0668
0.0692
0.0665
0.0682
0.067
0.0657
0.0675
0.065
0.0638
0.0619
0.0624
0.0624
0.0628
0.0623
0.0651
0.0619
0.0598
0.0613
0.06
0.0606
0.0588
0.061
0.0614
0.0621
0.0635
0.0618
0.0601
0.0585
0.06
0.0601
0.0611
0.0603
0.0586
0.0612
0.0606
0.0601
0.0589
0.0609
0.059
0.0629
0.0639
0.0654
0.0659
0.0665
0.0712
0.0666
0.0708
0.0709
0.0678
0.0656
0.0657
0.0661
0.0675
0.0659
0.0655
0.0668
0.0656
0.0682
0.0681
0.0668
0.0682
0.0648
0.0684
0.0653
0.0646
0.0629
0.0639
0.0631
0.066
0.0597
0.0636
0.0595
0.0625
0.0624
0.0659
0.0643
0.0677
0.0643
0.0647
0.0652
0.0642
0.0666
0.0631
0.0638
0.0637
0.0662
0.0669
0.066
0.0675
0.0688
0.0676
0.0683
0.0652
0.0691
0.0644
0.0645
0.0639
0.0617
0.0627
0.0614
0.061
0.063
0.0626
0.0602
0.0635
0.0606
0.0628
0.0605
0.0611
0.0602
