0.0587
0.299
0.3411
0.2883
0.2818
0.2762
0.2595
0.253
0.2496
0.2449
0.2344
0.2261
0.2218
0.2017
0.2031
0.1891
0.1853
0.1846
0.1755
0.1778
0.1725
0.1698
0.1518
0.1572
0.1552
0.1498
0.1511
0.1477
0.1492
0.1458
0.1488
0.1461
0.144
0.144
0.1367
0.1418
0.1384
0.1423
0.1427
0.1399
0.1354
0.1367
0.131
0.1347
0.1333
0.1271
0.1291
0.1295
0.1216
0.1221
0.1134
0.1094
0.1142
0.1128
0.1085
0.1056
0.1088
0.104
0.1052
0.1054
0.1054
0.1059
0.1094
0.1098
0.1041
0.1044
0.1051
0.104
0.1038
0.1034
0.1015
0.0988
0.0967
0.0962
0.0943
0.0966
0.097
0.0956
0.094
0.0929
0.0948
0.0963
0.0934
0.0933
0.091
0.0917
0.0926
0.0886
0.0885
0.0916
0.0885
0.0936
0.09
0.094
0.0901
0.0899
0.0909
0.0957
0.0961
0.098
0.0973
0.0952
0.0972
0.098
0.0973
0.0994
0.0977
0.1015
0.0996
0.1022
0.0981
0.0984
0.0976
0.0989
0.1025
0.0978
0.0982
0.1016
0.1004
0.1036
0.1024
0.1043
0.1003
0.1001
0.1019
0.0992
0.0952
0.0931
0.094
0.0997
0.0989
0.1013
0.0991
0.0983
0.0989
0.098
0.0948
0.0977
0.0956
0.096
0.0944
0.0955
0.0968
0.0972
0.0937
0.092
0.0883
0.0917
0.0838
0.0846
0.0801
0.0787
0.0761
0.0761
0.0803
0.0758
0.0794
0.0753
0.0745
0.0732
0.0762
0.0757
0.077
0.0736
0.0757
0.0753
0.0788
0.0766
0.0786
0.0807
0.0801
0.0836
0.0795
0.0807
0.0841
0.0832
0.0831
0.0804
0.0776
0.0784
0.0774
0.074
0.075
0.0808
0.0726
0.0754
0.0736
0.0734
0.073
0.0726
0.0748
0.0746
0.0751
0.0768
0.077
0.0766
0.0744
0.0756
0.0738
0.078
0.0722
0.075
0.0731
0.0758
0.0764
0.0764
0.0748
0.0754
0.0778
0.0768
0.0771
0.0812
0.0809
0.0804
0.0825
0.0837
0.0852
0.0832
0.0813
0.0818
0.08
0.0826
0.0757
0.0735
0.0726
0.0719
0.075
0.0738
0.0765
0.079
0.0755
0.0786
0.0783
0.0756
0.0771
0.0785
0.0792
0.078
0.0734
0.0775
0.0724
0.0761
0.0714
0.0708
0.0725
0.0713
0.0715
0.0691
0.0682
0.067
0.0643
0.0619
0.0605
0.0589
0.059
0.0575
0.0601
0.0576
0.059
0.0568
0.0575
0.0578
0.0542
0.0563
0.0546
0.055
0.0549
0.0559
0.0564
0.0568
0.0571
0.0578
0.0582
0.0575
0.0598
0.0596
0.0602
0.0613
0.0616
0.0601
0.0599
0.0584
0.0609
0.0609
0.0621
0.0591
0.0599
0.0599
0.0624
0.062
0.0639
0.0617
0.0631
0.0639
0.0649
0.0667
0.0642
0.0635
0.0678
0.0678
0.0642
0.0634
0.0635
0.063
0.0626
0.0606
0.0617
0.0607
0.0642
0.0641
0.0695
0.0668
0.0699
0.0672
0.0657
0.0656
0.0667
0.0654
0.0646
0.0651
0.0662
0.065
0.066
0.0661
0.0687
0.0658
0.0676
0.0687
0.0697
0.0684
0.0713
0.0698
0.0683
0.0666
0.0681
0.0667
0.0686
0.0672
0.0696
0.0674
0.0675
0.0677
0.0685
0.0645
0.0652
0.0634
0.0631
0.0642
0.0673
0.0662
0.0674
0.0667
0.0659
0.0639
0.0632
0.0628
0.0616
0.0623
0.0622
0.0622
0.0625
0.0645
0.0633
0.0639
0.0635
0.0637
0.0636
0.0653
0.0632
0.0633
0.0636
0.0633
0.0661
0.0629
0.0639
0.0621
0.0622
0.0591
0.057
0.0536
0.0535
0.0506
0.0507
0.0512
0.0491
0.0485
0.0479
0.0476
0.0486
0.0486
0.0492
0.0482
0.0513
0.05
0.0506
0.0486
0.0464
0.0446
0.0433
0.0437
0.0442
0.0464
0.0451
0.045
0.0454
0.0456
0.0468
0.0454
0.0474
0.0456
0.0482
0.0457
0.0458
0.0488
0.0484
0.048
0.0493
0.0507
0.0516
0.051
0.0488
0.0492
0.0508
0.051
0.053
0.0516
0.0533
0.0528
0.0556
0.0534
0.0548
0.0533
0.0523
0.0547
0.0547
0.0556
0.0572
0.057
0.0522
0.0553
0.0541
0.0554
0.0529
0.0539
0.0531
0.0524
0.056
0.0522
0.0554
0.0548
0.0563
0.0545
0.0561
0.0571
0.0548
0.0544
0.055
0.0559
0.0527
0.0542
0.0548
0.0554
0.0561
0.0551
0.0555
0.0538
0.0577
0.0558
0.0563
0.0569
0.0581
0.0581
0.0606
0.0611
0.0562
0.0541
0.0544
0.0529
0.0518
0.0513
0.0531
0.0541
0.0518
0.0525
0.0521
0.0528
0.0536
0.054
0.0553
0.0559
0.057
0.0553
0.0577
0.056
0.0533
0.0549
0.0543
0.0543
0.0561
0.0548
0.0557
0.057
0.0569
0.0557
0.0587
0.0575
0.0602
0.0614
0.0608
0.0578
0.0569
0.0546
0.0564
0.0569
0.0553
0.0548
0.057
0.054
0.0547
0.0521
0.056
0.0547
0.0543
0.056
0.0547
0.0544
0.0563
0.0582
0.0586
0.0589
0.0605
0.0594
0.0568
0.0572
0.0553
0.0549
0.0532
0.0524
0.0565
0.0543
0.0528
0.0552
0.0563
0.0565
0.0594
0.0601
0.0577
0.0595
0.0608
0.0578
0.0579
0.0569
0.0577
0.0562
0.0576
0.0543
0.0555
0.0576
0.059
0.0603
0.0599
0.0571
0.0553
0.0527
0.0518
0.0535
0.0502
0.0513
0.0539
0.0539
0.0547
0.0543
0.0567
0.0586
0.0607
0.0614
0.0594
0.0588
0.0598
0.0612
0.0604
0.0579
0.0584
0.0573
0.0583
0.0581
0.0554
0.055
0.055
0.0553
0.0551
0.0554
0.057
0.057
0.058
0.0594
0.0574
0.057
0.056
0.0564
0.0565
0.0552
0.0555
0.0566
0.0566
0.0572
0.0566
0.058
0.0568
0.057
0.0576
0.0569
0.0565
0.0565
0.0551
0.0549
0.0535
0.0551
0.0531
0.0532
0.0539
0.0544
0.0586
0.0548
0.0539
0.0556
0.0534
0.0536
0.0544
0.0583
0.0538
0.0549
0.0537
0.0542
0.0531
0.052
0.0554
0.0541
0.0544
0.0539
0.0556
0.0565
0.056
0.0582
0.0569
0.0546
0.0553
0.0584
0.0585
0.0561
0.0571
0.0553
0.0579
0.0572
0.0589
0.0572
0.0606
0.056
0.0577
0.0586
0.0597
0.0608
0.0605
0.0604
0.0626
0.0628
0.0616
0.0621
0.0593
0.0579
0.0582
0.0572
0.0571
0.0562
0.0568
0.0567
0.0566
0.0562
0.0558
0.0575
0.0561
0.0566
0.0578
0.0592
0.0578
0.0584
0.0572
0.0582
0.0592
0.0595
0.0612
0.0602
0.0582
0.057
0.056
0.0542
0.0545
0.053
0.0541
0.0552
0.0554
0.0574
0.0589
0.0598
0.0612
0.0623
0.0604
0.0597
0.059
0.0596
0.0601
0.0587
0.0605
0.0597
0.0609
0.0612
0.0625
0.0633
0.0637
0.0658
0.0632
0.0672
0.0661
0.065
0.066
0.0673
0.0684
0.0681
0.0679
0.0672
0.0668
0.0669
0.0669
0.0683
0.0638
0.0681
0.0636
0.0635
0.0629
0.0626
0.0611
0.0611
0.059
0.0583
0.0568
0.0548
0.0531
0.0508
0.0506
0.0507
0.0484
0.0497
0.0507
0.0475
0.0504
0.0489
0.05
0.0496
0.0517
0.0547
0.0535
0.0597
0.056
0.0545
0.0557
0.0541
0.0546
0.0537
0.0539
0.0526
0.0509
0.052
0.0508
0.0527
0.0515
0.0542
0.0536
0.0559
0.0537
0.0522
0.0504
0.0519
0.0498
0.0502
0.0518
0.0486
0.0495
0.0481
0.0458
0.0459
0.0483
0.0473
0.0492
0.0492
0.0458
0.0457
0.0456
0.0462
0.0456
0.046
0.0459
0.0457
0.0467
0.0441
0.0456
0.0473
0.0462
0.0469
0.0486
0.0482
0.0469
0.0475
0.0466
0.0462
0.0489
0.0461
0.0475
0.0476
0.0446
0.0476
0.0478
0.0495
0.0485
0.0499
0.0469
0.0455
0.0461
0.0446
0.0444
0.0435
0.045
0.0436
0.0453
0.0424
0.0432
0.0426
0.0426
0.0395
0.0376
0.0376
0.0381
0.0375
0.0381
0.0385
0.0392
0.039
0.0373
0.039
0.0384
0.0395
0.0401
0.0403
0.04
0.04
0.0392
0.0386
0.0391
0.0409
0.0391
0.0398
0.0404
0.0384
0.0364
0.0356
0.0368
0.0363
0.0368
0.038
0.0371
0.0372
0.0372
0.0389
0.0372
0.037
0.0372
0.0357
0.0355
0.0361
0.0359
0.0341
0.0348
0.0346
0.0352
0.0343
0.034
0.0357
0.0357
0.0369
0.0361
0.0381
0.0377
0.0397
0.0375
0.0364
0.0358
0.0353
0.0355
0.0359
0.0372
0.0386
0.0396
0.0399
0.0409
0.0405
0.042
0.0413
0.0413
0.0421
0.042
0.042
0.0429
0.0439
0.043
0.0422
0.0424
0.0431
0.0441
0.0439
0.0446
0.0457
0.0459
0.0455
0.0471
0.0453
0.0469
0.0439
0.0441
0.044
0.0443
0.0437
0.0422
0.0429
0.046
0.0421
0.0458
0.044
0.045
0.0431
0.043
0.0411
0.0403
0.0422
0.0416
0.0407
0.042
0.0395
0.0412
0.0385
0.038
0.0388
0.0394
0.0386
0.0391
0.0373
0.0367
0.0368
0.0366
0.0359
0.0385
0.0373
0.0379
0.0368
0.0388
0.0376
0.0409
0.0396
0.041
0.0405
0.04
0.0396
0.041
0.0399
0.039
0.0392
0.0386
0.041
0.0417
0.044
0.0451
0.048
0.048
0.0478
0.05
0.0493
0.05
0.049
0.0478
0.0506
0.0514
0.0517
0.051
0.0477
0.0495
0.0492
0.0516
0.0482
0.0524
0.0493
0.0522
0.0518
0.0529
