0.0509
0.2958
0.3421
0.2903
0.2886
0.2693
0.2573
0.2464
0.2361
0.2337
0.2281
0.2249
0.2094
0.2079
0.2011
0.199
0.1927
0.1967
0.1862
0.1891
0.1835
0.1748
0.1732
0.1682
0.1671
0.1737
0.1668
0.1673
0.1646
0.1607
0.1597
0.1551
0.1545
0.1532
0.1542
0.153
0.1482
0.1527
0.1499
0.1532
0.1463
0.1471
0.1445
0.1406
0.1411
0.1355
0.1324
0.1292
0.127
0.1219
0.1208
0.1181
0.1149
0.1127
0.1138
0.113
0.116
0.1146
0.122
0.1171
0.1208
0.1212
0.1184
0.1135
0.1123
0.1149
0.1065
0.1058
0.1063
0.1067
0.1048
0.1067
0.1071
0.108
0.1089
0.109
0.1121
0.1094
0.1086
0.1081
0.1115
0.1025
0.0988
0.0977
0.0992
0.0988
0.1007
0.0977
0.0993
0.0963
0.0975
0.0985
0.0974
0.096
0.0904
0.0886
0.0892
0.0873
0.0863
0.0835
0.0845
0.0849
0.0843
0.0826
0.0872
0.0844
0.0813
0.0821
0.0778
0.0806
0.0781
0.08
0.0814
0.0797
0.083
0.0793
0.0833
0.0836
0.0859
0.0828
0.0882
0.0836
0.0875
0.0868
0.0833
0.0782
0.0781
0.0766
0.0809
0.0822
0.0839
0.0846
0.0884
0.0867
0.0872
0.0886
0.0864
0.0824
0.0824
0.0797
0.0829
0.078
0.0776
0.0795
0.0793
0.0799
0.0774
0.0789
0.0807
0.0802
0.0804
0.0802
0.079
0.0803
0.0835
0.0823
0.0833
0.0823
0.0791
0.0789
0.0738
0.0721
0.071
0.0714
0.072
0.0711
0.0703
0.0716
0.0722
0.0698
0.0714
0.0707
0.0669
0.0714
0.0675
0.0682
0.0672
0.0648
0.0664
0.0623
0.0631
0.0652
0.0635
0.0635
0.0619
0.0628
0.061
0.0584
0.0598
0.0578
0.0579
0.0607
0.061
0.0659
0.0661
0.068
0.0692
0.0628
0.0669
0.0645
0.0673
0.0655
0.0681
0.0693
0.0677
0.0676
0.0666
0.0654
0.0663
0.0638
0.0662
0.0657
0.0622
0.0628
0.064
0.0629
0.0635
0.065
0.062
0.0649
0.0615
0.0611
0.0596
0.0581
0.061
0.0566
0.0559
0.0583
0.0554
0.0591
0.0573
0.0577
0.0559
0.0552
0.0549
0.0541
0.057
0.0544
0.0542
0.0546
0.054
0.0559
0.058
0.0577
0.0578
0.0563
0.058
0.0595
0.0588
0.0593
0.0588
0.061
0.059
0.0576
0.0571
0.0593
0.0568
0.058
0.0578
0.0591
0.0575
0.0584
0.0593
0.0594
0.0585
0.0584
0.0601
0.0609
0.0586
0.0604
0.0572
0.0578
0.0567
0.0567
0.0585
0.0604
0.0579
0.0584
0.0582
0.0597
0.0589
0.0619
0.0621
0.0646
0.0664
0.0657
0.0632
0.0642
0.0668
0.064
0.062
0.0603
0.0609
0.0588
0.0609
0.0606
0.0612
0.0608
0.0595
0.0596
0.0579
0.0603
0.0575
0.0587
0.0582
0.0586
0.0612
0.0581
0.0602
0.0545
0.0563
0.056
0.0555
0.0577
0.0592
0.0586
0.0584
0.0579
0.0571
0.0586
0.0583
0.0558
0.0554
0.0551
0.0551
0.0522
0.0517
0.0508
0.0508
0.0528
0.0539
0.0568
0.0516
0.0539
0.056
0.0557
0.0543
0.0542
0.0523
0.053
0.0529
0.0502
0.0502
0.0507
0.0493
0.0489
0.0503
0.0516
0.0507
0.0527
0.0547
0.0526
0.0514
0.0503
0.0507
0.0479
0.049
0.0486
0.0503
0.0511
0.0506
0.0531
0.0518
0.0529
0.0494
0.0494
0.0499
0.0498
0.0482
0.0476
0.0494
0.0482
0.0527
0.0506
0.0529
0.0545
0.054
0.0555
0.0559
0.0548
0.0513
0.0516
0.051
0.0513
0.0519
0.0545
0.056
0.0561
0.0589
0.0558
0.0546
0.0557
0.0549
0.0574
0.058
0.0592
0.0623
0.0556
0.0562
0.0555
0.0567
0.0583
0.0586
0.0596
0.0556
0.0552
0.0591
0.0596
0.0587
0.0604
0.0619
0.0624
0.0653
0.0674
0.0644
0.0627
0.0606
0.064
0.064
0.0682
0.0631
0.0628
0.0602
0.0597
0.0586
0.0625
0.06
0.0599
0.0569
0.0572
0.0584
0.0601
0.0555
0.0576
0.056
0.0552
0.0555
0.0543
0.0558
0.0527
0.0547
0.0545
0.053
0.0535
0.0557
0.0524
0.0551
0.055
0.0559
0.0561
0.0551
0.0522
0.0554
0.0532
0.0546
0.0535
0.0527
0.0498
0.0537
0.0528
0.0584
0.0562
0.0633
0.0606
0.0614
0.0594
0.0627
0.0589
0.0596
0.0544
0.0536
0.054
0.0543
0.0525
0.0529
0.0514
0.0537
0.0536
0.0526
0.0539
0.0565
0.0535
0.0556
0.0533
0.0543
0.0523
0.0522
0.0545
0.0569
0.0562
0.059
0.0583
0.0579
0.0572
0.0573
0.0592
0.0563
0.0571
0.0604
0.061
0.0613
0.0609
0.0641
0.0604
0.0638
0.0567
0.0588
0.0572
0.0604
0.0603
0.0613
0.0581
0.0567
0.0572
0.0574
0.059
0.0555
0.054
0.0537
0.0532
0.0557
0.0559
0.0583
0.0589
0.0566
0.0562
0.0569
0.057
0.0576
0.0588
0.0589
0.0567
0.0594
0.0569
0.06
0.059
0.06
0.0605
0.0587
0.0557
0.0557
0.058
0.0551
0.0552
0.057
0.0556
0.0562
0.0575
0.057
0.0573
0.0569
0.0573
0.0567
0.0596
0.0582
0.0559
0.0558
0.055
0.0538
0.052
0.0528
0.0515
0.0495
0.0522
0.051
0.0554
0.0547
0.0541
0.0531
0.055
0.0552
0.0573
0.0559
0.0556
0.0567
0.0559
0.0576
0.0544
0.0543
0.0545
0.0531
0.0513
0.0487
0.0505
0.0479
0.0473
0.0462
0.0458
0.0473
0.0458
0.0454
0.0461
0.0459
0.0464
0.0471
0.0491
0.0457
0.0494
0.0447
0.0475
0.0434
0.046
0.0418
0.0426
0.0426
0.0439
0.0432
0.0442
0.0436
0.0462
0.0451
0.0446
0.0466
0.0439
0.0456
0.0438
0.0448
0.0478
0.0441
0.0432
0.0428
0.0433
0.0425
0.0405
0.041
0.0394
0.0401
0.039
0.0418
0.0423
0.0431
0.0419
0.0414
0.0431
0.0412
0.0411
0.043
0.042
0.0438
0.0452
0.0459
0.0459
0.0443
0.0441
0.045
0.0445
0.0466
0.049
0.0487
0.048
0.0476
0.047
0.0452
0.0462
0.0439
0.0462
0.0454
0.0461
0.0462
0.0456
0.0483
0.0464
0.0492
0.0461
0.0472
0.0463
0.0451
0.0456
0.045
0.0439
0.0447
0.0455
0.0457
0.0455
0.0474
0.0477
0.0442
0.0464
0.0474
0.0467
0.0467
0.047
0.0466
0.0498
0.0485
0.049
0.0493
0.0506
0.0444
0.0456
0.0455
0.0439
0.0437
0.0434
0.0432
0.0429
0.0424
0.0411
0.0392
0.0395
0.0392
0.0399
0.04
0.0391
0.0397
0.0383
0.0382
0.0392
0.0385
0.0384
0.0386
0.0373
0.0392
0.0378
0.0389
0.0371
0.0379
0.037
0.0388
0.0383
0.0412
0.0386
0.0395
0.0383
0.039
0.0376
0.0369
0.0372
0.0385
0.0396
0.0417
0.0414
0.045
0.0441
0.0451
0.0463
0.0474
0.0425
0.0447
0.0454
0.0466
0.0464
0.0452
0.0394
0.0393
0.0378
0.0388
0.038
0.038
0.0391
0.0392
0.0378
0.0395
0.0395
0.0394
0.0416
0.0396
0.0387
0.0398
0.0407
0.0412
0.0425
0.042
0.0418
0.0437
0.0435
0.0456
0.0449
0.0457
0.0428
0.0444
0.0433
0.042
0.0423
0.0417
0.0416
0.0418
0.0417
0.043
0.0423
0.0438
0.0429
0.0423
0.0428
0.0431
0.0428
0.0424
0.0423
0.0427
0.0424
0.0447
0.0424
0.0426
0.0424
0.0423
0.0431
0.0431
0.044
0.0431
0.0449
0.0432
0.0448
0.0433
0.046
0.0449
0.0472
0.0451
0.0463
0.0456
0.0459
0.0463
0.0455
0.0473
0.0467
0.0475
0.0485
0.0496
0.0492
0.0507
0.0502
0.051
0.0499
0.05
0.0499
0.0495
0.0494
0.05
0.0503
0.0525
0.052
0.0545
0.0542
0.0528
0.0539
0.0541
0.0542
0.0563
0.0554
0.0589
0.0567
0.059
0.0576
0.059
0.0561
0.0562
0.0585
0.0582
0.0581
0.0589
0.0558
0.0556
0.0537
0.0536
0.055
0.0545
0.0547
0.0563
0.0572
0.0579
0.0584
0.0581
0.0571
0.0581
0.0609
0.0613
0.0609
0.0597
0.0584
0.0569
0.0556
0.0538
0.0542
0.0567
0.0564
0.0582
0.0553
0.0565
0.0563
0.0552
0.0541
0.0549
0.0535
0.0552
0.0562
0.0546
0.0546
0.0533
0.054
0.0548
0.0527
0.0559
0.0568
0.0568
0.0587
0.0579
0.0591
0.0602
0.0597
0.059
0.0597
0.0599
0.0601
0.0554
0.0554
0.0553
0.0564
0.0582
0.0597
0.0599
0.0619
0.0602
0.0591
0.0551
0.0563
0.0576
0.0557
0.0571
0.0579
0.062
0.0611
0.0643
0.064
0.0618
0.0652
0.0676
0.0705
0.0717
0.0712
0.0717
0.0704
0.0716
0.0706
0.0687
0.0707
0.0696
0.0704
0.0649
0.0643
0.063
0.0628
0.061
0.0609
0.0616
0.0605
0.0586
0.0614
0.06
0.0631
0.0626
0.061
0.0614
0.0594
0.0634
0.0608
0.0634
0.0632
0.0656
0.0641
0.0635
0.0651
0.0658
0.0664
0.0673
0.0673
0.0666
0.0678
0.0692
0.0656
0.0658
0.0666
0.0642
0.0651
0.0619
0.0639
0.0619
0.0655
0.066
0.0635
0.0674
0.0654
0.0699
0.067
0.0682
0.0667
0.0689
0.0693
0.0707
0.0696
0.0697
0.0663
0.0639
0.0659
0.0653
0.0666
0.0652
0.0633
0.0645
0.0628
0.0668
0.0644
0.0644
