0.065
0.3065
0.3424
0.3033
0.2982
0.2814
0.272
0.2564
0.248
0.2412
0.2299
0.2212
0.2181
0.2088
0.2075
0.1999
0.1894
0.1833
0.1663
0.168
0.1692
0.1687
0.1654
0.1672
0.1635
0.1675
0.1563
0.156
0.1549
0.1496
0.1562
0.1492
0.1481
0.1423
0.1381
0.1407
0.1337
0.1346
0.1334
0.1291
0.1312
0.1257
0.1331
0.1288
0.131
0.1304
0.1326
0.136
0.1379
0.1381
0.1386
0.1348
0.1367
0.1266
0.1285
0.1233
0.1248
0.1244
0.1216
0.1208
0.1238
0.122
0.1234
0.1231
0.1261
0.1201
0.1165
0.1166
0.1208
0.1194
0.129
0.1242
0.115
0.1153
0.1156
0.1107
0.1101
0.1092
0.105
0.1036
0.1034
0.1009
0.105
0.1049
0.1054
0.1088
0.1075
0.1057
0.1075
0.1069
0.1128
0.1083
0.1081
0.1053
0.1019
0.1005
0.1012
0.0991
0.104
0.1027
0.1083
0.107
0.1041
0.1068
0.1008
0.1029
0.1032
0.1024
0.1024
0.1031
0.1017
0.1024
0.1013
0.099
0.1016
0.0951
0.0967
0.0959
0.0967
0.0919
0.0884
0.0899
0.0925
0.0857
0.0872
0.0879
0.0879
0.0874
0.083
0.0811
0.0818
0.0859
0.0791
0.0841
0.0837
0.0841
0.0871
0.0847
0.0854
0.089
0.0906
0.0887
0.0887
0.0871
0.0897
0.0904
0.0907
0.0911
0.094
0.0968
0.091
0.0902
0.0869
0.0886
0.0931
0.0882
0.0903
0.0944
0.0894
0.0872
0.0819
0.0807
0.0748
0.0798
0.0726
0.074
0.0806
0.0781
0.0784
0.0825
0.0801
0.083
0.0811
0.0884
0.0852
0.0893
0.086
0.0874
0.0833
0.0821
0.0835
0.0876
0.0844
0.0865
0.0831
0.0863
0.0823
0.0867
0.0845
0.0855
0.0832
0.0793
0.0773
0.0827
0.0816
0.0795
0.0818
0.0808
0.082
0.0854
0.0816
0.0764
0.0778
0.075
0.0751
0.077
0.0772
0.0762
0.0779
0.0759
0.0798
0.0797
0.0783
0.0779
0.0768
0.076
0.0742
0.0728
0.0689
0.0729
0.0696
0.0736
0.0696
0.0713
0.069
0.0675
0.0681
0.0686
0.0633
0.0639
0.0628
0.0622
0.0617
0.0589
0.0581
0.0566
0.0558
0.0598
0.0575
0.0592
0.0581
0.0547
0.056
0.0577
0.0582
0.0602
0.0586
0.0594
0.0558
0.059
0.06
0.0624
0.0628
0.0633
0.0658
0.0626
0.0613
0.059
0.0561
0.0572
0.0581
0.0608
0.0608
0.0612
0.0596
0.0573
0.0577
0.0582
0.0598
0.0583
0.0595
0.0617
0.0616
0.0615
0.061
0.0619
0.0632
0.0633
0.062
0.0619
0.061
0.0616
0.0628
0.0613
0.0647
0.0624
0.0622
0.0619
0.0599
0.057
0.0578
0.0586
0.0594
0.0613
0.06
0.0624
0.0613
0.064
0.0644
0.0647
0.0638
0.0607
0.0626
0.0612
0.0608
0.0597
0.0604
0.0616
0.0611
0.0612
0.064
0.0606
0.0636
0.0644
0.0658
0.0659
0.0639
0.0664
0.0633
0.0657
0.066
0.0675
0.0686
0.0671
0.0678
0.065
0.0661
0.0659
0.0678
0.0671
0.0684
0.0703
0.0711
0.0705
0.068
0.0665
0.0698
0.0712
0.0715
0.0719
0.0677
0.0674
0.0661
0.0667
0.0696
0.0705
0.069
0.0667
0.0653
0.0651
0.0647
0.0662
0.0672
0.0671
0.0688
0.0686
0.069
0.0714
0.0707
0.0687
0.0653
0.0665
0.0664
0.064
0.0672
0.0631
0.0612
0.0607
0.0626
0.0603
0.0574
0.0572
0.058
0.059
0.0603
0.0588
0.0604
0.0598
0.0602
0.0604
0.0598
0.0601
0.0581
0.0609
0.0584
0.0636
0.0592
0.0597
0.0586
0.0582
0.0609
0.0573
0.0588
0.0572
0.0589
0.0592
0.0576
0.0599
0.057
0.0582
0.0564
0.0536
0.0551
0.0565
0.0546
0.0571
0.0506
0.0528
0.0508
0.0516
0.0499
0.051
0.052
0.0499
0.0481
0.048
0.0472
0.0461
0.0481
0.0481
0.0522
0.049
0.0508
0.0497
0.0528
0.0497
0.0492
0.0509
0.0513
0.0523
0.0516
0.0521
0.0535
0.0524
0.0556
0.0543
0.0567
0.0553
0.0541
0.0556
0.0548
0.0543
0.0538
0.0529
0.0546
0.0527
0.0544
0.0532
0.0555
0.0565
0.0533
0.0553
0.0559
0.0536
0.0536
0.0564
0.0545
0.0553
0.0566
0.0585
0.0612
0.06
0.0571
0.0585
0.0556
0.0567
0.0543
0.0562
0.0542
0.0583
0.0582
0.056
0.0554
0.0538
0.0524
0.0523
0.052
0.053
0.0533
0.0536
0.0525
0.0546
0.0528
0.0544
0.0561
0.0564
0.0538
0.0547
0.0548
0.0532
0.0506
0.0522
0.0514
0.0521
0.0519
0.0523
0.0517
0.054
0.052
0.0558
0.0532
0.0541
0.052
0.0528
0.0549
0.0544
0.0538
0.0544
0.0533
0.0546
0.0543
0.056
0.0572
0.0567
0.0599
0.0577
0.059
0.053
0.054
0.0547
0.0562
0.0547
0.0569
0.0557
0.0555
0.0567
0.0583
0.0552
0.0565
0.0577
0.0569
0.06
0.0566
0.0589
0.0601
0.0601
0.0602
0.0616
0.0616
0.0602
0.0607
0.0625
0.0597
0.0613
0.062
0.0626
0.0617
0.0608
0.0584
0.0562
0.0597
0.056
0.0588
0.0588
0.0606
0.059
0.0616
0.0584
0.0613
0.0634
0.0604
0.0605
0.0585
0.0589
0.0595
0.0589
0.0557
0.0568
0.0546
0.053
0.0535
0.0529
0.0536
0.0525
0.0529
0.0522
0.0522
0.0499
0.0506
0.0489
0.0494
0.0483
0.0498
0.0476
0.0476
0.048
0.0482
0.0472
0.0463
0.0436
0.0455
0.0457
0.0468
0.0483
0.0481
0.0483
0.0485
0.0502
0.052
0.0508
0.0505
0.0481
0.0483
0.0455
0.0462
0.0463
0.0439
0.0434
0.0406
0.0396
0.039
0.0382
0.039
0.039
0.0399
0.0392
0.0407
0.0415
0.0432
0.0408
0.0395
0.0395
0.0394
0.0431
0.04
0.0396
0.0403
0.0393
0.0386
0.0385
0.0394
0.0388
0.0399
0.0405
0.039
0.0404
0.0381
0.0388
0.0386
0.0377
0.0365
0.0373
0.0368
0.0369
0.0364
0.0371
0.0365
0.0368
0.0365
0.038
0.0369
0.0385
0.0386
0.039
0.0385
0.0395
0.0389
0.0409
0.0379
0.0378
0.0363
0.0376
0.0372
0.0376
0.0385
0.0382
0.0377
0.0393
0.0373
0.0359
0.0375
0.0368
0.0361
0.0357
0.0357
0.0348
0.0346
0.0344
0.0332
0.0339
0.0337
0.0343
0.035
0.0348
0.0355
0.0346
0.0348
0.0347
0.035
0.0347
0.0342
0.0333
0.0331
0.0326
0.0321
0.0326
0.0324
0.0327
0.0337
0.0332
0.0331
0.0339
0.0339
0.0332
0.0333
0.0335
0.0331
0.0323
0.0323
0.0332
0.0334
0.0345
0.0349
0.0367
0.0364
0.0371
0.0383
0.0388
0.0388
0.0396
0.04
0.0415
0.0395
0.0397
0.0379
0.0384
0.0368
0.0369
0.0371
0.037
0.0388
0.037
0.0362
0.0367
0.0362
0.0353
0.035
0.0353
0.0341
0.0344
0.0331
0.034
0.033
0.0329
0.0329
0.0334
0.0324
0.0326
0.0321
0.0318
0.0319
0.0321
0.0326
0.0323
0.0326
0.0322
0.0325
0.0321
0.0322
0.033
0.0316
0.0331
0.032
0.0315
0.0318
0.0324
0.0318
0.0323
0.0322
0.0326
0.0324
0.0333
0.0321
0.0328
0.0321
0.0337
0.0313
0.0305
0.0306
0.0308
0.0306
0.031
0.0313
0.0313
0.0311
0.0314
0.0316
0.0314
0.032
0.0318
0.0318
0.0328
0.0313
0.031
0.0302
0.0307
0.0304
0.0306
0.0317
0.0309
0.032
0.0316
0.0324
0.0318
0.0315
0.031
0.0313
0.0309
0.0309
0.0308
0.0308
0.0308
0.031
0.0316
0.0316
0.0324
0.0307
0.0307
0.0309
0.0307
0.0308
0.0309
0.0311
0.0322
0.0317
0.0311
0.0328
0.0314
0.0326
0.0318
0.0326
0.0313
0.0324
0.0316
0.0327
0.0325
0.0326
0.0322
0.0321
0.0322
0.0323
0.0317
0.0311
0.0317
0.0318
0.0326
0.0336
0.0328
0.0346
0.0333
0.0337
0.0329
0.033
0.0333
0.0318
0.0322
0.0316
0.032
0.0305
0.0315
0.0308
0.0307
0.0304
0.031
0.0309
0.0317
0.0316
0.0326
0.0323
0.0335
0.0324
0.0334
0.0327
0.0322
0.0322
0.0325
0.0328
0.0343
0.0322
0.0324
0.0323
0.032
0.0325
0.031
0.0316
0.0314
0.0308
0.029
0.0279
0.0282
0.0282
0.0282
0.0282
0.0282
0.0282
0.0282
0.0282
0.0282
0.0282
0.0282
0.0282
0.0282
0.0282
0.0282
0.0282
0.0282
0.0282
0.0282
0.0282
0.0282
0.0282
0.0282
0.0282
0.0282
0.0282
0.0282
0.0282
0.0282
0.0282
0.0282
0.0282
0.0282
0.0282
0.0282
0.0282
0.0282
0.0282
0.0282
0.0282
0.0282
0.0282
0.0282
0.0282
0.0282
0.0282
0.0282
0.0282
0.0282
0.0282
0.0282
0.0282
0.0282
0.0282
0.0282
0.0282
0.0282
0.0282
0.0282
0.0282
0.0282
0.0282
0.0282
0.0282
0.0282
0.0282
0.0282
0.0282
0.0282
0.0282
0.0282
0.0282
0.0282
0.0282
0.0282
0.0282
0.0282
0.0282
0.0282
0.0282
0.0282
0.0282
0.0282
0.0282
0.0282
0.0282
0.0282
0.0282
0.0282
0.0282
0.0282
0.0282
0.0282
0.0282
0.0282
0.0282
0.0282
0.0282
0.0282
0.0282
0.0282
0.0282
0.0282
0.0282
0.0282
0.0282
0.0282
0.0282
0.0282
0.0282
0.0282
0.0282
