0.0282
0.3107
0.3462
0.2944
0.2886
0.2685
0.2621
0.2529
0.2431
0.2288
0.2274
0.2169
0.2153
0.2047
0.2001
0.2055
0.1925
0.1917
0.1865
0.1881
0.1767
0.1814
0.1643
0.1655
0.1659
0.16
0.1571
0.1525
0.1553
0.1609
0.1532
0.1526
0.1502
0.1406
0.1435
0.1369
0.1408
0.1337
0.1268
0.1254
0.1245
0.1308
0.1232
0.1254
0.1214
0.1203
0.121
0.1171
0.1122
0.1102
0.1094
0.1148
0.1189
0.1126
0.1096
0.1088
0.1107
0.1063
0.1071
0.1092
0.1049
0.114
0.1101
0.11
0.1101
0.1117
0.1047
0.1075
0.1055
0.1083
0.1033
0.102
0.1056
0.1016
0.1017
0.1022
0.0988
0.0967
0.096
0.0898
0.0912
0.0923
0.0947
0.0937
0.0975
0.0971
0.0945
0.0964
0.0958
0.093
0.0916
0.0917
0.0879
0.0855
0.0837
0.0841
0.0822
0.0813
0.0776
0.0827
0.0773
0.0812
0.0803
0.0813
0.0845
0.0851
0.0854
0.0907
0.0889
0.0882
0.0839
0.0907
0.0843
0.0848
0.0792
0.0835
0.0766
0.08
0.0804
0.0789
0.0792
0.0772
0.0796
0.0801
0.0784
0.0776
0.0767
0.0757
0.0716
0.0775
0.072
0.0715
0.0699
0.0741
0.0715
0.0762
0.0728
0.0775
0.0741
0.0755
0.0721
0.0732
0.0729
0.0707
0.0719
0.0671
0.0671
0.0665
0.0658
0.0656
0.0641
0.0658
0.0683
0.0646
0.0651
0.0674
0.064
0.0635
0.0634
0.0622
0.0621
0.0624
0.0636
0.0635
0.0638
0.0659
0.0636
0.0647
0.065
0.066
0.0692
0.0688
0.071
0.0686
0.0691
0.0672
0.065
0.0676
0.066
0.0657
0.0701
0.0666
0.071
0.0674
0.0655
0.0652
0.0645
0.064
0.0647
0.0611
0.0601
0.0607
0.0636
0.0625
0.0596
0.0613
0.0618
0.066
0.0638
0.065
0.0579
0.0559
0.0586
0.0577
0.0588
0.0577
0.0567
0.0562
0.0549
0.0556
0.056
0.0533
0.0552
0.0545
0.0574
0.0571
0.0561
0.0581
0.0577
0.0558
0.0532
0.0553
0.0536
0.0552
0.0514
0.0525
0.0496
0.0508
0.0495
0.0479
0.0471
0.0475
0.0466
0.0479
0.0477
0.0501
0.0483
0.0509
0.0484
0.049
0.0475
0.0473
0.0469
0.0469
0.048
0.0469
0.0485
0.0455
0.0474
0.0422
0.0427
0.0421
0.0432
0.0429
0.0442
0.0443
0.0459
0.0437
0.0418
0.0407
0.0412
0.0414
0.0405
0.0417
0.0416
0.0406
0.0426
0.0415
0.0452
0.0442
0.0469
0.0457
0.048
0.0478
0.0526
0.0471
0.0496
0.049
0.0484
0.0486
0.0483
0.049
0.0495
0.0488
0.0489
0.0511
0.0475
0.0471
0.0457
0.0469
0.0458
0.0469
0.0485
0.0514
0.0513
0.0534
0.0507
0.0502
0.05
0.0515
0.0528
0.0546
0.0545
0.0575
0.0531
0.0544
0.0551
0.0534
0.0581
0.0532
0.0549
0.0522
0.051
0.0508
0.0522
0.0519
0.0512
0.0538
0.0522
0.0541
0.0543
0.0554
0.0564
0.0574
0.0609
0.0577
0.0573
0.0581
0.0568
0.0545
0.0573
0.0542
0.0535
0.0537
0.0519
0.0523
0.0492
0.0494
0.0488
0.0507
0.05
0.0526
0.0541
0.0538
0.0553
0.0543
0.0566
0.0587
0.0609
0.0592
0.0599
0.0586
0.0583
0.0553
0.0547
0.0522
0.0507
0.053
0.0544
0.0532
0.0535
0.0533
0.0534
0.0524
0.0524
0.0534
0.053
0.0551
0.0559
0.0583
0.0559
0.0583
0.0571
0.0578
0.0572
0.0592
0.0564
0.0584
0.0575
0.0548
0.0557
0.058
0.0581
0.0589
0.0545
0.0583
0.0595
0.0593
0.0583
0.0546
0.0545
0.0535
0.0499
0.0483
0.0447
0.0431
0.0438
0.0405
0.04
0.0382
0.0402
0.0383
0.0376
0.037
0.0373
0.0406
0.0394
0.0394
0.0388
0.0404
0.0379
0.0379
0.0369
0.0383
0.0353
0.0349
0.0332
0.0332
0.0326
0.0342
0.0342
0.0355
0.0353
0.0361
0.0351
0.0368
0.0346
0.0362
0.034
0.035
0.0344
0.0359
0.0346
0.0349
0.0355
0.0353
0.0359
0.0365
0.0358
0.0373
0.0356
0.0369
0.0341
0.034
0.0332
0.0342
0.0326
0.0328
0.0336
0.0326
0.0323
0.0325
0.0319
0.0321
0.0317
0.032
0.0321
0.0326
0.0346
0.0328
0.0322
0.0328
0.0332
0.0324
0.0338
0.0333
0.0347
0.0333
0.0339
0.0349
0.0353
0.0358
0.0341
0.0345
0.0358
0.0365
0.0354
0.0359
0.0359
0.0356
0.0372
0.038
0.0367
0.0366
0.0362
0.035
0.0348
0.0362
0.0347
0.0344
0.0357
0.0355
0.0387
0.0365
0.0374
0.0388
0.0386
0.0397
0.04
0.0411
0.0423
0.04
0.0415
0.0405
0.0428
0.0417
0.0459
0.0412
0.0412
0.0414
0.0411
0.0393
0.0413
0.0385
0.0377
0.0376
0.0397
0.039
0.0395
0.0378
0.0378
0.0395
0.0363
0.0371
0.0382
0.0385
0.0369
0.0381
0.0374
0.0385
0.0392
0.0399
0.0404
0.0421
0.0392
0.041
0.0403
0.0421
0.0399
0.039
0.0397
0.0399
0.0412
0.0414
0.0426
0.041
0.0406
0.0395
0.0409
0.0417
0.0412
0.0392
0.039
0.0381
0.0369
0.0368
0.0362
0.0372
0.0371
0.0379
0.0371
0.0354
0.0348
0.0357
0.0352
0.0356
0.036
0.0343
0.0342
0.0341
0.0358
0.0358
0.036
0.0366
0.0385
0.0378
0.0367
0.0364
0.0355
0.0376
0.0383
0.0372
0.0379
0.0388
0.0397
0.0382
0.0392
0.0399
0.0386
0.0386
0.0395
0.0382
0.0377
0.0393
0.0372
0.0407
0.0393
0.0403
0.0395
0.0417
0.0406
0.0432
0.0407
0.0421
0.0412
0.0436
0.0432
0.0438
0.0458
0.0438
0.0464
0.0438
0.0452
0.0419
0.0431
0.0428
0.0417
0.0403
0.0386
0.038
0.0377
0.0378
0.0405
0.0368
0.0389
0.0398
0.039
0.0402
0.0409
0.0417
0.0432
0.0438
0.0435
0.0439
0.0433
0.0456
0.0443
0.046
0.0432
0.0402
0.043
0.0407
0.0413
0.041
0.0432
0.0435
0.0471
0.0434
0.0443
0.0451
0.0458
0.0448
0.0447
0.0438
0.0444
0.0434
0.0432
0.0432
0.043
0.0411
0.0417
0.04
0.0405
0.0418
0.0386
0.0385
0.0386
0.0401
0.0396
0.0389
0.0403
0.0377
0.0384
0.0362
0.0359
0.0352
0.0351
0.0366
0.0349
0.0348
0.0353
0.0361
0.0364
0.0358
0.0358
0.0361
0.0339
0.0358
0.034
0.0355
0.0347
0.0348
0.0355
0.0354
0.0342
0.0348
0.0348
0.0364
0.0364
0.0365
0.0371
0.0375
0.0386
0.0368
0.0358
0.0367
0.0366
0.0376
0.0351
0.0351
0.0366
0.0347
0.0336
0.0349
0.0328
0.0334
0.0343
0.0336
0.0328
0.0341
0.0351
0.0355
0.0372
0.0348
0.0353
0.0357
0.0374
0.0363
0.0355
0.0359
0.0354
0.035
0.0364
0.0347
0.0345
0.0337
0.0343
0.0339
0.035
0.0369
0.0369
0.0393
0.039
0.0397
0.0406
0.0411
0.0416
0.0408
0.0397
0.0387
0.0396
0.0395
0.0397
0.039
0.0404
0.0424
0.0415
0.0397
0.0393
0.0402
0.0398
0.0411
0.0403
0.0386
0.0401
0.0396
0.0376
0.0389
0.0383
0.0379
0.0386
0.0376
0.0387
0.0384
0.0395
0.0395
0.0401
0.0401
0.0404
0.0391
0.0366
0.0376
0.0359
0.0348
0.0348
0.035
0.0349
0.0354
0.0352
0.0339
0.033
0.0331
0.0319
0.0326
0.0331
0.0337
0.0341
0.035
0.0345
0.0348
0.0357
0.0366
0.0374
0.0349
0.0373
0.0369
0.0395
0.0373
0.0376
0.0385
0.0377
0.0374
0.0367
0.0363
0.0387
0.0368
0.0404
0.0377
0.0376
0.0374
0.0382
0.0384
0.0355
0.0359
0.0355
0.0361
0.0356
0.0377
0.0391
0.0387
0.0381
0.0376
0.036
0.036
0.0375
0.0379
0.0366
0.0387
0.0367
0.0372
0.0371
0.0384
0.0372
0.0382
0.0358
0.0391
0.0365
0.0352
0.0355
0.036
0.0357
0.0345
0.0361
0.0345
0.0354
0.0337
0.0347
0.0343
0.0357
0.0337
0.0337
0.034
0.0326
0.0333
0.0335
0.0355
0.0358
0.0383
0.0378
0.039
0.0387
0.04
0.0379
0.0386
0.0371
0.0356
0.0357
0.0347
0.035
0.0348
0.0354
0.0343
0.0334
0.0337
0.0322
0.0322
0.0311
0.0307
0.0318
0.0292
0.0292
0.0287
0.0299
0.0292
0.0297
0.03
0.029
0.0291
0.0292
0.0294
0.0299
0.0293
0.0298
0.0281
0.0284
0.0282
0.0285
0.0293
0.0287
0.0286
0.0294
0.0307
0.0296
0.0302
0.03
0.0302
0.03
0.0311
0.0297
0.0306
0.0299
0.0301
0.0294
0.0299
0.0297
0.0303
0.0303
0.0307
0.0306
0.0315
0.0324
0.0302
0.0304
0.031
0.0313
0.0324
0.0322
0.0327
0.0337
0.0325
0.0308
0.0311
0.031
0.0304
0.0309
0.0311
0.0314
0.0316
0.0319
0.0312
0.0312
0.032
0.0327
0.0329
0.0334
0.0343
0.035
0.037
0.0376
0.0374
0.037
0.0388
0.0389
0.0389
0.0409
0.0405
0.0422
0.0378
0.0382
0.0366
0.0375
0.0376
0.0387
0.0398
0.0383
0.0411
0.0383
0.0384
0.0379
0.0385
0.0385
0.0398
0.0388
0.0395
0.0406
0.0383
0.0365
0.0351
0.0354
0.0352
0.0371
0.0369
0.0374
0.0367
0.0368
0.0371
0.0385
0.0366
0.0375
0.0369
0.0372
