0.2981
0.3452
0.2982
0.2957
0.2699
0.2718
0.2553
0.2538
0.2382
0.2274
0.2187
0.2176
0.208
0.1947
0.1852
0.1791
0.1695
0.1639
0.1669
0.1662
0.1656
0.1588
0.1571
0.1562
0.1557
0.1575
0.1633
0.1658
0.1599
0.1575
0.1498
0.1541
0.1498
0.153
0.155
0.157
0.1575
0.1515
0.1532
0.1494
0.1481
0.1506
0.1561
0.1511
0.1519
0.1486
0.1551
0.152
0.1535
0.1462
0.1532
0.1476
0.1452
0.1443
0.1411
0.1447
0.1415
0.1401
0.1388
0.1347
0.1351
0.1327
0.1369
0.1302
0.1307
0.1284
0.1247
0.1209
0.121
0.1183
0.1194
0.1181
0.1158
0.1121
0.1152
0.1128
0.1125
0.1163
0.1069
0.1086
0.1052
0.1111
0.1065
0.1047
0.1026
0.1014
0.0973
0.101
0.0963
0.1012
0.0942
0.0938
0.0928
0.0927
0.0936
0.0907
0.0962
0.0869
0.0888
0.0872
0.0886
0.0841
0.0825
0.0848
0.0835
0.0847
0.0867
0.0828
0.0879
0.0862
0.0868
0.0841
0.0828
0.0815
0.0803
0.0794
0.0788
0.0776
0.0761
0.0731
0.0728
0.0697
0.0753
0.0706
0.0746
0.0682
0.0726
0.0704
0.0709
0.0728
0.069
0.0707
0.0686
0.0716
0.069
0.0712
0.0662
0.07
0.0688
0.0697
0.0719
0.0738
0.0741
0.0748
0.076
0.0774
0.0771
0.0754
0.0688
0.0713
0.0724
0.0722
0.0735
0.0732
0.0689
0.0689
0.0674
0.0688
0.0652
0.0629
0.0639
0.0666
0.0677
0.07
0.0751
0.0707
0.0719
0.0711
0.0687
0.0667
0.0682
0.0679
0.0687
0.0697
0.0706
0.0715
0.0749
0.0724
0.0708
0.0737
0.074
0.0768
0.0789
0.0772
0.0729
0.0752
0.0773
0.0815
0.08
0.0803
0.0783
0.0824
0.0813
0.0807
0.0825
0.0781
0.0767
0.0772
0.0772
0.0765
0.0783
0.079
0.0766
0.0768
0.0772
0.0759
0.0772
0.0753
0.0775
0.0765
0.0726
0.0771
0.0731
0.0769
0.0717
0.071
0.0749
0.0698
0.0714
0.0703
0.0739
0.0719
0.0697
0.0719
0.0718
0.0758
0.0723
0.0769
0.077
0.0826
0.0768
0.0791
0.0788
0.0828
0.0799
0.083
0.0753
0.0789
0.0752
0.0751
0.0795
0.0812
0.0834
0.0815
0.0843
0.0791
0.0852
0.0775
0.084
0.0795
0.0812
0.0759
0.0778
0.0757
0.0783
0.0816
0.0826
0.0848
0.0816
0.0814
0.0795
0.0804
0.0798
0.0816
0.0811
0.0798
0.0798
0.0746
0.073
0.0744
0.0777
0.0765
0.0774
0.0777
0.0775
0.0766
0.0759
0.076
0.0751
0.077
0.0766
0.0777
0.0746
0.0746
0.0766
0.0711
0.0732
0.0712
0.069
0.0698
0.0719
0.0712
0.0687
0.0671
0.0671
0.0691
0.0673
0.0744
0.0702
0.0748
0.0722
0.0708
0.0718
0.0665
0.0666
0.0638
0.0673
0.0677
0.0702
0.0681
0.0695
0.0702
0.0683
0.0727
0.0652
0.0665
0.064
0.0695
0.0697
0.0738
0.0707
0.0716
0.0686
0.067
0.0719
0.0701
0.0739
0.0682
0.0715
0.0724
0.0795
0.0752
0.078
0.075
0.0775
0.076
0.0748
0.0742
0.0762
0.0755
0.0755
0.0792
0.0781
0.0785
0.0773
0.0792
0.079
0.0824
0.0808
0.0792
0.0802
0.0837
0.0825
0.0837
0.0842
0.087
0.0896
0.0861
0.0837
0.0814
0.0792
0.083
0.0846
0.0835
0.0847
0.0831
0.0811
0.0835
0.0844
0.0865
0.084
0.0904
0.0878
0.0871
0.0886
0.0839
0.0922
0.0874
0.0912
0.0906
0.0845
0.0867
0.0884
0.0876
0.0908
0.0888
0.0867
0.0854
0.0842
0.0867
0.085
0.0909
0.086
0.0904
0.0866
0.0885
0.0895
0.0857
0.0909
0.0896
0.09
0.0877
0.0888
0.0886
0.0859
0.0854
0.0832
0.081
0.0817
0.0803
0.0811
0.0828
0.0823
0.0838
0.0842
0.0814
0.0799
0.0797
0.0832
0.0831
0.0807
0.0801
0.0772
0.0766
0.0741
0.0748
0.0712
0.0713
0.068
0.0665
0.0694
0.0705
0.0695
0.0705
0.0685
0.0663
0.068
0.0634
0.067
0.0649
0.0669
0.0677
0.0676
0.067
0.0699
0.0722
0.0724
0.0739
0.0736
0.0763
0.0748
0.0734
0.0734
0.074
0.079
0.0782
0.0822
0.0811
0.0813
0.0795
0.08
0.0805
0.0782
0.0794
0.0805
0.0766
0.0771
0.074
0.0798
0.0738
0.0729
0.0721
0.0723
0.0688
0.0687
0.0684
0.0673
0.0686
0.0698
0.0678
0.0684
0.0683
0.0724
0.0692
0.0688
0.0673
0.068
0.0654
0.0671
0.0679
0.0659
0.069
0.0681
0.069
0.0686
0.0704
0.0713
0.0713
0.0693
0.069
0.0668
0.0693
0.0673
0.07
0.0688
0.0705
0.0678
0.0691
0.0698
0.0704
0.0688
0.0751
0.075
0.0759
0.0804
0.0783
0.0784
0.0777
0.0796
0.0751
0.07
0.0685
0.0659
0.0693
0.0639
0.0659
0.0636
0.0637
0.0642
0.0627
0.0603
0.0614
0.062
0.0613
0.0658
0.0655
0.0647
0.0647
0.063
0.0651
0.0647
0.0635
0.0642
0.0646
0.0655
0.0623
0.0607
0.0601
0.0579
0.0587
0.0551
0.059
0.0557
0.058
0.0535
0.056
0.0538
0.0519
0.0531
0.0533
0.0532
0.0527
0.0509
0.0527
0.05
0.0524
0.0531
0.0551
0.053
0.0565
0.0538
0.0577
0.0571
0.0599
0.0583
0.0607
0.0584
0.0603
0.0582
0.0598
0.0595
0.0601
0.0599
0.0624
0.0573
0.0565
0.0557
0.0561
0.0588
0.061
0.0572
0.0609
0.058
0.0592
0.0558
0.0549
0.0529
0.0562
0.0533
0.0538
0.0542
0.0585
0.0568
0.0551
0.0553
0.0516
0.0511
0.0508
0.05
0.0497
0.054
0.0522
0.053
0.0549
0.0537
0.0537
0.0541
0.0533
0.0549
0.0539
0.0537
0.0554
0.0547
0.0575
0.0566
0.0593
0.0605
0.0602
0.0623
0.0606
0.0631
0.0627
0.0592
0.0573
0.0574
0.0571
0.0599
0.058
0.0556
0.0541
0.0549
0.0543
0.0543
0.0557
0.056
0.056
0.0546
0.0556
0.0541
0.0554
0.0571
0.056
0.0606
0.0576
0.0606
0.0608
0.0647
0.0638
0.0624
0.0634
0.0615
0.0637
0.062
0.0637
0.0623
0.0634
0.0606
0.0622
0.0628
0.0663
0.0652
0.0691
0.0664
0.0697
0.0659
0.0638
0.065
0.0665
0.0628
0.0623
0.0627
0.0613
0.0619
0.0599
0.0601
0.0591
0.0606
0.0607
0.0576
0.0585
0.0567
0.0566
0.0562
0.0556
0.0547
0.0525
0.0545
0.0519
0.056
0.0541
0.0551
0.0544
0.053
0.0522
0.0533
0.0497
0.0521
0.051
0.053
0.0527
0.0549
0.0518
0.0521
0.0508
0.053
0.0545
0.0546
0.0541
0.0564
0.0559
0.0582
0.0591
0.0567
0.0591
0.0628
0.0593
0.0594
0.0604
0.0578
0.0607
0.0608
0.0582
0.0597
0.059
0.0603
0.0606
0.0622
0.0608
0.0672
0.0622
0.0623
0.0638
0.0634
0.0647
0.0613
0.0606
0.0587
0.0589
0.0586
0.06
0.0549
0.0576
0.0529
0.0525
0.0514
0.0515
0.0522
0.0485
0.051
0.0508
0.0502
0.0488
0.0484
0.0511
0.0506
0.0493
0.0506
0.0473
0.0497
0.0493
0.0477
0.0482
0.0464
0.0484
0.0456
0.0497
0.0482
0.0499
0.0501
0.0496
0.0512
0.0501
0.0535
0.054
0.0545
0.0537
0.0538
0.0512
0.0522
0.0496
0.0478
0.0486
0.0499
0.0488
0.0527
0.0499
0.0517
0.0516
0.0535
0.0554
0.0556
0.0567
0.0543
0.0556
0.0546
0.0519
0.0536
0.0498
0.0515
0.0513
0.0517
0.0531
0.052
0.0511
0.0516
0.0531
0.0537
0.0551
0.0534
0.0546
0.053
0.0554
0.0541
0.0563
0.0555
0.0568
0.0567
0.0581
0.0596
0.0578
0.0633
0.0614
0.0582
0.0569
0.0549
0.0551
0.0545
0.0556
0.0591
0.0566
0.0595
0.0594
0.0564
0.0619
0.0592
0.0603
0.0572
0.0565
0.058
0.0575
0.0602
0.0594
0.0634
0.0621
0.0625
0.0585
0.058
0.0554
0.0578
0.0572
0.0569
0.0559
0.0566
0.0572
0.0577
0.057
0.0539
0.0531
0.0534
0.0549
0.0553
0.0569
0.0584
0.059
0.063
0.059
0.0594
0.0581
0.0551
0.0584
0.0582
0.057
0.0539
0.054
0.0518
0.0519
0.0513
0.0502
0.0502
0.052
0.0514
0.053
0.0544
0.054
0.0547
0.0558
0.0513
0.0531
0.0531
0.049
0.0516
0.0503
0.0479
0.0463
0.0484
0.0448
0.046
0.0462
0.0461
0.0481
0.0505
0.0495
0.0504
0.0503
0.0523
0.051
0.0531
0.0512
0.0521
0.052
0.0501
0.0493
0.0508
0.0506
0.0515
0.0531
0.0522
0.0515
0.0546
0.05
0.0518
0.051
0.0509
0.0503
0.0524
0.0504
0.0523
0.05
0.0511
0.0477
0.0484
0.048
0.0485
0.0491
0.0473
0.0486
0.0507
0.0502
0.0491
0.0484
0.0496
0.0489
0.0502
0.049
0.0499
0.0514
0.0513
0.052
0.0523
0.0533
0.0502
0.0486
0.0482
0.049
0.0495
0.0492
0.0495
0.052
0.0524
0.0531
0.0527
0.0537
0.0517
0.0529
0.0534
0.0518
0.0518
0.0499
0.0515
0.0513
0.0533
0.0512
0.0517
0.0526
0.0504
0.0508
0.0482
0.0472
0.0504
0.0496
0.0498
0.0493
0.0518
0.0503
0.0499
0.0498
0.0495
0.0495
0.0483
0.05
0.0482
