0.0366
0.2942
0.335
0.2953
0.2911
0.2761
0.2698
0.2482
0.2501
0.242
0.2353
0.2257
0.2187
0.2168
0.211
0.2028
0.1956
0.1941
0.1928
0.1886
0.1855
0.1805
0.1817
0.1742
0.177
0.1748
0.1708
0.1759
0.1651
0.1682
0.1534
0.1486
0.1492
0.1458
0.1414
0.1463
0.1465
0.1459
0.1419
0.1384
0.132
0.1303
0.1288
0.1272
0.1318
0.1264
0.1296
0.1321
0.1316
0.1318
0.1275
0.1263
0.1207
0.1184
0.1143
0.1207
0.1146
0.1118
0.1153
0.1085
0.1161
0.1086
0.1117
0.1118
0.1099
0.1072
0.1098
0.1002
0.1003
0.0998
0.1057
0.1065
0.1057
0.1028
0.1013
0.0989
0.0948
0.0973
0.0958
0.0939
0.0978
0.0936
0.0988
0.0945
0.0957
0.0942
0.0967
0.0963
0.0958
0.1006
0.0938
0.097
0.0951
0.0941
0.1002
0.0976
0.0927
0.0922
0.0942
0.0911
0.0905
0.0942
0.0921
0.0909
0.0879
0.086
0.0844
0.0843
0.0827
0.0829
0.0802
0.0796
0.077
0.0767
0.0768
0.0777
0.08
0.0811
0.0781
0.0781
0.0791
0.0798
0.0796
0.0788
0.0738
0.0719
0.0687
0.0725
0.074
0.0736
0.0728
0.0749
0.0778
0.0695
0.0706
0.0712
0.069
0.0674
0.0661
0.069
0.0625
0.0648
0.0656
0.0652
0.0633
0.0632
0.0599
0.0637
0.0629
0.0672
0.0642
0.0657
0.0654
0.066
0.0638
0.062
0.0609
0.0612
0.0598
0.0624
0.0611
0.0618
0.0609
0.0606
0.0594
0.0584
0.0632
0.0605
0.0606
0.0625
0.0629
0.0629
0.0608
0.0624
0.0644
0.0646
0.0624
0.06
0.0599
0.059
0.0603
0.0583
0.0604
0.0605
0.0617
0.0659
0.0626
0.0658
0.0639
0.0654
0.0608
0.0633
0.0595
0.062
0.0622
0.0633
0.0625
0.0612
0.0603
0.0611
0.0628
0.0651
0.0694
0.0687
0.0722
0.072
0.077
0.0736
0.0713
0.0727
0.0724
0.0719
0.0706
0.0721
0.0675
0.0686
0.0676
0.068
0.0686
0.0698
0.0665
0.0722
0.0684
0.0694
0.0683
0.0682
0.0686
0.0705
0.0697
0.0689
0.0719
0.0711
0.0729
0.0715
0.0743
0.0753
0.0749
0.0787
0.0725
0.0715
0.0711
0.0718
0.0721
0.0707
0.0669
0.067
0.0689
0.0695
0.0665
0.0669
0.0706
0.0707
0.0707
0.0762
0.0754
0.0736
0.0708
0.0742
0.0708
0.0703
0.0717
0.0683
0.0651
0.0642
0.0596
0.0609
0.0552
0.0558
0.0554
0.0589
0.0561
0.0597
0.0597
0.0625
0.0624
0.0603
0.0607
0.0625
0.0574
0.06
0.0571
0.0587
0.0582
0.0576
0.0594
0.0594
0.0608
0.0631
0.0636
0.0615
0.063
0.0613
0.0635
0.0588
0.0582
0.0576
0.0567
0.0584
0.0595
0.0598
0.0574
0.0592
0.0579
0.0595
0.0577
0.0586
0.0588
0.0616
0.0598
0.0617
0.0603
0.0582
0.0591
0.0539
0.0566
0.0545
0.0575
0.0563
0.0552
0.0543
0.058
0.0521
0.0533
0.0535
0.0533
0.0518
0.0513
0.0512
0.0526
0.0537
0.053
0.0499
0.0489
0.0502
0.0453
0.0448
0.0449
0.045
0.0447
0.0442
0.0426
0.0433
0.0422
0.0432
0.0419
0.0432
0.0434
0.0451
0.0441
0.044
0.0447
0.0459
0.0423
0.0426
0.0459
0.0431
0.0434
0.0425
0.0424
0.0422
0.0424
0.0428
0.043
0.0415
0.0432
0.0423
0.0446
0.0436
0.0443
0.0432
0.0447
0.0432
0.0462
0.0424
0.0431
0.0427
0.045
0.0435
0.0451
0.0437
0.0424
0.0403
0.0401
0.0394
0.0406
0.0398
0.0398
0.0382
0.037
0.0375
0.036
0.0354
0.0354
0.0348
0.035
0.0349
0.0334
0.0338
0.0338
0.0351
0.0346
0.035
0.0352
0.0356
0.0366
0.0353
0.0344
0.0343
0.035
0.034
0.0344
0.0345
0.034
0.0341
0.0342
0.0333
0.0336
0.0337
0.0347
0.0335
0.0336
0.0335
0.0337
0.0345
0.0341
0.0347
0.0349
0.0356
0.0355
0.036
0.0364
0.037
0.0351
0.0349
0.0345
0.0351
0.0338
0.0348
0.0338
0.0353
0.0336
0.0339
0.0341
0.0353
0.0349
0.0352
0.0355
0.0359
0.0369
0.0362
0.0361
0.0358
0.035
0.0358
0.0369
0.0359
0.036
0.036
0.0367
0.0363
0.0372
0.0376
0.0366
0.0379
0.0379
0.0385
0.0391
0.0388
0.0375
0.0387
0.0389
0.0394
0.0398
0.0387
0.0378
0.0372
0.0381
0.0368
0.0363
0.0352
0.0352
0.0359
0.0356
0.0351
0.0354
0.0351
0.0359
0.0357
0.0369
0.0354
0.0359
0.0365
0.0376
0.0376
0.0383
0.0391
0.037
0.0373
0.0366
0.0366
0.0376
0.0374
0.0386
0.0382
0.0382
0.0377
0.0383
0.0384
0.0396
0.04
0.0386
0.0392
0.0387
0.041
0.0382
0.0386
0.0373
0.0378
0.037
0.037
0.0369
0.0376
0.0379
0.0385
0.0379
0.0397
0.0382
0.0398
0.0382
0.0378
0.0384
0.039
0.0378
0.038
0.0374
0.0377
0.0375
0.0373
0.0374
0.0362
0.0365
0.0369
0.0371
0.0375
0.0371
0.0384
0.0389
0.039
0.0389
0.0402
0.0405
0.0399
0.0412
0.0393
0.0369
0.038
0.0372
0.0381
0.0361
0.036
0.0349
0.0346
0.035
0.0344
0.0344
0.0349
0.0352
0.0342
0.0355
0.0351
0.0351
0.0348
0.0347
0.0346
0.0346
0.0338
0.0332
0.0333
0.033
0.0327
0.0327
0.0327
0.0325
0.0324
0.0322
0.0322
0.0322
0.0322
0.0322
0.0322
0.0322
0.0322
0.0322
0.0322
0.0322
0.0322
0.0322
0.0322
0.0322
0.0322
0.0322
0.0322
0.0322
0.0322
0.0322
0.0322
0.0322
0.0322
0.0322
0.0322
0.0322
0.0322
0.0322
0.0322
0.0322
0.0322
0.0322
0.0322
0.0322
0.0322
0.0322
0.0322
0.0322
0.0322
0.0322
0.0322
0.0322
0.0322
0.0322
0.0322
0.0322
0.0322
0.0322
0.0322
0.0322
0.0322
0.0322
0.0322
0.0322
0.0322
0.0322
0.0322
0.0322
0.0322
0.0322
0.0322
0.0322
0.0322
0.0322
0.0322
0.0322
0.0322
0.0322
0.0322
0.0322
0.0322
0.0322
0.0322
0.0322
0.0322
0.0322
0.0322
0.0322
0.0322
0.0322
0.0322
0.0322
0.0322
0.0322
0.0322
0.0322
0.0322
0.0322
0.0322
0.0322
0.0322
0.0322
0.0322
0.0322
0.0322
0.0322
0.0322
0.0322
0.0322
0.0322
0.0322
0.0322
0.0322
0.0322
0.0322
0.0322
0.0322
0.0322
0.0322
0.0322
0.0322
0.0322
0.0322
0.0322
0.0322
0.0322
0.0322
0.0322
0.0322
0.0322
0.0322
0.0322
0.0322
0.0322
0.0322
0.0322
0.0322
0.0322
0.0322
0.0322
0.0322
0.0322
0.0322
0.0322
0.0322
0.0322
0.0322
0.0322
0.0322
0.0322
0.0322
0.0322
0.0322
0.0322
0.0322
0.0322
0.0322
0.0322
0.0322
0.0322
0.0322
0.0322
0.0322
0.0322
0.0322
0.0322
0.0322
0.0322
0.0322
0.0322
0.0322
0.0322
0.0322
0.0322
0.0322
0.0322
0.0322
0.0322
0.0322
0.0322
0.0322
0.0322
0.0322
0.0322
0.0322
0.0322
0.0322
0.0322
0.0322
0.0322
0.0322
0.0322
0.0322
0.0322
0.0322
0.0322
0.0322
0.0322
0.0322
0.0322
0.0322
0.0322
0.0322
0.0322
0.0322
0.0322
0.0322
0.0322
0.0322
0.0322
0.0322
0.0322
0.0322
0.0322
0.0322
0.0322
0.0322
0.0322
0.0322
0.0322
0.0322
0.0322
0.0322
0.0322
0.0322
0.0322
0.0322
0.0322
0.0322
0.0322
0.0322
0.0322
0.0322
0.0322
0.0322
0.0322
0.0322
0.0322
0.0322
0.0322
0.0322
0.0322
0.0322
0.0322
0.0322
0.0322
0.0322
0.0322
0.0322
0.0322
0.0322
0.0322
0.0322
0.0322
0.0322
0.0322
0.0322
0.0322
0.0322
0.0322
0.0322
0.0322
0.0322
0.0322
0.0322
0.0322
0.0322
0.0322
0.0322
0.0322
0.0322
0.0322
0.0322
0.0322
0.0322
0.0322
0.0322
0.0322
0.0322
0.0322
0.0322
0.0322
0.0322
0.0322
0.0322
0.0322
0.0322
0.0322
0.0322
0.0322
0.0322
0.0322
0.0322
0.0322
0.0322
0.0322
0.0322
0.0322
0.0322
0.0322
0.0322
0.0322
0.0322
0.0322
0.0322
0.0322
0.0322
0.0322
0.0322
0.0322
0.0322
0.0322
0.0322
0.0322
0.0322
0.0322
0.0322
0.0322
0.0322
0.0322
0.0322
0.0322
0.0322
0.0322
0.0322
0.0322
0.0322
0.0322
0.0322
0.0322
0.0322
0.0322
0.0322
0.0322
0.0322
0.0322
0.0322
0.0322
0.0322
0.0322
0.0322
0.0322
0.0322
0.0322
0.0322
0.0322
0.0322
0.0322
0.0322
0.0322
0.0322
0.0322
0.0322
0.0322
0.0322
0.0322
0.0322
0.0322
0.0322
0.0322
0.0322
0.0322
0.0322
0.0322
0.0322
0.0322
0.0322
0.0322
0.0322
0.0322
0.0322
0.0322
0.0322
0.0322
0.0322
0.0322
0.0322
0.0322
0.0322
0.0322
0.0322
0.0322
0.0322
0.0322
0.0322
0.0322
0.0322
0.0322
0.0322
0.0322
0.0322
0.0322
0.0322
0.0322
0.0322
0.0322
0.0322
0.0322
0.0322
0.0322
0.0322
0.0322
0.0322
0.0322
0.0322
0.0322
0.0322
0.0322
0.0322
0.0322
0.0322
0.0322
0.0322
0.0322
0.0322
0.0322
0.0322
0.0322
0.0322
0.0322
0.0322
0.0322
0.0322
0.0322
0.0322
0.0322
