0.0322
0.304
0.3454
0.2909
0.2805
0.2679
0.2582
0.2456
0.2376
0.2348
0.2383
0.2254
0.2271
0.2149
0.2134
0.198
0.2012
0.1927
0.1886
0.1867
0.1906
0.1871
0.1854
0.1861
0.1828
0.1778
0.172
0.1682
0.1637
0.1618
0.1594
0.1658
0.1589
0.1559
0.1536
0.1513
0.1496
0.157
0.1585
0.1652
0.1518
0.1555
0.1517
0.156
0.1487
0.1504
0.1398
0.1461
0.1389
0.1363
0.1322
0.1325
0.1374
0.1382
0.1438
0.1375
0.1359
0.1308
0.1266
0.1279
0.1185
0.1155
0.1156
0.1127
0.1104
0.1134
0.1132
0.1113
0.1132
0.1072
0.1072
0.1039
0.1033
0.1008
0.099
0.0991
0.098
0.0997
0.1012
0.1019
0.0983
0.0987
0.1007
0.1024
0.103
0.0979
0.1009
0.0975
0.0995
0.0995
0.1012
0.1026
0.0977
0.1008
0.0985
0.0949
0.0944
0.0921
0.095
0.0923
0.0899
0.0906
0.0936
0.085
0.0896
0.0858
0.0878
0.0892
0.0903
0.0867
0.0874
0.0875
0.0887
0.0836
0.0839
0.0861
0.0858
0.0856
0.0857
0.0851
0.0824
0.0873
0.0841
0.0892
0.0864
0.0895
0.086
0.0877
0.0897
0.0872
0.0876
0.0863
0.0866
0.0852
0.0857
0.0876
0.0889
0.0841
0.0846
0.0884
0.0851
0.0806
0.0814
0.0773
0.0753
0.0765
0.0734
0.0768
0.0754
0.0772
0.078
0.0808
0.0803
0.0817
0.0873
0.0834
0.0854
0.0853
0.0842
0.081
0.0775
0.083
0.082
0.0791
0.0832
0.0794
0.08
0.0828
0.0837
0.0816
0.0786
0.0775
0.0766
0.0773
0.0739
0.0726
0.0737
0.0778
0.0801
0.081
0.0838
0.0801
0.0835
0.0797
0.0804
0.0774
0.0828
0.0797
0.0784
0.08
0.0756
0.0775
0.0801
0.0794
0.0849
0.0784
0.0741
0.075
0.0774
0.0745
0.0745
0.0744
0.0766
0.0738
0.0775
0.0772
0.0785
0.0766
0.0765
0.0779
0.0776
0.0781
0.083
0.082
0.0831
0.0821
0.0784
0.0787
0.077
0.0769
0.0817
0.0767
0.0784
0.0793
0.0787
0.0745
0.0757
0.0714
0.0727
0.0741
0.0772
0.0751
0.0762
0.0764
0.073
0.0754
0.0716
0.0749
0.0681
0.0703
0.0699
0.0681
0.0677
0.0674
0.0669
0.0689
0.0667
0.0674
0.0653
0.0652
0.0658
0.0636
0.0636
0.0667
0.0659
0.067
0.0633
0.0664
0.064
0.0637
0.0599
0.0606
0.0606
0.0604
0.061
0.0621
0.06
0.062
0.0605
0.0594
0.0637
0.0599
0.0606
0.0616
0.0636
0.0644
0.0627
0.0665
0.0635
0.0648
0.0632
0.0677
0.0645
0.0681
0.0669
0.0674
0.0642
0.0661
0.0686
0.0696
0.0687
0.0723
0.0735
0.0766
0.0793
0.0764
0.0761
0.0735
0.0723
0.0706
0.0667
0.0693
0.0692
0.0724
0.0715
0.078
0.0735
0.0735
0.0729
0.0702
0.0704
0.0715
0.0692
0.0699
0.0666
0.0677
0.0698
0.069
0.07
0.0719
0.0687
0.0692
0.067
0.0679
0.0633
0.063
0.065
0.0646
0.0639
0.061
0.0623
0.0629
0.0586
0.0614
0.0621
0.0612
0.064
0.0611
0.0619
0.0615
0.0629
0.0613
0.0635
0.0582
0.0585
0.0583
0.0588
0.0602
0.0621
0.0639
0.0633
0.062
0.0635
0.0627
0.0635
0.0667
0.0595
0.0602
0.0615
0.0615
0.0617
0.0644
0.0622
0.0607
0.0591
0.06
0.0621
0.0587
0.0602
0.0575
0.0581
0.0572
0.0566
0.0555
0.0543
0.0563
0.0532
0.0558
0.0535
0.0541
0.0519
0.0523
0.049
0.0489
0.0466
0.0464
0.0461
0.0484
0.0475
0.0471
0.0474
0.049
0.0477
0.0471
0.0477
0.0492
0.0482
0.0489
0.0489
0.0498
0.0474
0.0481
0.0473
0.0476
0.0477
0.0472
0.0471
0.0478
0.0464
0.0478
0.0459
0.0479
0.0478
0.0493
0.0473
0.0487
0.0506
0.0484
0.0487
0.0498
0.05
0.0505
0.0489
0.0483
0.0487
0.05
0.0502
0.0481
0.0498
0.0483
0.0476
0.0479
0.0494
0.05
0.0513
0.0507
0.05
0.0512
0.0525
0.0527
0.0531
0.0533
0.0546
0.0545
0.0572
0.0535
0.0549
0.052
0.0557
0.0536
0.0554
0.0555
0.0565
0.0552
0.056
0.0546
0.0555
0.0522
0.0559
0.0526
0.0558
0.053
0.0533
0.0523
0.0527
0.0525
0.052
0.0525
0.0538
0.0547
0.0549
0.0526
0.0519
0.0509
0.0506
0.051
0.0501
0.0501
0.0496
0.0496
0.0481
0.0493
0.0477
0.0484
0.0485
0.0487
0.0477
0.0484
0.0467
0.0474
0.0466
0.0473
0.0474
0.0485
0.0482
0.0463
0.046
0.0453
0.0451
0.0447
0.0446
0.046
0.0451
0.0465
0.0451
0.0458
0.0454
0.048
0.0466
0.0491
0.0472
0.0477
0.0477
0.0464
0.0477
0.0464
0.048
0.0466
0.0481
0.0475
0.0495
0.0486
0.0506
0.047
0.0468
0.0474
0.0485
0.0489
0.0495
0.0487
0.049
0.0496
0.0493
0.0485
0.0498
0.0491
0.0489
0.0453
0.046
0.0455
0.0465
0.0446
0.0468
0.0453
0.0465
0.0447
0.0473
0.0458
0.0456
0.0453
0.0472
0.0467
0.0461
0.0441
0.0431
0.043
0.0437
0.0427
0.0424
0.0437
0.044
0.0445
0.0478
0.0446
0.0457
0.0446
0.0472
0.045
0.0443
0.0455
0.046
0.0441
0.0449
0.0419
0.0432
0.0417
0.0421
0.0411
0.041
0.0411
0.0406
0.0413
0.0411
0.0422
0.0415
0.0421
0.0413
0.042
0.0408
0.0409
0.0398
0.04
0.0398
0.0404
0.0402
0.0407
0.0386
0.0386
0.0388
0.0384
0.0383
0.0382
0.0385
0.0386
0.0382
0.0381
0.0386
0.0384
0.0384
0.0391
0.0388
0.04
0.039
0.0399
0.0398
0.0404
0.0404
0.0416
0.0404
0.0397
0.0404
0.0402
0.0412
0.0411
0.0413
0.0424
0.0417
0.0422
0.0432
0.0418
0.0431
0.0421
0.0429
0.042
0.0409
0.0407
0.0412
0.0406
0.0404
0.0396
0.0396
0.0387
0.0398
0.0393
0.04
0.0397
0.041
0.0411
0.0421
0.0417
0.0413
0.0409
0.0405
0.0407
0.0405
0.0411
0.0413
0.0414
0.0424
0.0424
0.0433
0.0442
0.0444
0.0441
0.0463
0.0441
0.0431
0.0425
0.0415
0.0412
0.0422
0.0419
0.0421
0.0419
0.0436
0.0427
0.0435
0.042
0.0422
0.0432
0.0415
0.0417
0.0423
0.0421
0.0428
0.0431
0.0424
0.0439
0.0432
0.0433
0.0428
0.0433
0.0436
0.0434
0.0426
0.0431
0.0429
0.0435
0.0434
0.0428
0.0422
0.0419
0.0429
0.0439
0.0433
0.0444
0.0434
0.0448
0.0458
0.046
0.0465
0.0473
0.0472
0.0473
0.046
0.0461
0.047
0.0478
0.0469
0.0458
0.0463
0.0453
0.0445
0.045
0.0451
0.0436
0.0432
0.0446
0.0442
0.0441
0.0439
0.0431
0.044
0.0448
0.0437
0.043
0.0422
0.0423
0.0427
0.0417
0.0409
0.0417
0.0417
0.0418
0.0423
0.042
0.0438
0.0421
0.0442
0.043
0.0448
0.0441
0.0467
0.046
0.0471
0.0459
0.046
0.0446
0.0426
0.0437
0.0438
0.0442
0.0453
0.0439
0.046
0.0448
0.0435
0.0455
0.0427
0.0428
0.0424
0.0416
0.0417
0.0412
0.0409
0.0402
0.0398
0.0394
0.0407
0.0395
0.0397
0.0402
0.0407
0.0409
0.0404
0.0406
0.0398
0.0397
0.0403
0.0392
0.0394
0.0401
0.0395
0.0392
0.0392
0.0393
0.0411
0.0397
0.041
0.0392
0.0411
0.04
0.0405
0.0389
0.0392
0.0388
0.0401
0.0392
0.0385
0.0368
0.0351
0.0352
0.0351
0.0357
0.0357
0.0358
0.0368
0.0354
0.0356
0.0356
0.0368
0.0363
0.0376
0.0363
0.0371
0.0366
0.0366
0.0367
0.0366
0.0369
0.0363
0.0367
0.0369
0.0369
0.0384
0.0368
0.0371
0.037
0.0381
0.0371
0.0383
0.0392
0.0398
0.0385
0.0398
0.0379
0.0374
0.0377
0.0368
0.0371
0.0365
0.0386
0.0358
0.036
0.036
0.0364
0.0362
0.0367
0.0354
0.0356
0.0358
0.0366
0.0361
0.0369
0.0365
0.0373
0.0365
0.0364
0.0371
0.0366
0.0371
0.0379
0.0374
0.0381
0.0376
0.0385
0.0387
0.0376
0.0378
0.0373
0.0368
0.0373
0.0371
0.0384
0.0382
0.0379
0.0378
0.0384
0.0374
0.0375
0.0368
0.037
0.0367
0.0378
0.0371
0.0382
0.0381
0.0383
0.0381
0.0378
0.0383
0.0385
0.0398
0.0392
0.0409
0.0387
0.039
0.0385
0.0394
0.0386
0.0396
0.0383
0.039
0.0388
0.0394
0.0388
0.0388
0.0381
0.0389
0.0398
0.0389
0.0395
0.0381
0.0395
0.0372
0.0376
0.0369
0.0365
0.0369
0.0366
0.0375
0.0368
0.037
0.0371
0.0369
0.0378
0.0378
0.0384
0.038
0.0373
0.0376
0.038
0.0382
0.0372
0.0369
0.0367
0.0363
0.036
0.0356
0.0356
0.0354
0.0354
0.0353
0.0356
0.035
0.0351
0.0351
0.0356
0.0362
0.0372
0.0363
0.0363
0.0358
0.0364
0.0363
0.0371
0.0369
0.0362
0.037
0.0361
0.0358
0.0361
0.0354
0.0355
0.0359
0.0365
0.0369
0.0369
0.038
0.0373
0.0373
0.0373
0.0367
0.0374
0.0374
0.0375
0.0379
0.0395
0.039
0.0408
0.0381
0.0372
0.0377
0.0391
0.0382
0.0393
0.039
0.0397
0.0398
0.0398
0.0396
