0.0397
0.3046
0.3554
0.294
0.2931
0.2646
0.2589
0.2453
0.2265
0.2192
0.2155
0.2173
0.2085
0.2083
0.1978
0.1968
0.1932
0.1931
0.1841
0.1856
0.1801
0.1766
0.1741
0.1658
0.1648
0.1673
0.1634
0.1668
0.1561
0.1552
0.1612
0.1512
0.1551
0.1518
0.1483
0.1425
0.1411
0.1445
0.1359
0.1332
0.136
0.13
0.1243
0.1226
0.1209
0.1224
0.1232
0.1207
0.1239
0.1146
0.121
0.1195
0.1212
0.1195
0.1177
0.1154
0.1141
0.1175
0.1201
0.1225
0.1193
0.1225
0.1204
0.1262
0.1243
0.1223
0.116
0.1135
0.1206
0.118
0.1229
0.1186
0.1183
0.1202
0.1207
0.1195
0.1199
0.117
0.1192
0.118
0.1247
0.1205
0.118
0.12
0.1121
0.111
0.1113
0.1104
0.1096
0.1077
0.1142
0.1114
0.1143
0.1094
0.1048
0.1001
0.099
0.0944
0.0985
0.093
0.0934
0.0901
0.0922
0.0971
0.097
0.1034
0.1024
0.1023
0.1033
0.099
0.1004
0.1013
0.0985
0.1003
0.1029
0.1016
0.0954
0.0971
0.0996
0.1005
0.1066
0.1077
0.1081
0.1081
0.1048
0.1077
0.1094
0.1079
0.1069
0.1074
0.0997
0.0958
0.0999
0.0987
0.1023
0.0961
0.1005
0.0996
0.0997
0.1003
0.0981
0.1017
0.1027
0.0981
0.0943
0.0936
0.0946
0.094
0.0967
0.0907
0.0926
0.0911
0.0919
0.0943
0.0907
0.0882
0.0892
0.091
0.0925
0.0981
0.0982
0.0989
0.1006
0.1005
0.1029
0.0978
0.0956
0.098
0.0971
0.0922
0.0927
0.0869
0.085
0.0785
0.0827
0.0811
0.0808
0.0796
0.08
0.08
0.0796
0.0806
0.0833
0.0804
0.0813
0.0824
0.0802
0.079
0.0789
0.0807
0.0843
0.08
0.083
0.0833
0.0879
0.0835
0.0855
0.0895
0.0857
0.0901
0.0864
0.0858
0.0876
0.0889
0.0886
0.0839
0.0872
0.0794
0.0831
0.0807
0.0842
0.0864
0.0844
0.0881
0.09
0.0904
0.0879
0.0847
0.0879
0.0888
0.0901
0.0892
0.0937
0.0855
0.0873
0.08
0.0832
0.083
0.0871
0.0845
0.0863
0.0841
0.0853
0.0799
0.0844
0.0859
0.0858
0.0917
0.0904
0.0936
0.0979
0.0957
0.0966
0.0951
0.0983
0.095
0.0915
0.0869
0.0881
0.0846
0.0825
0.0803
0.0793
0.0784
0.0765
0.0776
0.0767
0.0786
0.0774
0.0824
0.0806
0.0818
0.0812
0.0845
0.0813
0.0805
0.0813
0.0834
0.0831
0.0856
0.0876
0.0841
0.0844
0.0859
0.0811
0.0802
0.0779
0.0756
0.0761
0.0742
0.0771
0.0778
0.0809
0.0771
0.0791
0.078
0.0833
0.0784
0.0798
0.0804
0.0806
0.0786
0.0779
0.0805
0.0814
0.08
0.076
0.0715
0.0685
0.07
0.0701
0.0676
0.0675
0.0666
0.0695
0.0698
0.0674
0.0709
0.0658
0.0702
0.0698
0.0711
0.0713
0.0714
0.0686
0.0691
0.0703
0.0691
0.0662
0.0667
0.0681
0.0644
0.0643
0.0637
0.0646
0.0661
0.062
0.0657
0.0673
0.0684
0.0711
0.0707
0.0711
0.0675
0.0664
0.0662
0.0697
0.0692
0.07
0.0683
0.0707
0.0725
0.0721
0.0681
0.0712
0.0674
0.0692
0.0688
0.0696
0.0707
0.0704
0.0686
0.0698
0.0711
0.0732
0.0706
0.069
0.072
0.0716
0.0727
0.0722
0.0728
0.0712
0.0724
0.0703
0.0713
0.071
0.0706
0.0695
0.0684
0.0691
0.0683
0.0686
0.0712
0.0714
0.0728
0.0712
0.0716
0.0727
0.076
0.0738
0.0754
0.0748
0.0801
0.0757
0.0796
0.0778
0.0766
0.0777
0.0787
0.0746
0.0735
0.0754
0.0745
0.075
0.0789
0.0813
0.0819
0.0807
0.0772
0.0772
0.0748
0.0756
0.0758
0.0759
0.0742
0.076
0.0779
0.083
0.079
0.0823
0.0821
0.0826
0.0814
0.0798
0.0805
0.0809
0.0775
0.0791
0.0805
0.0791
0.0799
0.0777
0.0818
0.0808
0.0814
0.0811
0.0811
0.0787
0.0815
0.0776
0.0791
0.081
0.0831
0.0831
0.0818
0.0777
0.0824
0.079
0.0804
0.0815
0.0808
0.0798
0.08
0.0751
0.077
0.071
0.0721
0.0712
0.069
0.0698
0.07
0.0701
0.0688
0.0708
0.0701
0.0749
0.0736
0.0748
0.0745
0.0749
0.0697
0.0722
0.0685
0.0696
0.0723
0.0738
0.0755
0.0783
0.0749
0.0758
0.0752
0.0734
0.0757
0.0726
0.0705
0.0742
0.0669
0.0701
0.0687
0.0702
0.0693
0.0689
0.0681
0.0692
0.0703
0.069
0.0707
0.066
0.066
0.0696
0.0705
0.0734
0.07
0.0749
0.0757
0.0735
0.0744
0.0748
0.0759
0.0774
0.0764
0.0783
0.0778
0.0764
0.079
0.0717
0.0734
0.0684
0.0719
0.0676
0.0705
0.0714
0.0662
0.0685
0.066
0.0674
0.0675
0.0691
0.0713
0.0696
0.0735
0.0726
0.0733
0.0717
0.075
0.0701
0.0744
0.0716
0.077
0.0725
0.0747
0.0754
0.0738
0.075
0.0778
0.0745
0.0763
0.0803
0.0793
0.0821
0.0772
0.0736
0.0743
0.0759
0.0761
0.077
0.075
0.0747
0.0739
0.0727
0.0713
0.0753
0.0769
0.0723
0.0738
0.0768
0.0776
0.0771
0.0795
0.079
0.0811
0.0801
0.0822
0.0844
0.0858
0.0836
0.0867
0.0807
0.0821
0.0822
0.0839
0.0836
0.0816
0.0798
0.079
0.0804
0.0783
0.08
0.0758
0.079
0.0729
0.0767
0.0729
0.0766
0.0765
0.0784
0.075
0.0746
0.0728
0.0746
0.071
0.0732
0.071
0.0732
0.0724
0.0714
0.0683
0.0691
0.0689
0.0699
0.0714
0.0688
0.0689
0.0674
0.0709
0.0728
0.0724
0.0704
0.0668
0.0676
0.0686
0.0735
0.0711
0.0693
0.0691
0.067
0.0691
0.0677
0.0712
0.0704
0.0693
0.0661
0.066
0.0631
0.0646
0.0668
0.0664
0.0658
0.0669
0.0715
0.07
0.0743
0.0739
0.079
0.0746
0.0694
0.07
0.073
0.0677
0.0727
0.0646
0.0683
0.068
0.0701
0.0685
0.069
0.0664
0.0662
0.069
0.0662
0.0633
0.0613
0.0606
0.061
0.0599
0.0598
0.0615
0.0588
0.0579
0.0592
0.0561
0.0575
0.0565
0.0568
0.0556
0.0561
0.0577
0.0564
0.0546
0.054
0.0539
0.0546
0.0503
0.0517
0.0528
0.0535
0.0512
0.0494
0.0472
0.0457
0.0486
0.0482
0.0474
0.0476
0.048
0.0493
0.0506
0.0503
0.0515
0.0499
0.0511
0.053
0.0506
0.0544
0.0515
0.055
0.0527
0.0515
0.0502
0.0515
0.0499
0.0534
0.0524
0.0561
0.057
0.0566
0.054
0.0552
0.055
0.0545
0.0524
0.0531
0.0569
0.0564
0.0541
0.0529
0.0524
0.0508
0.0511
0.0537
0.0494
0.0497
0.0494
0.0477
0.0506
0.0467
0.049
0.0475
0.0497
0.0502
0.0475
0.0488
0.0483
0.0486
0.0509
0.0499
0.0506
0.0501
0.052
0.0519
0.0531
0.0527
0.0551
0.0512
0.0538
0.0517
0.0502
0.0486
0.0506
0.0471
0.0451
0.0447
0.0424
0.044
0.0436
0.0466
0.0451
0.0466
0.0486
0.0506
0.0506
0.0497
0.051
0.0504
0.0531
0.0544
0.0515
0.0532
0.0542
0.0557
0.0565
0.0564
0.0531
0.0522
0.0548
0.0546
0.0532
0.0536
0.0535
0.0515
0.0521
0.055
0.0548
0.0588
0.06
0.0611
0.0578
0.0611
0.059
0.0588
0.0563
0.0575
0.0568
0.0554
0.0566
0.0591
0.0577
0.0563
0.0601
0.0591
0.059
0.0568
0.0599
0.0598
0.0602
0.0585
0.0609
0.0625
0.062
0.062
0.0655
0.0646
0.0608
0.0622
0.0655
0.0632
0.0647
0.0651
0.0675
0.0676
0.0646
0.0692
0.0678
0.0692
0.0664
0.07
0.0671
0.0618
0.0638
0.063
0.062
0.0616
0.0619
0.0598
0.0619
0.0604
0.0644
0.0631
0.0671
0.0625
0.062
0.0607
0.0583
0.058
0.0599
0.0603
0.0606
0.0585
0.0553
0.0527
0.0534
0.051
0.0519
0.052
0.0525
0.0553
0.053
0.0526
0.0524
0.054
0.0549
0.0546
0.053
0.0521
0.0515
0.0529
0.0484
0.0491
0.0476
0.0492
0.0462
0.0486
0.046
0.0471
0.0459
0.046
0.0458
0.0463
0.0462
0.0456
0.0458
0.0444
0.0463
0.0426
0.0433
0.0425
0.0438
0.0458
0.0462
0.0457
0.0453
0.0453
0.0481
0.0468
0.0497
0.049
0.0477
0.0473
0.0478
0.0464
0.0471
0.0476
0.0445
0.0461
0.0417
0.0423
0.0412
0.0407
0.0392
0.0395
0.0399
0.0416
0.0404
0.0419
0.0409
0.042
0.0414
0.0417
0.0413
0.0402
0.0426
0.0387
0.0406
0.0385
0.0388
0.039
0.0391
0.041
0.039
0.0414
0.0377
0.0383
0.0367
0.0377
0.0366
0.037
0.0391
0.0394
0.0418
0.0393
0.0409
0.041
0.0419
0.0394
0.0398
0.0406
0.0409
0.0404
0.0417
0.041
0.0407
0.0405
0.0398
0.0396
0.0384
0.0381
0.0381
0.0382
0.0389
0.0394
0.0387
0.0391
0.0391
0.039
0.0396
0.0387
0.0403
0.0393
0.0389
0.0388
0.0398
0.0383
0.0379
0.0381
0.0381
0.037
0.0385
0.0382
0.0402
0.0397
0.0403
0.0387
0.0401
0.0392
0.0394
0.0383
0.0391
0.0402
0.0402
0.0413
0.0401
0.04
0.0414
0.0429
0.0444
0.0438
0.0465
0.0458
0.0481
0.0436
