0.0461
0.2988
0.335
0.2864
0.2843
0.2734
0.2649
0.2551
0.2456
0.2388
0.2278
0.2147
0.2107
0.2108
0.2085
0.2031
0.2038
0.1914
0.1888
0.1829
0.1786
0.1735
0.1734
0.1747
0.1672
0.1717
0.1687
0.1702
0.1588
0.1577
0.1572
0.1554
0.1602
0.1526
0.1488
0.1418
0.1402
0.1395
0.1307
0.1332
0.1316
0.1328
0.1317
0.1361
0.1354
0.1297
0.1312
0.1324
0.1296
0.1326
0.1302
0.1358
0.1308
0.1377
0.1303
0.1321
0.132
0.1322
0.1331
0.1321
0.1404
0.1412
0.1379
0.141
0.137
0.1273
0.1376
0.1283
0.13
0.126
0.1208
0.1193
0.1155
0.1148
0.1153
0.1143
0.1134
0.118
0.115
0.1213
0.1169
0.1163
0.1205
0.1203
0.1174
0.1222
0.1184
0.1188
0.1166
0.1218
0.1186
0.1192
0.1226
0.12
0.123
0.1241
0.1184
0.1226
0.12
0.1245
0.1224
0.1226
0.1257
0.1268
0.1275
0.1279
0.1283
0.1288
0.1265
0.1334
0.1312
0.1321
0.1301
0.1312
0.1294
0.132
0.1229
0.1332
0.1293
0.1254
0.1282
0.132
0.1308
0.1284
0.1264
0.1259
0.1223
0.1225
0.1251
0.121
0.1243
0.1246
0.1271
0.1187
0.1177
0.1185
0.1188
0.1175
0.1198
0.1133
0.12
0.1164
0.1114
0.1146
0.1116
0.1124
0.1098
0.113
0.1087
0.1106
0.1075
0.1094
0.1051
0.1055
0.1055
0.101
0.1029
0.099
0.1016
0.1007
0.1016
0.0989
0.1004
0.0979
0.1002
0.0996
0.0928
0.0962
0.0929
0.0899
0.0888
0.0923
0.0889
0.089
0.0892
0.0935
0.0901
0.1006
0.0897
0.0954
0.0894
0.0897
0.091
0.0887
0.0942
0.0923
0.0914
0.0913
0.0894
0.0894
0.0934
0.0951
0.092
0.0915
0.088
0.0933
0.0908
0.0942
0.0915
0.0867
0.0855
0.088
0.0886
0.0873
0.0885
0.087
0.0846
0.0858
0.0868
0.0833
0.0837
0.0822
0.0818
0.0791
0.0847
0.0804
0.0788
0.078
0.0747
0.0778
0.0792
0.082
0.08
0.0821
0.086
0.0847
0.0918
0.0879
0.0904
0.092
0.0888
0.0897
0.0934
0.0925
0.0967
0.0913
0.0891
0.0906
0.0878
0.0856
0.0829
0.084
0.0853
0.083
0.0855
0.082
0.0793
0.0831
0.0763
0.0768
0.0735
0.0767
0.0758
0.0781
0.0765
0.0791
0.0767
0.0758
0.0778
0.0782
0.0762
0.0754
0.0759
0.0721
0.0694
0.0714
0.0723
0.0718
0.0755
0.0774
0.0783
0.0778
0.0785
0.0798
0.075
0.0741
0.0745
0.0725
0.072
0.0728
0.0717
0.073
0.0682
0.0655
0.0677
0.0664
0.066
0.0648
0.0661
0.0636
0.0683
0.0645
0.0652
0.0638
0.0699
0.0713
0.071
0.0728
0.0732
0.0784
0.0731
0.0753
0.0753
0.0715
0.0735
0.0741
0.0766
0.0736
0.0718
0.0732
0.0722
0.0722
0.0711
0.0715
0.0719
0.0692
0.0734
0.0728
0.0732
0.0734
0.0784
0.0752
0.0759
0.0755
0.0767
0.0717
0.0717
0.0717
0.0732
0.0702
0.0673
0.0696
0.067
0.066
0.0656
0.0659
0.0661
0.0674
0.0641
0.0642
0.066
0.0677
0.0633
0.06
0.0613
0.06
0.0616
0.0617
0.0651
0.0607
0.0616
0.0622
0.064
0.0626
0.0636
0.0624
0.0628
0.0666
0.0662
0.0726
0.0693
0.0711
0.069
0.0709
0.0702
0.0703
0.0748
0.0707
0.0743
0.0643
0.0677
0.0656
0.0661
0.0641
0.064
0.0621
0.0626
0.0604
0.0611
0.0632
0.0689
0.0679
0.0694
0.0687
0.0685
0.069
0.0678
0.0688
0.0684
0.0732
0.0714
0.0721
0.0693
0.0691
0.0675
0.068
0.0666
0.0671
0.0668
0.067
0.0631
0.0665
0.0626
0.0633
0.0657
0.0641
0.0656
0.0629
0.0606
0.0599
0.0636
0.0624
0.065
0.0627
0.0654
0.062
0.0681
0.0646
0.0663
0.0663
0.0625
0.0641
0.0656
0.0651
0.0651
0.0678
0.0674
0.0711
0.0666
0.0701
0.0666
0.066
0.0675
0.0647
0.0612
0.0644
0.0616
0.0643
0.0587
0.0622
0.0586
0.0614
0.0603
0.0665
0.0602
0.0611
0.0566
0.0592
0.0565
0.0598
0.0583
0.0581
0.0621
0.0572
0.0568
0.0585
0.0585
0.0599
0.0589
0.0599
0.0585
0.0609
0.0562
0.0566
0.0584
0.0588
0.0604
0.0557
0.057
0.058
0.0596
0.0584
0.0614
0.0595
0.0603
0.0598
0.0591
0.0564
0.0557
0.0541
0.0554
0.0551
0.0566
0.0578
0.0571
0.0575
0.0566
0.0564
0.0539
0.0582
0.0583
0.0565
0.0568
0.0561
0.058
0.0579
0.0588
0.0575
0.0582
0.0548
0.057
0.0558
0.0565
0.0552
0.0545
0.0535
0.0537
0.0546
0.0567
0.0567
0.0586
0.0551
0.0544
0.0534
0.0582
0.0565
0.0592
0.0588
0.056
0.0576
0.0564
0.0566
0.0566
0.057
0.0584
0.057
0.0587
0.0603
0.0614
0.0593
0.0558
0.0592
0.0548
0.0553
0.0546
0.055
0.0541
0.0553
0.0564
0.0602
0.0552
0.057
0.0548
0.0569
0.0516
0.0518
0.0498
0.0511
0.0503
0.049
0.0493
0.0483
0.0496
0.0491
0.0526
0.0488
0.0464
0.0494
0.0492
0.0491
0.0511
0.0513
0.0544
0.0512
0.0534
0.0493
0.0518
0.05
0.0498
0.0469
0.0466
0.0457
0.0467
0.0452
0.0438
0.0439
0.0449
0.0429
0.0407
0.0407
0.0412
0.0396
0.0404
0.0395
0.0418
0.0395
0.04
0.0393
0.0407
0.0396
0.0395
0.0382
0.0379
0.0393
0.0387
0.038
0.0388
0.0389
0.0403
0.0403
0.0409
0.0402
0.041
0.0386
0.037
0.0364
0.0371
0.0357
0.0344
0.0349
0.0321
0.0325
0.0331
0.0337
0.0336
0.0327
0.032
0.0333
0.0309
0.031
0.0313
0.0314
0.0316
0.032
0.0312
0.0326
0.0322
0.0341
0.0339
0.0368
0.0355
0.0366
0.0374
0.0387
0.0373
0.038
0.0386
0.04
0.0388
0.038
0.0396
0.0379
0.0385
0.0375
0.0379
0.0365
0.0368
0.0369
0.0372
0.0368
0.0377
0.037
0.0388
0.0369
0.0381
0.0367
0.039
0.0374
0.0386
0.037
0.0365
0.0358
0.036
0.0356
0.0358
0.0359
0.0358
0.0364
0.0358
0.0361
0.0347
0.0368
0.0374
0.0381
0.0378
0.04
0.04
0.039
0.0383
0.0391
0.0374
0.0401
0.0378
0.0403
0.0418
0.0426
0.0418
0.0439
0.0416
0.0444
0.0444
0.044
0.0448
0.0419
0.0448
0.0423
0.0426
0.0423
0.0455
0.0437
0.0447
0.0422
0.0436
0.0411
0.0412
0.0416
0.0413
0.043
0.0421
0.0439
0.0429
0.0401
0.0393
0.0394
0.0382
0.038
0.0381
0.0377
0.038
0.0376
0.0384
0.0392
0.0381
0.0363
0.0366
0.0367
0.0382
0.0373
0.038
0.037
0.038
0.0375
0.0377
0.0378
0.0381
0.0382
0.0392
0.0375
0.0376
0.0376
0.038
0.0376
0.0384
0.0384
0.0394
0.0374
0.0382
0.0379
0.0375
0.0368
0.0366
0.0355
0.035
0.0355
0.0345
0.0367
0.0355
0.0342
0.033
0.0325
0.0321
0.033
0.0327
0.0334
0.0334
0.0349
0.0327
0.0339
0.0337
0.0346
0.034
0.0346
0.033
0.0341
0.0322
0.0312
0.031
0.0308
0.0302
0.03
0.03
0.03
0.03
0.03
0.03
0.03
0.03
0.03
0.03
0.03
0.03
0.03
0.03
0.03
0.03
0.03
0.03
0.03
0.03
0.03
0.03
0.03
0.03
0.03
0.03
0.03
0.03
0.03
0.03
0.03
0.03
0.03
0.03
0.03
0.03
0.03
0.03
0.03
0.03
0.03
0.03
0.03
0.03
0.03
0.03
0.03
0.03
0.03
0.03
0.03
0.03
0.03
0.03
0.03
0.03
0.03
0.03
0.03
0.03
0.03
0.03
0.03
0.03
0.03
0.03
0.03
0.03
0.03
0.03
0.03
0.03
0.03
0.03
0.03
0.03
0.03
0.03
0.03
0.03
0.03
0.03
0.03
0.03
0.03
0.03
0.03
0.03
0.03
0.03
0.03
0.03
0.03
0.03
0.03
0.03
0.03
0.03
0.03
0.03
0.03
0.03
0.03
0.03
0.03
0.03
0.03
0.03
0.03
0.03
0.03
0.03
0.03
0.03
0.03
0.03
0.03
0.03
0.03
0.03
0.03
0.03
0.03
0.03
0.03
0.03
0.03
0.03
0.03
0.03
0.03
0.03
0.03
0.03
0.03
0.03
0.03
0.03
0.03
0.03
0.03
0.03
0.03
0.03
0.03
0.03
0.03
0.03
0.03
0.03
0.03
0.03
0.03
0.03
0.03
0.03
0.03
0.03
0.03
0.03
0.03
0.03
0.03
0.03
0.03
0.03
0.03
0.03
0.03
0.03
0.03
0.03
0.03
0.03
0.03
0.03
0.03
0.03
0.03
0.03
0.03
0.03
0.03
0.03
0.03
0.03
0.03
0.03
0.03
0.03
0.03
0.03
0.03
0.03
0.03
0.03
0.03
0.03
0.03
0.03
0.03
0.03
0.03
0.03
0.03
0.03
0.03
0.03
0.03
0.03
0.03
0.03
0.03
0.03
0.03
0.03
0.03
0.03
0.03
0.03
0.03
0.03
