0.03
0.2955
0.3366
0.2868
0.2842
0.2551
0.2412
0.2259
0.2217
0.2161
0.2063
0.1994
0.1992
0.1892
0.1853
0.1844
0.1788
0.1808
0.1784
0.1774
0.1716
0.1652
0.1686
0.1639
0.1571
0.1583
0.156
0.1565
0.1506
0.1477
0.1498
0.1483
0.1522
0.1408
0.138
0.1355
0.1347
0.1374
0.1321
0.1249
0.1269
0.1243
0.1211
0.1223
0.1229
0.1209
0.1186
0.1164
0.1171
0.1136
0.1151
0.1143
0.113
0.1118
0.1114
0.1134
0.1138
0.1112
0.108
0.1146
0.1073
0.1085
0.1076
0.1035
0.1028
0.1043
0.1058
0.1085
0.1114
0.1133
0.1138
0.1176
0.1155
0.1183
0.1186
0.1153
0.1177
0.1141
0.1077
0.1068
0.1063
0.1065
0.1085
0.1119
0.1041
0.1013
0.0982
0.1027
0.1026
0.1077
0.1096
0.1099
0.108
0.1045
0.0976
0.0982
0.0991
0.097
0.1001
0.0969
0.0937
0.0941
0.0934
0.0911
0.093
0.0931
0.0858
0.0912
0.0895
0.0916
0.0895
0.0922
0.0891
0.0885
0.0862
0.0845
0.0823
0.0831
0.084
0.0852
0.0858
0.083
0.0822
0.0835
0.0844
0.0814
0.0774
0.0798
0.0821
0.0837
0.0844
0.0806
0.0821
0.0779
0.0829
0.081
0.0792
0.0791
0.0755
0.0767
0.0789
0.0784
0.079
0.0757
0.0764
0.0744
0.0766
0.0739
0.0733
0.0754
0.0774
0.0772
0.0773
0.0762
0.0766
0.0757
0.0777
0.0771
0.0737
0.0768
0.0732
0.0764
0.0771
0.075
0.0758
0.0743
0.0768
0.0751
0.0767
0.076
0.0766
0.0808
0.0819
0.0801
0.0835
0.0795
0.0779
0.077
0.076
0.0795
0.0774
0.0777
0.0789
0.0773
0.0755
0.0778
0.0749
0.0738
0.0737
0.0748
0.0688
0.068
0.0701
0.0701
0.0709
0.0683
0.0713
0.0687
0.0705
0.0704
0.0686
0.0706
0.0727
0.073
0.0752
0.0781
0.0758
0.0787
0.0797
0.0793
0.0802
0.0782
0.0812
0.0764
0.082
0.0816
0.0825
0.0828
0.082
0.0855
0.0826
0.0846
0.0815
0.0843
0.0863
0.0873
0.0838
0.0808
0.0788
0.0797
0.0758
0.0744
0.073
0.0686
0.0691
0.0749
0.0702
0.0682
0.0698
0.0675
0.0705
0.0672
0.0684
0.0685
0.066
0.0672
0.0687
0.0676
0.0687
0.0652
0.0676
0.0663
0.0691
0.0681
0.0634
0.0656
0.0639
0.0658
0.0671
0.0638
0.0656
0.0626
0.0658
0.0655
0.0647
0.0648
0.067
0.0681
0.07
0.0706
0.0709
0.0733
0.0756
0.0777
0.072
0.078
0.0749
0.0752
0.0725
0.0729
0.0733
0.0769
0.0735
0.0751
0.0768
0.0717
0.072
0.073
0.0697
0.0689
0.0726
0.0717
0.0743
0.0751
0.0714
0.0701
0.0702
0.0694
0.0698
0.0666
0.0623
0.0651
0.0625
0.0638
0.0631
0.0636
0.0631
0.0651
0.0624
0.0645
0.0621
0.067
0.066
0.0687
0.0654
0.0671
0.0649
0.0672
0.0645
0.0645
0.0626
0.0632
0.0619
0.0583
0.0571
0.0574
0.057
0.057
0.0572
0.0563
0.0553
0.0515
0.0526
0.0509
0.0514
0.052
0.0485
0.0518
0.0505
0.0556
0.0537
0.052
0.0535
0.0527
0.0511
0.0503
0.0512
0.0523
0.0541
0.052
0.0508
0.0489
0.0495
0.0498
0.0477
0.0477
0.0478
0.0468
0.0472
0.0479
0.0479
0.0494
0.0494
0.0475
0.0509
0.0492
0.047
0.0457
0.0466
0.0444
0.0464
0.0436
0.0442
0.0422
0.0441
0.0414
0.0426
0.0403
0.0429
0.0425
0.0435
0.0435
0.0449
0.0445
0.0478
0.0451
0.0488
0.0465
0.0459
0.0455
0.0451
0.0473
0.0469
0.0473
0.0462
0.0464
0.0444
0.045
0.0446
0.0428
0.0433
0.0424
0.0415
0.0425
0.0426
0.0443
0.0434
0.0472
0.0428
0.0434
0.0427
0.0451
0.0412
0.0429
0.0425
0.0442
0.0428
0.045
0.0431
0.0456
0.0447
0.0437
0.0434
0.0448
0.0443
0.0454
0.0452
0.0452
0.043
0.0418
0.0411
0.0398
0.0414
0.0401
0.0394
0.0383
0.0376
0.039
0.0377
0.0392
0.0358
0.0403
0.0375
0.0389
0.0379
0.0377
0.0382
0.0386
0.0397
0.0375
0.0393
0.0373
0.0402
0.0384
0.0399
0.0398
0.041
0.0407
0.0401
0.041
0.0427
0.0421
0.0421
0.0433
0.043
0.0414
0.0417
0.0425
0.0412
0.0423
0.0413
0.0423
0.0414
0.0401
0.04
0.0402
0.0403
0.0418
0.041
0.041
0.0415
0.0411
0.0404
0.041
0.0394
0.0409
0.0406
0.0419
0.0425
0.0428
0.0426
0.0427
0.0425
0.0411
0.0418
0.0419
0.0417
0.0413
0.0413
0.0428
0.0432
0.0451
0.0431
0.0462
0.0437
0.0449
0.0439
0.0461
0.0469
0.046
0.0432
0.0419
0.0435
0.0442
0.0455
0.046
0.0449
0.047
0.0472
0.0481
0.0498
0.0494
0.0475
0.0478
0.0458
0.0462
0.0477
0.047
0.044
0.0452
0.0457
0.0456
0.0469
0.0448
0.047
0.0468
0.0467
0.0471
0.0457
0.0476
0.0471
0.049
0.0494
0.0507
0.0501
0.0524
0.05
0.048
0.052
0.0501
0.0518
0.0531
0.0546
0.0572
0.0579
0.0587
0.0548
0.0551
0.0568
0.0545
0.0564
0.0521
0.0516
0.0507
0.0478
0.0463
0.0467
0.047
0.0462
0.0477
0.0477
0.047
0.0466
0.046
0.0438
0.0449
0.0447
0.0451
0.0458
0.0482
0.0498
0.048
0.0482
0.0471
0.0441
0.0471
0.0464
0.047
0.0471
0.0476
0.0476
0.0481
0.0486
0.0487
0.0453
0.0452
0.0462
0.0457
0.0476
0.0464
0.0501
0.0473
0.0489
0.0475
0.0461
0.0486
0.046
0.0465
0.0469
0.0463
0.045
0.0445
0.0446
0.0463
0.0458
0.0457
0.0452
0.0491
0.0459
0.0453
0.0466
0.0467
0.0473
0.0451
0.0464
0.0429
0.0457
0.0438
0.0461
0.0443
0.046
0.0414
0.0412
0.0383
0.0387
0.0374
0.0368
0.0362
0.0356
0.0353
0.0346
0.0349
0.0352
0.0336
0.0356
0.0347
0.0348
0.0361
0.0371
0.038
0.0364
0.0368
0.0366
0.0379
0.0372
0.0379
0.0382
0.0394
0.0369
0.0366
0.0378
0.0368
0.0375
0.0366
0.0373
0.0366
0.0357
0.0353
0.0365
0.036
0.0373
0.038
0.0375
0.0377
0.0382
0.0388
0.038
0.0395
0.0378
0.0388
0.0382
0.0385
0.0391
0.0379
0.0389
0.0396
0.0397
0.0406
0.0409
0.0403
0.0406
0.0416
0.0423
0.0421
0.0425
0.0415
0.0415
0.041
0.0428
0.0422
0.0429
0.0429
0.0427
0.0435
0.0447
0.044
0.0419
0.0432
0.0422
0.0405
0.0405
0.0393
0.04
0.04
0.039
0.0399
0.0388
0.0386
0.0391
0.0383
0.038
0.0388
0.0404
0.0395
0.0421
0.0388
0.0394
0.0392
0.0376
0.04
0.0382
0.0387
0.0382
0.0379
0.039
0.0381
0.0402
0.038
0.0381
0.038
0.0396
0.0406
0.0401
0.041
0.0403
0.04
0.0387
0.0403
0.0384
0.0386
0.0378
0.0387
0.0389
0.0392
0.0387
0.0403
0.0384
0.0389
0.0386
0.0388
0.0384
0.0398
0.0388
0.038
0.0395
0.0386
0.0385
0.0376
0.0374
0.0374
0.0379
0.038
0.0349
0.0348
0.035
0.0366
0.0356
0.0354
0.0353
0.0352
0.0352
0.0338
0.0349
0.0342
0.0341
0.0336
0.0336
0.0331
0.0329
0.0334
0.0326
0.0328
0.0328
0.0331
0.0341
0.0325
0.0327
0.0331
0.034
0.0356
0.035
0.0353
0.0356
0.0351
0.0353
0.036
0.0346
0.0344
0.0352
0.0343
0.0346
0.0348
0.0365
0.0351
0.0368
0.0353
0.0355
0.0354
0.0348
0.0354
0.0343
0.0337
0.0342
0.0348
0.0344
0.0355
0.0347
0.0364
0.0339
0.0336
0.0341
0.0346
0.0344
0.035
0.0358
0.0344
0.034
0.0347
0.0339
0.0355
0.0342
0.0348
0.0354
0.0361
0.0375
0.0368
0.0375
0.0371
0.039
0.0367
0.0394
0.0382
0.0387
0.0365
0.0355
0.0362
0.0349
0.0351
0.0332
0.0337
0.0336
0.0338
0.0321
0.033
0.0334
0.0341
0.0353
0.0359
0.0361
0.0375
0.0369
0.0352
0.037
0.0357
0.0363
0.0334
0.0335
0.0321
0.0327
0.0325
0.0329
0.0321
0.0319
0.0324
0.032
0.031
0.0322
0.0328
0.0337
0.0327
0.0332
0.0323
0.0341
0.033
0.032
0.0319
0.0321
0.0327
0.0321
0.0322
0.0309
0.0327
0.0327
0.0332
0.0329
0.0343
0.0347
0.0338
0.0326
0.034
0.0324
0.0343
0.0318
0.0331
0.0339
0.0338
0.0343
0.0353
0.0347
0.0348
0.034
0.0361
0.0335
0.0349
0.0331
0.0337
0.034
0.0349
0.0338
0.0353
0.0342
0.0338
0.0343
0.0339
0.0327
0.0349
0.0339
0.0341
0.0346
0.0348
0.0349
0.0359
0.0364
0.0369
0.038
0.0364
0.0358
0.0353
0.0337
0.0344
0.034
0.0339
0.0342
0.034
0.0339
0.0338
0.0341
0.0334
0.0332
0.0342
0.034
0.0335
0.0357
0.0336
0.0346
0.0339
0.0339
0.0324
0.033
0.032
0.0333
0.0324
0.0322
0.0326
0.0319
0.0322
0.0314
0.0317
0.0315
0.0307
0.0306
0.0316
0.0314
0.0304
0.0305
0.0296
0.0295
0.0294
0.0293
0.0293
0.0298
0.0299
0.0302
0.0313
0.0304
0.0305
0.0309
0.0303
0.0293
0.0294
0.0297
