0.0466
0.3037
0.3596
0.2861
0.2792
0.2614
0.2482
0.2374
0.2339
0.2214
0.2166
0.2223
0.2107
0.2061
0.2015
0.1974
0.1883
0.1773
0.1731
0.1725
0.17
0.1686
0.164
0.1585
0.1561
0.1527
0.1508
0.1529
0.1507
0.1412
0.142
0.1385
0.1382
0.1375
0.1359
0.1381
0.1358
0.1326
0.1323
0.1338
0.1361
0.1303
0.129
0.1285
0.1251
0.1245
0.1225
0.1197
0.1218
0.1184
0.1194
0.1189
0.113
0.1133
0.1116
0.117
0.1235
0.1284
0.1318
0.1335
0.1308
0.1364
0.133
0.1303
0.1283
0.1261
0.1227
0.122
0.1276
0.1228
0.1195
0.1203
0.1191
0.1231
0.1161
0.1184
0.1128
0.1076
0.1075
0.1099
0.108
0.1105
0.1062
0.1093
0.1056
0.108
0.1097
0.1063
0.1094
0.1085
0.1065
0.1053
0.1064
0.1091
0.1098
0.1035
0.1024
0.1035
0.1038
0.1014
0.1025
0.1059
0.1033
0.0993
0.0974
0.0963
0.0993
0.0973
0.0964
0.0969
0.0988
0.1022
0.1013
0.0989
0.0967
0.0915
0.0897
0.0965
0.0885
0.0966
0.0925
0.0953
0.0932
0.0943
0.0927
0.0923
0.0872
0.0892
0.0935
0.0906
0.0839
0.0839
0.0795
0.0767
0.0794
0.0812
0.0784
0.0759
0.0785
0.0784
0.0793
0.0784
0.0777
0.0733
0.0756
0.0724
0.0761
0.0719
0.0752
0.073
0.0754
0.0723
0.0755
0.0765
0.0779
0.0792
0.0781
0.0802
0.0843
0.0791
0.0785
0.0801
0.079
0.0769
0.0769
0.0756
0.0808
0.081
0.085
0.0819
0.08
0.0808
0.0827
0.0836
0.0857
0.0857
0.0866
0.0847
0.0876
0.0831
0.0835
0.0777
0.0827
0.0783
0.0838
0.079
0.0812
0.0858
0.0841
0.0842
0.0852
0.0868
0.0893
0.0883
0.0907
0.0915
0.0921
0.0898
0.0939
0.092
0.0949
0.0997
0.0976
0.0973
0.095
0.0942
0.0929
0.0922
0.0881
0.0895
0.0854
0.0847
0.0845
0.0877
0.0887
0.0869
0.0884
0.0838
0.087
0.0841
0.0891
0.0861
0.084
0.0882
0.0911
0.0937
0.0892
0.0913
0.0894
0.0885
0.0882
0.0847
0.0888
0.0868
0.088
0.0884
0.0879
0.0902
0.0892
0.0884
0.089
0.0858
0.0871
0.0896
0.0912
0.0944
0.0962
0.0937
0.0954
0.0912
0.0998
0.0941
0.0958
0.0942
0.095
0.0913
0.0965
0.0935
0.0902
0.0887
0.0884
0.0894
0.088
0.0905
0.0901
0.0945
0.0965
0.0961
0.0985
0.0956
0.0977
0.0977
0.1004
0.1008
0.0969
0.0991
0.0984
0.0966
0.0951
0.0971
0.0984
0.0954
0.0965
0.095
0.095
0.0931
0.0957
0.0882
0.0945
0.0919
0.0949
0.0931
0.0912
0.0912
0.0949
0.0922
0.0956
0.0937
0.092
0.0905
0.0915
0.087
0.0921
0.0862
0.0868
0.0856
0.0841
0.0819
0.0831
0.0875
0.0881
0.0851
0.082
0.0843
0.0855
0.0859
0.0849
0.0812
0.0812
0.081
0.0809
0.0824
0.0809
0.0824
0.0786
0.0767
0.075
0.0756
0.0747
0.0685
0.0682
0.0721
0.07
0.0742
0.0713
0.0703
0.0741
0.0725
0.0705
0.0687
0.0712
0.0715
0.0686
0.0653
0.0608
0.0653
0.0648
0.0665
0.0681
0.0644
0.0624
0.0632
0.0648
0.0639
0.0667
0.0643
0.0641
0.0629
0.0624
0.0643
0.0607
0.0639
0.06
0.0616
0.062
0.062
0.0632
0.0612
0.0603
0.0624
0.062
0.0599
0.0595
0.0609
0.0598
0.061
0.0612
0.0609
0.0593
0.06
0.0603
0.0592
0.059
0.059
0.0585
0.0597
0.0612
0.0566
0.0582
0.057
0.0568
0.0582
0.0599
0.0594
0.0611
0.0645
0.0644
0.063
0.0636
0.0597
0.0594
0.0589
0.0611
0.0613
0.0598
0.0605
0.0608
0.0617
0.0586
0.057
0.0548
0.0548
0.056
0.0565
0.0565
0.056
0.0572
0.0586
0.0599
0.061
0.0623
0.0626
0.06
0.0589
0.0553
0.059
0.0592
0.0577
0.0593
0.0585
0.0616
0.0604
0.0572
0.0588
0.0568
0.0567
0.0568
0.0594
0.0556
0.0558
0.0555
0.0578
0.0589
0.0583
0.0594
0.0594
0.0594
0.06
0.0601
0.0555
0.0551
0.0547
0.0543
0.0514
0.0518
0.055
0.0552
0.0578
0.0567
0.057
0.0547
0.0514
0.052
0.0501
0.0528
0.0487
0.0497
0.0509
0.0512
0.0556
0.0526
0.0527
0.0529
0.0526
0.0559
0.0564
0.0557
0.0585
0.0584
0.0581
0.0578
0.0573
0.0589
0.0587
0.0571
0.0581
0.0568
0.0575
0.06
0.0595
0.0578
0.0579
0.0574
0.0552
0.0561
0.0548
0.0549
0.0548
0.0565
0.055
0.0544
0.0564
0.0547
0.0605
0.0582
0.0593
0.0581
0.056
0.0552
0.0544
0.0538
0.0566
0.0581
0.0591
0.0618
0.0603
0.0632
0.0609
0.0648
0.0606
0.0621
0.0599
0.0591
0.061
0.06
0.0621
0.0537
0.0567
0.0579
0.058
0.0579
0.0597
0.0626
0.0622
0.0626
0.064
0.0628
0.0639
0.0606
0.0634
0.0605
0.0619
0.0583
0.0597
0.0596
0.0598
0.0585
0.0566
0.0556
0.0577
0.0596
0.0594
0.0585
0.0576
0.0579
0.059
0.0591
0.0589
0.061
0.0577
0.06
0.0628
0.0626
0.0615
0.06
0.0604
0.0616
0.0647
0.061
0.0625
0.0617
0.064
0.0649
0.0623
0.0609
0.0627
0.0639
0.0683
0.0613
0.0648
0.0635
0.0618
0.0639
0.0655
0.0639
0.0647
0.0655
0.0631
0.0666
0.0661
0.0658
0.0691
0.0655
0.0651
0.0674
0.066
0.069
0.0676
0.0692
0.0701
0.0716
0.0682
0.07
0.069
0.0658
0.0671
0.0662
0.0698
0.0672
0.068
0.068
0.0682
0.068
0.0686
0.0703
0.0713
0.071
0.0739
0.0705
0.0708
0.0661
0.0648
0.0642
0.0626
0.0598
0.0582
0.0556
0.0552
0.0522
0.0519
0.0505
0.0514
0.0515
0.0541
0.0522
0.0553
0.0587
0.0569
0.0529
0.0538
0.0548
0.0531
0.0549
0.0547
0.0523
0.0556
0.0595
0.0562
0.0552
0.0548
0.0566
0.054
0.0611
0.0594
0.0608
0.0604
0.059
0.0524
0.0518
0.0538
0.0519
0.0538
0.053
0.052
0.0526
0.053
0.0539
0.0529
0.0545
0.0529
0.0551
0.0557
0.0577
0.0545
0.0542
0.0566
0.0582
0.0565
0.0566
0.0577
0.0561
0.0553
0.0539
0.0544
0.0511
0.0525
0.0511
0.052
0.0534
0.0507
0.0529
0.05
0.0515
0.0502
0.0482
0.0494
0.0439
0.0465
0.0449
0.0469
0.0444
0.0425
0.04
0.0428
0.0405
0.0406
0.0404
0.0424
0.0441
0.0427
0.0473
0.0446
0.0487
0.0474
0.0489
0.0462
0.0499
0.0469
0.0502
0.0519
0.052
0.0491
0.0505
0.0508
0.0504
0.052
0.052
0.0505
0.0508
0.0512
0.0477
0.0489
0.0468
0.0477
0.0488
0.0504
0.0493
0.049
0.0469
0.0494
0.0475
0.0503
0.0477
0.0481
0.0473
0.0485
0.0438
0.046
0.0438
0.0458
0.0434
0.0421
0.0434
0.0418
0.0428
0.0415
0.0424
0.0428
0.042
0.0438
0.0456
0.0474
0.0491
0.0496
0.0456
0.0457
0.0442
0.0441
0.0431
0.0436
0.0433
0.0414
0.0435
0.0422
0.0425
0.0453
0.0436
0.0462
0.0456
0.0474
0.0443
0.0429
0.0438
0.0434
0.0414
0.0427
0.0432
0.045
0.043
0.0449
0.0435
0.0447
0.0441
0.0462
0.0417
0.0434
0.0431
0.0392
0.0395
0.0408
0.0396
0.0415
0.0414
0.0448
0.0417
0.0455
0.0412
0.0455
0.0438
0.0464
0.0463
0.0448
0.0474
0.0439
0.0452
0.0446
0.0451
0.0453
0.0444
0.0447
0.0438
0.0448
0.0436
0.0432
0.0452
0.0429
0.0452
0.0434
0.0441
0.0459
0.0471
0.0468
0.0476
0.048
0.0495
0.0497
0.0517
0.0505
0.0487
0.048
0.0478
0.0483
0.048
0.05
0.0489
0.0514
0.0502
0.0542
0.051
0.0503
0.05
0.0488
0.0503
0.0485
0.0497
0.0504
0.0497
0.0501
0.0503
0.0493
0.0495
0.0504
0.0495
0.0513
0.0475
0.0505
0.0481
0.0501
0.0495
0.0503
0.0539
0.0537
0.057
0.0569
0.0559
0.0576
0.0565
0.0541
0.0537
0.054
0.0547
0.0497
0.0514
0.0476
0.0499
0.0493
0.0504
0.0485
0.0509
0.0476
0.049
0.0479
0.0505
0.0473
0.0481
0.0464
0.0467
0.0472
0.0503
0.0508
0.0486
0.0494
0.0509
0.0487
0.0489
0.0494
0.049
0.05
0.0477
0.0473
0.0466
0.0461
0.0462
0.0437
0.0455
0.0452
0.0468
0.0463
0.047
0.047
0.0466
0.0484
0.05
0.0478
0.0494
0.0466
0.0512
0.0487
0.0513
0.0493
0.0507
0.0488
0.0508
0.0492
0.0497
0.0509
0.0499
0.0515
0.0501
0.0551
0.0534
0.0529
0.0541
0.0521
0.0517
0.0525
0.0517
0.0527
0.0515
0.0517
0.0535
0.0493
0.0506
0.0501
0.0481
0.0489
0.0499
0.0488
0.0487
0.0502
0.0468
0.0484
0.0454
0.0488
0.045
0.0465
0.0461
0.0456
0.046
0.0448
0.0449
0.0458
0.0457
0.0463
0.0453
0.0452
0.0468
0.0469
0.0493
0.0493
0.0499
0.0515
0.0529
0.0491
0.049
0.0476
0.0485
0.048
0.052
0.049
0.0498
0.0516
0.0539
0.0531
0.0533
0.0535
0.0541
0.055
0.0512
0.0493
0.049
