0.0462
0.2979
0.3419
0.2944
0.2973
0.2767
0.2638
0.2471
0.2414
0.23
0.2228
0.2179
0.2059
0.2058
0.2014
0.1973
0.196
0.1875
0.1801
0.1774
0.1722
0.1657
0.1658
0.158
0.1597
0.1567
0.1601
0.1586
0.1559
0.1549
0.1534
0.1496
0.1538
0.1481
0.1433
0.1426
0.1413
0.1365
0.1341
0.137
0.13
0.135
0.1331
0.1334
0.1321
0.1316
0.1335
0.129
0.1299
0.1306
0.1277
0.1275
0.1219
0.1246
0.1241
0.1215
0.1229
0.1225
0.1271
0.1189
0.1225
0.1236
0.1218
0.1169
0.1209
0.119
0.1152
0.1144
0.1194
0.1217
0.1243
0.1189
0.1196
0.1187
0.1125
0.1143
0.1164
0.1175
0.1193
0.1138
0.1137
0.1112
0.112
0.112
0.1114
0.1168
0.1141
0.1126
0.1188
0.1162
0.1188
0.1148
0.1147
0.121
0.1196
0.117
0.112
0.1104
0.1092
0.1078
0.1087
0.1064
0.1109
0.1134
0.1107
0.1128
0.1165
0.1163
0.119
0.1192
0.1157
0.1146
0.1177
0.1114
0.1127
0.1123
0.1088
0.1047
0.0987
0.0979
0.1009
0.1027
0.1041
0.1028
0.1042
0.1045
0.1033
0.1018
0.1023
0.0999
0.0961
0.0972
0.0915
0.093
0.091
0.0935
0.0934
0.0917
0.0892
0.0903
0.0914
0.0909
0.0881
0.0865
0.0859
0.0842
0.0819
0.0807
0.0846
0.0815
0.0798
0.0797
0.0772
0.0763
0.0758
0.08
0.0781
0.0767
0.075
0.0744
0.0703
0.0731
0.0733
0.0751
0.076
0.0809
0.0811
0.0833
0.0876
0.0855
0.0852
0.0837
0.0844
0.0855
0.0857
0.0796
0.0845
0.083
0.0886
0.087
0.0897
0.0887
0.0897
0.0892
0.0879
0.0924
0.0898
0.0896
0.0911
0.0901
0.0906
0.0937
0.0918
0.0863
0.0869
0.078
0.083
0.0795
0.0809
0.0816
0.0826
0.0812
0.0849
0.0822
0.0848
0.0819
0.0839
0.08
0.0864
0.0802
0.0826
0.0831
0.0822
0.0824
0.0811
0.0828
0.0821
0.0794
0.0759
0.0765
0.0784
0.0783
0.0782
0.077
0.0762
0.0763
0.0744
0.0746
0.0746
0.0699
0.0705
0.0699
0.0699
0.0707
0.0729
0.0716
0.0702
0.0729
0.068
0.0731
0.0644
0.0689
0.065
0.0687
0.0639
0.0654
0.0659
0.0649
0.0675
0.0647
0.0681
0.0642
0.0674
0.0674
0.0672
0.0722
0.0718
0.0685
0.0671
0.0686
0.0701
0.0707
0.0688
0.0693
0.0661
0.0735
0.0675
0.0708
0.0729
0.0728
0.073
0.076
0.0782
0.0782
0.0748
0.0734
0.0765
0.0741
0.0777
0.0765
0.0828
0.0814
0.086
0.0818
0.0832
0.0783
0.0809
0.0783
0.0769
0.0771
0.0794
0.081
0.0821
0.0772
0.0795
0.0745
0.0783
0.0747
0.0773
0.0783
0.0792
0.0791
0.0789
0.0768
0.0767
0.0796
0.0762
0.0761
0.0766
0.075
0.0774
0.0781
0.0807
0.0812
0.0788
0.0769
0.0776
0.0811
0.0818
0.0833
0.0851
0.082
0.0852
0.084
0.0833
0.0815
0.0785
0.0821
0.0834
0.0807
0.0855
0.0853
0.0837
0.0805
0.0792
0.0785
0.0794
0.0764
0.0785
0.0773
0.0787
0.0767
0.0769
0.0754
0.0779
0.0751
0.0777
0.0758
0.0767
0.0771
0.076
0.0752
0.0759
0.0766
0.0744
0.0722
0.0718
0.0716
0.0708
0.0711
0.0737
0.0702
0.0675
0.0673
0.0698
0.0704
0.0648
0.066
0.0669
0.0655
0.0632
0.0633
0.0648
0.0663
0.0674
0.068
0.0716
0.0672
0.0691
0.0671
0.0664
0.063
0.0638
0.0574
0.0563
0.0584
0.058
0.0622
0.0579
0.0601
0.0605
0.0619
0.062
0.0643
0.064
0.0632
0.0637
0.0627
0.061
0.0616
0.0614
0.0608
0.0642
0.0623
0.0646
0.064
0.0663
0.0641
0.068
0.0666
0.0701
0.0658
0.0679
0.0668
0.0655
0.065
0.0667
0.0656
0.0657
0.0626
0.0636
0.0632
0.0652
0.0644
0.0639
0.067
0.0674
0.0692
0.0654
0.0708
0.0679
0.0685
0.0692
0.0679
0.072
0.0701
0.0699
0.0697
0.067
0.0652
0.064
0.0647
0.0659
0.0633
0.0636
0.0591
0.0631
0.0604
0.0619
0.061
0.0603
0.0591
0.0582
0.0555
0.0563
0.0571
0.0534
0.0561
0.0544
0.0528
0.0521
0.0513
0.0504
0.0478
0.0481
0.0462
0.0465
0.0461
0.0445
0.0444
0.0455
0.0445
0.0452
0.0453
0.0466
0.0455
0.0461
0.0445
0.045
0.0443
0.0454
0.0471
0.0478
0.0456
0.0472
0.047
0.0459
0.0469
0.0476
0.0456
0.0429
0.0427
0.0415
0.0415
0.0407
0.0399
0.0415
0.0412
0.0445
0.0427
0.044
0.0449
0.0454
0.0421
0.0424
0.0415
0.0423
0.0416
0.0424
0.0404
0.0408
0.0408
0.0386
0.0404
0.0385
0.0388
0.039
0.0386
0.0386
0.0392
0.0379
0.0369
0.0377
0.0373
0.038
0.0388
0.0404
0.0406
0.0403
0.0415
0.0382
0.0378
0.0373
0.0367
0.0374
0.0371
0.0358
0.0353
0.0358
0.0358
0.0354
0.0352
0.0345
0.0347
0.0346
0.0351
0.0327
0.0318
0.0303
0.0303
0.0303
0.0301
0.0299
0.0305
0.0296
0.0295
0.0296
0.0298
0.03
0.0302
0.0306
0.0304
0.0307
0.0311
0.0307
0.031
0.0309
0.031
0.0309
0.0303
0.0308
0.0304
0.0311
0.0303
0.03
0.0299
0.03
0.0305
0.0303
0.0311
0.0304
0.0309
0.0307
0.0308
0.0316
0.0312
0.0314
0.0314
0.031
0.0308
0.0306
0.0307
0.0304
0.0307
0.0305
0.0308
0.0306
0.0308
0.0312
0.0312
0.031
0.0313
0.0314
0.0319
0.0315
0.0319
0.0314
0.0318
0.0323
0.0323
0.0332
0.0317
0.0319
0.0316
0.0311
0.0313
0.0306
0.0308
0.0308
0.0306
0.0302
0.0297
0.0295
0.0298
0.0299
0.0302
0.03
0.0306
0.0299
0.0299
0.0302
0.0306
0.0305
0.0315
0.031
0.0315
0.0315
0.0319
0.032
0.033
0.032
0.0322
0.0311
0.0313
0.0318
0.0313
0.0317
0.0317
0.0316
0.0318
0.0319
0.033
0.032
0.0331
0.0327
0.0335
0.0337
0.035
0.0339
0.035
0.0356
0.037
0.0354
0.0371
0.0352
0.0354
0.0361
0.0361
0.0361
0.0351
0.035
0.0353
0.0347
0.0343
0.0345
0.0349
0.0342
0.035
0.0337
0.0332
0.0335
0.0334
0.0328
0.0335
0.0328
0.0325
0.0331
0.0329
0.0336
0.033
0.0331
0.0337
0.0331
0.0338
0.0329
0.0343
0.0337
0.0327
0.0325
0.0323
0.0322
0.0321
0.032
0.032
0.032
0.032
0.032
0.032
0.032
0.032
0.032
0.032
0.032
0.032
0.032
0.032
0.032
0.032
0.032
0.032
0.032
0.032
0.032
0.032
0.032
0.032
0.032
0.032
0.032
0.0322
0.0321
0.0322
0.0323
0.0323
0.0325
0.0327
0.0331
0.0328
0.033
0.033
0.0328
0.0325
0.0321
0.0323
0.0323
0.0323
0.0322
0.0321
0.0321
0.0322
0.0321
0.0324
0.0321
0.032
0.0324
0.0323
0.0325
0.0319
0.0319
0.0319
0.0319
0.0319
0.0319
0.0319
0.0319
0.0319
0.0319
0.0319
0.0319
0.0319
0.0319
0.0319
0.0319
0.0319
0.0319
0.0319
0.0319
0.0319
0.0319
0.0319
0.0319
0.0319
0.0319
0.0319
0.0319
0.0319
0.0319
0.0319
0.0319
0.0319
0.0319
0.0319
0.0319
0.0319
0.0319
0.0319
0.0319
0.0319
0.0319
0.0319
0.0319
0.0319
0.0319
0.0319
0.0319
0.0319
0.0319
0.0319
0.0319
0.0319
0.0319
0.0319
0.0319
0.0319
0.0319
0.0319
0.0319
0.0319
0.0319
0.0319
0.0319
0.0319
0.0319
0.0319
0.0319
0.0319
0.0319
0.0319
0.0319
0.0319
0.0319
0.0319
0.0321
0.0317
0.0315
0.0317
0.0317
0.0318
0.0319
0.0321
0.0325
0.0322
0.0331
0.0324
0.0328
0.0326
0.0332
0.0336
0.0337
0.0338
0.0343
0.0336
0.0336
0.0338
0.0339
0.0338
0.0332
0.0336
0.0332
0.0335
0.0329
0.0333
0.0337
0.0334
0.0338
0.0341
0.0347
0.0341
0.0352
0.0347
0.0353
0.0349
0.0354
0.0353
0.035
0.0351
0.0354
0.0358
0.0356
0.0355
0.0353
0.0366
0.0373
0.0364
0.0373
0.038
0.0381
0.0377
0.0381
0.0385
0.0385
0.0376
0.0373
0.0373
0.0362
0.0364
0.0359
0.037
0.0365
0.0358
0.0372
0.0365
0.0365
0.0361
0.0359
0.036
0.0357
0.0368
0.035
0.0351
0.0347
0.0355
0.0342
0.0341
0.034
0.0343
0.034
0.0341
0.0339
0.0344
0.0346
0.0353
0.0352
0.0355
0.0347
0.0353
0.0351
0.0356
0.0359
0.0347
0.0356
0.0351
0.0364
0.036
0.0365
0.0366
0.0371
0.037
0.0371
0.0381
0.0381
0.0386
0.0373
0.0385
0.038
0.0383
0.038
0.0382
0.0391
0.0392
0.0401
0.0394
0.0394
0.0394
0.0408
0.0406
0.0416
0.0418
0.0433
0.0425
0.0435
0.0447
0.0426
0.0432
0.044
0.0449
0.0465
0.0431
0.044
0.0423
0.044
0.0417
0.0428
0.0427
0.045
0.0435
0.0462
0.0453
0.0459
0.0451
0.0461
0.0459
0.0465
0.0469
0.0491
0.0465
0.0483
0.0479
0.0473
0.0491
0.0486
0.0498
0.0494
0.0521
0.0508
0.0486
0.0462
0.047
0.0483
0.0494
0.0461
