0.0459
0.2941
0.3401
0.282
0.2823
0.2592
0.2549
0.2419
0.2369
0.2375
0.23
0.2337
0.2206
0.222
0.2111
0.2113
0.2038
0.1915
0.1968
0.1866
0.1841
0.1848
0.1828
0.1751
0.174
0.1677
0.1654
0.1679
0.1572
0.1527
0.1475
0.1508
0.1527
0.1487
0.1484
0.1488
0.146
0.1464
0.1445
0.1392
0.1422
0.139
0.1365
0.1304
0.1328
0.1253
0.1298
0.1228
0.1239
0.1205
0.1178
0.117
0.1165
0.1162
0.117
0.1126
0.1135
0.1142
0.109
0.1096
0.1086
0.1044
0.1056
0.1081
0.1136
0.1146
0.1153
0.1118
0.1139
0.11
0.1129
0.1107
0.1134
0.1094
0.111
0.1101
0.1041
0.1083
0.108
0.1111
0.1088
0.1115
0.108
0.114
0.1131
0.1161
0.1132
0.1127
0.111
0.1146
0.1118
0.1143
0.1109
0.1167
0.1089
0.114
0.1119
0.1186
0.1114
0.1146
0.1117
0.1089
0.1099
0.1039
0.109
0.1028
0.1042
0.1075
0.1063
0.1107
0.1037
0.1016
0.0987
0.1031
0.1015
0.1057
0.1027
0.1036
0.1056
0.1019
0.0999
0.1015
0.1039
0.0956
0.0935
0.0957
0.0941
0.0953
0.094
0.0941
0.0934
0.0945
0.0939
0.0942
0.0933
0.0907
0.0942
0.0918
0.0889
0.0924
0.0879
0.0909
0.0891
0.0935
0.0894
0.093
0.0948
0.0978
0.0943
0.0968
0.0996
0.1024
0.1048
0.1021
0.1023
0.1006
0.0971
0.097
0.0949
0.0974
0.0945
0.0895
0.0889
0.0877
0.0886
0.0889
0.0885
0.0893
0.0885
0.09
0.0866
0.0879
0.0888
0.0828
0.0793
0.0822
0.0796
0.0786
0.0787
0.0788
0.0776
0.078
0.0752
0.0769
0.0746
0.0748
0.0756
0.0715
0.0744
0.0715
0.0692
0.0727
0.0683
0.0704
0.0702
0.0726
0.0736
0.0745
0.0764
0.0785
0.0767
0.0779
0.0797
0.0775
0.077
0.0705
0.0692
0.07
0.0707
0.0718
0.0701
0.0725
0.0751
0.0684
0.0729
0.0732
0.0719
0.0798
0.0751
0.0773
0.075
0.0781
0.0822
0.0825
0.086
0.0837
0.0826
0.0815
0.0805
0.0778
0.0732
0.0721
0.0735
0.0711
0.073
0.0729
0.0733
0.0734
0.0696
0.0686
0.0685
0.0683
0.0636
0.0669
0.0636
0.068
0.066
0.0679
0.0639
0.0662
0.0663
0.0661
0.0657
0.0678
0.0713
0.0693
0.0712
0.0666
0.0688
0.0686
0.0677
0.0693
0.0646
0.0692
0.065
0.0686
0.0651
0.0614
0.0622
0.0614
0.0638
0.0607
0.0609
0.0605
0.0606
0.06
0.0628
0.059
0.0595
0.0629
0.0644
0.065
0.0639
0.0626
0.0631
0.0614
0.0636
0.0595
0.0599
0.061
0.0617
0.0688
0.0662
0.0645
0.0679
0.0654
0.069
0.0681
0.0696
0.0666
0.0693
0.0635
0.0637
0.0671
0.0639
0.064
0.0698
0.0671
0.0696
0.0689
0.0722
0.0691
0.07
0.07
0.0708
0.0691
0.0673
0.071
0.0667
0.0691
0.0628
0.0646
0.0632
0.0639
0.0639
0.0643
0.0644
0.0695
0.0621
0.0639
0.0635
0.0651
0.067
0.0655
0.0679
0.0624
0.0656
0.0637
0.067
0.0664
0.0654
0.0662
0.0644
0.0668
0.0639
0.0655
0.0674
0.0656
0.066
0.0646
0.0649
0.0648
0.065
0.0665
0.0665
0.0713
0.0692
0.0718
0.068
0.068
0.0689
0.0677
0.0652
0.0694
0.0669
0.0702
0.0687
0.0748
0.0661
0.0702
0.0693
0.0683
0.072
0.0739
0.0743
0.0739
0.0742
0.0722
0.0716
0.0699
0.0683
0.0649
0.0638
0.0608
0.0625
0.0624
0.066
0.0642
0.0662
0.0616
0.0636
0.0611
0.0646
0.0601
0.0643
0.06
0.0581
0.0588
0.0592
0.0618
0.0608
0.0614
0.0627
0.0647
0.0646
0.0659
0.0668
0.0678
0.0691
0.0658
0.0669
0.0634
0.0607
0.0595
0.0566
0.0554
0.0567
0.0577
0.0553
0.058
0.0565
0.0553
0.0546
0.0535
0.0545
0.0558
0.0535
0.0569
0.0557
0.0584
0.054
0.0569
0.0584
0.0595
0.0588
0.0587
0.0577
0.0597
0.0587
0.0555
0.057
0.0569
0.0541
0.0565
0.0536
0.0565
0.0551
0.0583
0.0555
0.0592
0.0542
0.055
0.0531
0.0543
0.0542
0.054
0.057
0.0549
0.0604
0.0616
0.0634
0.0645
0.062
0.0645
0.0653
0.0678
0.069
0.0642
0.0707
0.0651
0.0651
0.0645
0.0644
0.0691
0.0658
0.0693
0.0724
0.0693
0.0684
0.0717
0.0702
0.0699
0.0711
0.0704
0.0661
0.0654
0.0631
0.0639
0.0616
0.062
0.0592
0.0565
0.0636
0.0597
0.066
0.0609
0.0658
0.0673
0.0673
0.0627
0.0635
0.065
0.0629
0.0625
0.063
0.0621
0.0612
0.0595
0.06
0.0592
0.0581
0.0605
0.0583
0.0583
0.0573
0.0571
0.0543
0.0554
0.0538
0.0556
0.0535
0.0559
0.0529
0.0556
0.056
0.0567
0.0595
0.0603
0.0616
0.0603
0.0614
0.0585
0.0576
0.0604
0.0572
0.0589
0.06
0.0565
0.0576
0.06
0.0574
0.0569
0.0553
0.0547
0.0576
0.058
0.0556
0.0572
0.0568
0.0598
0.0593
0.0564
0.0585
0.056
0.0566
0.0548
0.0558
0.0553
0.0518
0.0496
0.0523
0.0538
0.0537
0.0529
0.0512
0.0524
0.0547
0.0525
0.0547
0.0534
0.0531
0.0545
0.053
0.0537
0.0525
0.0517
0.052
0.0493
0.0487
0.049
0.0482
0.047
0.0482
0.0472
0.046
0.0465
0.0484
0.0502
0.0515
0.0537
0.0513
0.052
0.0523
0.0545
0.0524
0.0535
0.052
0.0518
0.0505
0.0492
0.0508
0.049
0.0488
0.0494
0.0493
0.0476
0.0478
0.047
0.0475
0.0476
0.0519
0.0479
0.0519
0.0471
0.0475
0.0484
0.0481
0.0507
0.0496
0.051
0.0528
0.0529
0.0543
0.0541
0.0553
0.0573
0.0542
0.0569
0.0538
0.0587
0.0557
0.0538
0.0521
0.0517
0.0516
0.056
0.0525
0.0546
0.0546
0.0555
0.058
0.0571
0.0598
0.0563
0.0564
0.054
0.056
0.0548
0.0533
0.0553
0.0554
0.0543
0.0541
0.0495
0.0489
0.0474
0.0482
0.047
0.048
0.0497
0.0514
0.0508
0.0504
0.0536
0.0543
0.0556
0.0585
0.055
0.0538
0.0534
0.0529
0.0555
0.0565
0.0591
0.0569
0.0597
0.0596
0.0605
0.0575
0.0594
0.0575
0.0637
0.0635
0.0655
0.0661
0.067
0.0665
0.0683
0.0672
0.0694
0.069
0.0653
0.067
0.0644
0.0637
0.066
0.0636
0.0649
0.0662
0.0671
0.066
0.0596
0.0601
0.0573
0.0594
0.061
0.0625
0.0609
0.0618
0.0613
0.0605
0.0621
0.0604
0.059
0.0595
0.0644
0.0593
0.0585
0.0649
0.0605
0.0605
0.0607
0.0592
0.0565
0.0562
0.0571
0.0568
0.0574
0.0594
0.0557
0.0573
0.0553
0.0576
0.0558
0.0556
0.0559
0.0547
0.0558
0.0557
0.0571
0.0587
0.0629
0.0594
0.0636
0.0643
0.0658
0.0647
0.0666
0.0652
0.0627
0.0646
0.0629
0.0638
0.0659
0.0612
0.0615
0.0607
0.0603
0.0577
0.0581
0.0571
0.0571
0.0566
0.0592
0.0582
0.059
0.0582
0.058
0.0591
0.0596
0.0592
0.0597
0.0611
0.0625
0.0613
0.0588
0.0592
0.0596
0.0616
0.0598
0.0622
0.0627
0.0579
0.0597
0.058
0.0569
0.0584
0.059
0.0613
0.0621
0.0622
0.06
0.0623
0.061
0.0643
0.0608
0.0628
0.0596
0.0633
0.0597
0.0599
0.0585
0.0591
0.0572
0.0542
0.0548
0.0516
0.0521
0.0545
0.0546
0.0554
0.0569
0.0573
0.0571
0.0607
0.0604
0.0635
0.0631
0.0644
0.0653
0.0679
0.0684
0.0686
0.0646
0.0653
0.0623
0.0656
0.0634
0.0645
0.0619
0.0625
0.0628
0.0603
0.0619
0.0633
0.0622
0.0629
0.0622
0.0631
0.064
0.0648
0.0646
0.0654
0.0632
0.0646
0.0651
0.0637
0.0641
0.0634
0.0675
0.0664
0.0687
0.0715
0.0697
0.0728
0.0714
0.0703
0.0707
0.0704
0.0744
0.0741
0.0726
0.0752
0.0728
0.0768
0.0756
0.0773
0.0761
0.0741
0.0742
0.0744
0.0775
0.0768
0.0772
0.0751
0.0786
0.0756
0.0779
0.0744
0.079
0.074
0.0795
0.0759
0.0786
0.0787
0.0812
0.0786
0.0792
0.0778
0.0787
0.0798
0.0791
0.0736
0.0744
0.0715
0.0742
0.0737
0.0749
0.0724
0.0731
0.0749
0.0743
0.0719
0.0723
0.0734
0.0719
0.072
0.0674
0.0675
0.0676
0.0686
0.0695
0.0716
0.0742
0.0735
0.0747
0.0758
0.0762
0.0772
0.0803
0.0783
0.0792
0.0774
0.0826
0.0767
0.0733
0.0739
0.0784
0.0755
0.0774
0.0791
0.079
0.082
0.0821
0.0811
0.0804
0.0817
0.0834
0.0799
0.0852
0.0785
0.0805
0.0733
0.0753
0.073
0.0753
0.0712
0.0768
0.0725
0.0706
0.0681
0.0665
0.0662
0.0655
0.0653
0.0646
0.0656
0.0628
0.0666
0.0599
0.0615
0.0608
0.062
0.061
0.0618
0.0598
0.0602
0.0606
0.0623
0.0598
0.0582
0.0583
0.0593
0.0564
0.0578
0.0565
0.0576
0.0567
0.0567
0.0546
0.0578
0.056
0.0562
0.0569
0.055
0.0537
0.0579
0.0527
0.0547
0.0539
0.0562
0.0529
0.0557
0.0549
0.0578
0.0563
0.0569
0.0582
0.0581
0.0596
0.0574
