0.0596
0.3051
0.3533
0.2928
0.2884
0.2713
0.2654
0.2406
0.23
0.222
0.2139
0.2058
0.2022
0.1971
0.1946
0.1941
0.1877
0.1873
0.1822
0.1785
0.1761
0.1677
0.1678
0.1652
0.167
0.1582
0.1567
0.1467
0.1524
0.1423
0.1458
0.1432
0.1411
0.1439
0.1411
0.137
0.1406
0.1348
0.1347
0.1314
0.1334
0.131
0.1273
0.1229
0.1183
0.1163
0.1109
0.1126
0.1108
0.1094
0.1093
0.1108
0.1054
0.1051
0.1048
0.105
0.1061
0.1079
0.1048
0.1032
0.1047
0.1067
0.1077
0.1049
0.1081
0.107
0.1078
0.1062
0.1028
0.1043
0.0971
0.101
0.1003
0.1046
0.1018
0.1028
0.1002
0.104
0.1036
0.106
0.1061
0.1053
0.1019
0.1013
0.0981
0.1007
0.1033
0.1065
0.1062
0.1108
0.1033
0.1007
0.0992
0.0982
0.0985
0.1011
0.0953
0.0937
0.0978
0.0977
0.0995
0.0965
0.0918
0.0954
0.0961
0.095
0.0937
0.0906
0.092
0.0927
0.0916
0.0904
0.0883
0.0902
0.0939
0.0952
0.0927
0.0899
0.0864
0.0835
0.0773
0.0757
0.0792
0.0732
0.0758
0.0725
0.0754
0.0762
0.074
0.0757
0.0764
0.0756
0.0748
0.0718
0.0699
0.0698
0.0721
0.0762
0.0739
0.075
0.0774
0.0748
0.0746
0.0788
0.076
0.0782
0.0795
0.0822
0.08
0.0834
0.0795
0.0811
0.0832
0.086
0.0872
0.0876
0.0861
0.0817
0.083
0.0796
0.0807
0.078
0.0728
0.0763
0.0777
0.0782
0.0803
0.0782
0.0783
0.0795
0.0784
0.0786
0.0792
0.0747
0.0772
0.0743
0.0743
0.0766
0.0752
0.0745
0.0771
0.0763
0.0794
0.08
0.0818
0.0778
0.0842
0.0795
0.0883
0.0815
0.0834
0.0848
0.0848
0.0863
0.0835
0.0819
0.0766
0.0823
0.0761
0.0804
0.0795
0.0811
0.0781
0.0758
0.0797
0.0806
0.0873
0.0855
0.0863
0.0892
0.088
0.0895
0.0913
0.0942
0.0901
0.0896
0.0851
0.0884
0.0884
0.087
0.0865
0.0885
0.0855
0.082
0.0855
0.0785
0.0793
0.0802
0.078
0.0755
0.0753
0.0765
0.0785
0.0779
0.0782
0.0764
0.0771
0.0782
0.0822
0.0817
0.0812
0.078
0.0803
0.0753
0.0768
0.0762
0.0771
0.0775
0.0852
0.0778
0.0832
0.0786
0.0766
0.0749
0.0792
0.0768
0.0796
0.0768
0.0786
0.0782
0.0809
0.0766
0.076
0.0744
0.0771
0.0798
0.0769
0.08
0.0728
0.0718
0.0707
0.0713
0.0705
0.0718
0.0743
0.0726
0.0723
0.0744
0.0703
0.0727
0.0746
0.0744
0.0773
0.0764
0.0732
0.0772
0.0754
0.0801
0.076
0.0773
0.0774
0.0774
0.0812
0.0793
0.0758
0.0762
0.0762
0.0738
0.0725
0.0697
0.071
0.0677
0.0722
0.0685
0.0733
0.0711
0.0741
0.0759
0.0781
0.0767
0.0771
0.0747
0.0758
0.0718
0.0749
0.0719
0.0732
0.0729
0.0712
0.0714
0.0702
0.0757
0.0749
0.0795
0.0787
0.0806
0.0781
0.081
0.0809
0.0793
0.0787
0.0813
0.0803
0.0786
0.0801
0.0817
0.0836
0.0816
0.0795
0.0787
0.0828
0.0826
0.0848
0.0814
0.0806
0.0807
0.0829
0.0813
0.0811
0.0819
0.0808
0.0802
0.0826
0.0838
0.0825
0.0824
0.0831
0.0822
0.0829
0.0828
0.0825
0.0815
0.0806
0.0789
0.0851
0.0759
0.0791
0.0807
0.0767
0.0771
0.0772
0.0815
0.0806
0.0806
0.0772
0.0799
0.0766
0.0763
0.0705
0.0705
0.072
0.0698
0.0749
0.0736
0.0697
0.0682
0.0729
0.071
0.072
0.0698
0.0754
0.0717
0.0731
0.0759
0.0801
0.0729
0.072
0.0732
0.074
0.0737
0.073
0.0745
0.0713
0.0683
0.0675
0.0685
0.0688
0.0676
0.0652
0.0638
0.065
0.0646
0.0652
0.065
0.0665
0.0669
0.0671
0.068
0.0647
0.0666
0.0641
0.0615
0.0634
0.062
0.063
0.0625
0.0658
0.0664
0.0695
0.0694
0.0722
0.0685
0.0726
0.0662
0.0679
0.0646
0.0644
0.0648
0.066
0.0639
0.0647
0.0643
0.0624
0.0635
0.0597
0.0571
0.0567
0.0589
0.0561
0.055
0.0553
0.0548
0.0537
0.0538
0.0532
0.0563
0.0542
0.0556
0.0577
0.0556
0.0564
0.0548
0.056
0.0554
0.0576
0.0566
0.0562
0.0568
0.058
0.0557
0.056
0.0572
0.0539
0.0583
0.0528
0.0507
0.052
0.0502
0.0522
0.0494
0.0523
0.0532
0.0519
0.0531
0.0501
0.0528
0.0503
0.0549
0.0544
0.0534
0.0555
0.0555
0.054
0.0528
0.0516
0.053
0.0531
0.0553
0.0535
0.0542
0.0526
0.0513
0.0521
0.0558
0.056
0.0587
0.0542
0.0544
0.0521
0.0538
0.0512
0.0553
0.049
0.0499
0.049
0.0488
0.0493
0.0517
0.0515
0.0502
0.0514
0.051
0.0509
0.0515
0.0505
0.0496
0.0507
0.0537
0.051
0.056
0.0516
0.051
0.0522
0.0512
0.0492
0.0492
0.0496
0.048
0.0482
0.0482
0.0481
0.0493
0.0487
0.0477
0.0501
0.0484
0.0495
0.05
0.0502
0.0495
0.0485
0.0477
0.0479
0.0491
0.0497
0.0487
0.051
0.0493
0.0489
0.0465
0.0477
0.0477
0.0477
0.0465
0.0457
0.0469
0.0461
0.0459
0.0456
0.0475
0.0474
0.0472
0.0494
0.0486
0.0494
0.05
0.0475
0.0507
0.0487
0.0469
0.0454
0.0463
0.0452
0.0453
0.0459
0.0432
0.0444
0.044
0.0429
0.0413
0.0391
0.0411
0.0397
0.0402
0.0384
0.0399
0.0388
0.0388
0.0384
0.0382
0.0374
0.0387
0.0372
0.0389
0.0377
0.0393
0.0365
0.0362
0.0366
0.0369
0.037
0.0392
0.0367
0.0408
0.0374
0.0399
0.0382
0.0398
0.0402
0.0418
0.0376
0.0386
0.037
0.0361
0.037
0.0371
0.0381
0.0381
0.0383
0.0385
0.0382
0.0411
0.0393
0.0391
0.0402
0.0404
0.0409
0.0403
0.0385
0.0402
0.0402
0.0423
0.0413
0.0421
0.0425
0.041
0.0396
0.039
0.0409
0.0404
0.0416
0.041
0.0406
0.0403
0.0403
0.0403
0.0411
0.0393
0.0383
0.0388
0.0384
0.0396
0.0391
0.0409
0.0411
0.0391
0.0402
0.0399
0.0422
0.0415
0.044
0.0428
0.043
0.0425
0.04
0.0404
0.04
0.042
0.0426
0.0418
0.0422
0.0411
0.0412
0.0403
0.0403
0.0403
0.0426
0.0408
0.0426
0.0429
0.0447
0.0424
0.0428
0.0424
0.0411
0.0414
0.0433
0.0432
0.0425
0.0427
0.0431
0.0446
0.0465
0.0478
0.0453
0.0485
0.048
0.0501
0.048
0.049
0.0488
0.0453
0.0455
0.045
0.045
0.0436
0.0421
0.0437
0.0441
0.0464
0.0448
0.0448
0.0477
0.0444
0.0441
0.0421
0.0442
0.0434
0.0455
0.044
0.0439
0.0447
0.0444
0.044
0.0439
0.0437
0.0449
0.0457
0.0456
0.0466
0.045
0.0462
0.045
0.047
0.0449
0.045
0.0468
0.0469
0.0476
0.0501
0.0471
0.0494
0.0483
0.047
0.0486
0.0453
0.0456
0.0439
0.0448
0.0444
0.0455
0.0449
0.0463
0.0468
0.0468
0.0462
0.0486
0.0474
0.0477
0.0502
0.051
0.0487
0.047
0.0495
0.0472
0.0482
0.0481
0.0486
0.0485
0.0478
0.0464
0.0467
0.0475
0.0473
0.0487
0.0481
0.0471
0.0462
0.046
0.0454
0.0443
0.0453
0.0463
0.0466
0.0478
0.048
0.0475
0.0475
0.0489
0.0483
0.0492
0.0489
0.0495
0.0502
0.0525
0.0524
0.0524
0.0494
0.0504
0.0493
0.0502
0.0498
0.0479
0.0479
0.0491
0.0486
0.0521
0.0478
0.0503
0.0497
0.0484
0.0473
0.0465
0.0489
0.0493
0.0503
0.0475
0.0494
0.0516
0.0528
0.054
0.0518
0.0524
0.0524
0.0515
0.0505
0.0537
0.0483
0.0505
0.0486
0.0498
0.0511
0.0513
0.0484
0.0486
0.0503
0.0478
0.05
0.0483
0.0504
0.0483
0.0483
0.0488
0.0493
0.049
0.0509
0.0498
0.047
0.0501
0.0504
0.0498
0.05
0.0481
0.0474
0.0442
0.0456
0.044
0.045
0.044
0.0448
0.0466
0.047
0.0469
0.0501
0.0478
0.0504
0.0515
0.05
0.0484
0.0489
0.0489
0.0486
0.0488
0.0492
0.0533
0.0489
0.0498
0.0477
0.0488
0.0476
0.0463
0.0473
0.0444
0.046
0.0475
0.049
0.0516
0.054
0.0527
0.0492
0.0515
0.05
0.0502
0.0507
0.0504
0.0535
0.0476
0.0498
0.0475
0.0463
0.0425
0.0423
0.0434
0.0425
0.0444
0.0439
0.0458
0.0426
0.0437
0.0414
0.04
0.0414
0.04
0.0397
0.0397
0.0401
0.0419
0.0415
0.0429
0.0414
0.0395
0.0407
0.0405
0.0411
0.0425
0.0396
0.0395
0.0393
0.0401
0.0419
0.0415
0.039
0.0394
0.0403
0.0413
0.0419
0.0418
0.0423
0.0431
0.0415
0.0422
0.0422
0.0422
0.0429
0.0414
0.0412
0.0418
0.0414
0.0429
0.0445
0.0431
0.0422
0.0431
0.0439
0.045
0.0445
0.0451
0.0424
0.0437
0.0439
0.0451
0.046
0.0477
0.0436
0.0425
0.0434
0.0428
0.0412
0.0428
0.0425
0.0438
0.0429
0.0435
0.0427
0.0418
0.0432
0.0418
0.0409
0.0414
0.0412
0.0436
0.0412
0.0436
0.0396
0.0399
0.0406
0.043
0.044
0.0421
0.0445
0.0436
