0.0417
0.3055
0.3407
0.2921
0.2826
0.2654
0.245
0.2395
0.2326
0.2179
0.2162
0.2126
0.2049
0.1965
0.1948
0.1922
0.1851
0.1744
0.1658
0.1616
0.1545
0.1603
0.1455
0.1409
0.1345
0.1332
0.1349
0.1363
0.1324
0.1366
0.1344
0.1432
0.1311
0.1313
0.1327
0.1323
0.1286
0.1308
0.1319
0.1312
0.1306
0.129
0.1324
0.1331
0.1274
0.1282
0.1253
0.1284
0.123
0.1191
0.1204
0.1163
0.1086
0.1091
0.1016
0.1029
0.1033
0.1064
0.102
0.1065
0.1018
0.1036
0.1046
0.1077
0.1056
0.1076
0.1007
0.1024
0.0991
0.1017
0.1026
0.1067
0.1029
0.1015
0.0987
0.104
0.0994
0.1044
0.1048
0.1036
0.1041
0.1049
0.1082
0.0995
0.1061
0.0997
0.0996
0.0951
0.1017
0.0989
0.0952
0.0983
0.0951
0.0924
0.0905
0.0893
0.0902
0.0865
0.0894
0.0944
0.0947
0.0907
0.0897
0.0914
0.0881
0.0856
0.0874
0.0816
0.0836
0.0847
0.0861
0.0858
0.0854
0.0908
0.0872
0.0906
0.0896
0.093
0.0903
0.0911
0.0903
0.0868
0.0872
0.0885
0.0875
0.0896
0.0893
0.0849
0.0907
0.0873
0.0903
0.0894
0.0895
0.0857
0.0831
0.0834
0.0833
0.0821
0.0838
0.082
0.087
0.0832
0.0804
0.0836
0.0795
0.0773
0.0723
0.0723
0.0759
0.0749
0.0764
0.075
0.076
0.0758
0.0788
0.0768
0.075
0.0809
0.0764
0.0795
0.08
0.0783
0.0809
0.0768
0.0801
0.0737
0.0745
0.076
0.0784
0.0774
0.0767
0.0726
0.0721
0.0742
0.0744
0.0753
0.0714
0.0702
0.0712
0.0714
0.0693
0.0695
0.0711
0.0674
0.0666
0.0678
0.0692
0.07
0.0688
0.0665
0.0663
0.0667
0.0664
0.0666
0.0666
0.0651
0.0646
0.0654
0.0614
0.063
0.06
0.062
0.0627
0.0646
0.062
0.0638
0.0627
0.0639
0.0609
0.0608
0.06
0.0622
0.0602
0.0582
0.0612
0.061
0.0652
0.0613
0.0646
0.0646
0.067
0.0665
0.0647
0.0661
0.0652
0.0643
0.0633
0.0612
0.0661
0.061
0.0617
0.0611
0.0616
0.0644
0.0632
0.0626
0.062
0.06
0.0611
0.057
0.0591
0.0565
0.0578
0.0589
0.0593
0.0593
0.0598
0.0558
0.0553
0.0545
0.0543
0.0529
0.0541
0.0523
0.0506
0.049
0.0505
0.0474
0.0472
0.0457
0.045
0.0436
0.0451
0.0451
0.045
0.0469
0.0467
0.047
0.0468
0.0468
0.0466
0.0453
0.0469
0.0438
0.0447
0.0465
0.0473
0.0455
0.0471
0.0438
0.0445
0.044
0.0433
0.0429
0.043
0.0426
0.0428
0.0438
0.0438
0.0457
0.0413
0.0408
0.038
0.0383
0.0387
0.0394
0.0401
0.0395
0.0394
0.04
0.0392
0.0404
0.0391
0.0406
0.0407
0.0429
0.0404
0.0413
0.0399
0.0413
0.0398
0.0421
0.0413
0.0437
0.0436
0.0447
0.0438
0.0436
0.045
0.0462
0.0465
0.046
0.0466
0.0451
0.0465
0.0467
0.047
0.0512
0.0474
0.0506
0.0481
0.049
0.0487
0.0475
0.0476
0.0449
0.0464
0.0478
0.0454
0.0488
0.0456
0.0456
0.0452
0.0456
0.0473
0.047
0.0471
0.0469
0.0492
0.0488
0.0479
0.0504
0.0484
0.0492
0.0473
0.0476
0.0464
0.0456
0.0471
0.0468
0.0469
0.0472
0.0495
0.0485
0.0487
0.0488
0.0461
0.0466
0.0477
0.0473
0.0484
0.0498
0.048
0.0483
0.0487
0.0489
0.0496
0.0501
0.0511
0.0491
0.0493
0.0513
0.0491
0.0516
0.0538
0.0526
0.0518
0.0501
0.0482
0.0502
0.0488
0.0471
0.0493
0.0449
0.0448
0.0439
0.0442
0.0443
0.0447
0.0465
0.0449
0.0451
0.0477
0.0458
0.0457
0.0442
0.0435
0.0462
0.0449
0.0435
0.0435
0.0452
0.0439
0.0454
0.0428
0.0444
0.043
0.0428
0.0433
0.0433
0.0437
0.0436
0.042
0.0417
0.043
0.0425
0.0426
0.0422
0.0427
0.0429
0.0429
0.0448
0.0439
0.0441
0.0441
0.0445
0.0443
0.0429
0.0443
0.044
0.0445
0.0441
0.0456
0.0455
0.0447
0.0471
0.0453
0.0465
0.0451
0.049
0.0476
0.0496
0.051
0.0523
0.0504
0.0478
0.0471
0.049
0.0491
0.0488
0.0502
0.0482
0.0465
0.0463
0.0451
0.0448
0.0444
0.043
0.0452
0.0437
0.0464
0.0441
0.0439
0.0418
0.0399
0.0405
0.0403
0.0409
0.0393
0.0398
0.0388
0.0392
0.0393
0.0392
0.0391
0.0407
0.0399
0.0405
0.0404
0.0397
0.041
0.0399
0.0427
0.041
0.0405
0.0411
0.0423
0.0426
0.0434
0.042
0.0422
0.0417
0.0404
0.0416
0.0423
0.0414
0.0411
0.0426
0.0407
0.0416
0.04
0.0397
0.0399
0.0401
0.0418
0.0405
0.0406
0.0419
0.0398
0.0411
0.0401
0.0399
0.0391
0.0393
0.0381
0.0401
0.0389
0.0398
0.0383
0.038
0.0364
0.0366
0.0358
0.0356
0.0362
0.0355
0.0369
0.0356
0.0352
0.0351
0.0363
0.036
0.0371
0.0354
0.0356
0.0359
0.0358
0.0356
0.0354
0.0354
0.0352
0.0352
0.035
0.0343
0.0343
0.0344
0.035
0.0348
0.035
0.0353
0.0348
0.037
0.0364
0.0378
0.0364
0.0371
0.0361
0.0362
0.0367
0.0375
0.0376
0.0397
0.0386
0.0385
0.0378
0.0381
0.039
0.0384
0.0373
0.0371
0.0375
0.0377
0.0371
0.0371
0.0376
0.0389
0.0376
0.0366
0.0364
0.0361
0.036
0.0369
0.0348
0.0369
0.0353
0.0362
0.0362
0.0374
0.0345
0.0358
0.0354
0.0358
0.0364
0.0365
0.0376
0.0354
0.036
0.0348
0.0358
0.0344
0.035
0.0347
0.0346
0.0346
0.0339
0.0346
0.0333
0.0334
0.0339
0.0338
0.0335
0.0339
0.0335
0.0337
0.0341
0.0348
0.0341
0.0354
0.035
0.0349
0.0346
0.0345
0.0344
0.0344
0.0344
0.0343
0.0342
0.0341
0.0341
0.0347
0.0355
0.0351
0.0347
0.0346
0.0341
0.0338
0.0347
0.0345
0.0344
0.0341
0.0351
0.0339
0.0332
0.0329
0.0327
0.0321
0.0324
0.0324
0.0334
0.0324
0.0325
0.0326
0.033
0.0336
0.0337
0.0353
0.0341
0.0343
0.0341
0.0349
0.0348
0.0343
0.0351
0.0345
0.0357
0.0345
0.0345
0.0346
0.0351
0.0356
0.0366
0.0351
0.0345
0.0361
0.0336
0.0334
0.0327
0.0337
0.0334
0.0339
0.0329
0.0337
0.033
0.0338
0.0333
0.0335
0.033
0.0337
0.0326
0.0335
0.033
0.0343
0.034
0.0365
0.0343
0.0331
0.0327
0.0332
0.0323
0.0325
0.0329
0.0328
0.033
0.0324
0.0337
0.033
0.0337
0.033
0.0345
0.0351
0.0354
0.0342
0.0348
0.0351
0.0351
0.0342
0.0343
0.034
0.0339
0.0333
0.0342
0.0332
0.0333
0.0329
0.0333
0.033
0.0336
0.0333
0.0335
0.0332
0.0339
0.034
0.0335
0.0336
0.0342
0.0352
0.0345
0.0345
0.036
0.0358
0.0396
0.0359
0.0376
0.0369
0.0384
0.0374
0.0379
0.0379
0.0372
0.0379
0.0375
0.0376
0.0369
0.0387
0.0395
0.0404
0.04
0.0426
0.0407
0.04
0.0385
0.0381
0.0374
0.0376
0.0379
0.0384
0.0414
0.0408
0.0408
0.0423
0.0409
0.0389
0.0383
0.0386
0.039
0.0391
0.0378
0.0383
0.036
0.0378
0.0376
0.0393
0.0393
0.0396
0.0424
0.0413
0.0418
0.041
0.0414
0.0391
0.0396
0.0409
0.04
0.0386
0.0387
0.0365
0.0381
0.0373
0.0378
0.0379
0.039
0.0392
0.039
0.0379
0.0379
0.037
0.0391
0.0386
0.0356
0.0337
0.0337
0.0339
0.0337
0.0342
0.0333
0.0344
0.0337
0.0343
0.0341
0.0344
0.0336
0.0345
0.0325
0.0327
0.0317
0.0334
0.0315
0.0318
0.0313
0.0311
0.0313
0.0311
0.032
0.032
0.0327
0.0323
0.0352
0.0341
0.0345
0.0352
0.0347
0.0352
0.0359
0.0333
0.034
0.0317
0.0319
0.0311
0.0324
0.0322
0.0326
0.0312
0.0306
0.0305
0.0308
0.0309
0.0312
0.0317
0.0297
0.0295
0.0296
0.0296
0.0297
0.0301
0.0299
0.0308
0.0296
0.0293
0.0292
0.0291
0.0292
0.0293
0.0295
0.0299
0.0296
0.0305
0.0298
0.0302
0.03
0.0306
0.031
0.0311
0.0312
0.0317
0.031
0.031
0.0312
0.0313
0.0312
0.0306
0.031
0.0304
0.0311
0.0304
0.0307
0.0312
0.0305
0.031
0.0307
0.0313
0.0311
0.0311
0.0313
0.0318
0.0325
0.0318
0.0324
0.0324
0.0333
0.0331
0.0346
0.0327
0.0333
0.0328
0.0325
0.0316
0.0316
0.0322
0.0317
0.0327
0.033
0.0323
0.0331
0.0318
0.0323
0.032
0.0329
0.0314
0.0313
0.0315
0.0317
0.032
0.0314
0.032
0.032
0.0326
0.0331
0.034
0.0323
0.0329
0.0315
0.0316
0.0312
0.0312
0.0316
0.0317
0.0319
0.0316
0.0312
0.0317
0.0317
0.0323
0.0326
0.0327
0.0329
0.0328
0.0335
0.0321
0.0326
0.0317
0.0326
0.0324
0.0324
0.0327
0.0342
0.0332
0.0334
0.0342
0.0333
0.0342
0.0321
0.0321
0.0316
0.0317
0.0308
0.0305
0.0307
0.0313
0.0315
0.032
0.0322
0.0321
0.0317
0.0317
0.0311
0.0311
0.0313
0.0303
0.0304
0.0304
0.0304
