0.0305
0.2991
0.3439
0.2871
0.2794
0.2633
0.2484
0.2463
0.2329
0.2323
0.2083
0.2128
0.2076
0.2041
0.2016
0.2018
0.1929
0.1874
0.1896
0.1841
0.1797
0.1764
0.1789
0.1814
0.1694
0.1676
0.1637
0.1531
0.1512
0.1456
0.1491
0.1453
0.1434
0.1393
0.1358
0.1355
0.1369
0.1301
0.1329
0.1262
0.12
0.1202
0.112
0.1173
0.1192
0.1204
0.1179
0.1217
0.1203
0.1182
0.1167
0.1175
0.1193
0.1211
0.1232
0.1222
0.1215
0.1168
0.1131
0.1134
0.115
0.1137
0.1128
0.11
0.1098
0.1042
0.1021
0.0986
0.1021
0.1
0.1015
0.1015
0.1023
0.1007
0.1033
0.1033
0.103
0.103
0.1031
0.1031
0.0963
0.0995
0.1006
0.108
0.1003
0.1016
0.1002
0.0955
0.0935
0.0924
0.0883
0.0905
0.0872
0.0857
0.087
0.0876
0.0835
0.0849
0.0831
0.0865
0.082
0.0875
0.0877
0.0893
0.0869
0.0916
0.0872
0.0901
0.091
0.0936
0.0911
0.0967
0.0982
0.1003
0.0983
0.1038
0.1012
0.0999
0.1047
0.1039
0.1056
0.1018
0.1049
0.0994
0.0966
0.0915
0.0897
0.0897
0.0848
0.0882
0.086
0.0838
0.0824
0.0795
0.0827
0.0775
0.0814
0.0781
0.0783
0.0807
0.0798
0.0783
0.081
0.0829
0.0807
0.0788
0.0821
0.0769
0.0793
0.0773
0.0787
0.0803
0.0748
0.0785
0.0791
0.0807
0.0791
0.0768
0.0755
0.0765
0.0721
0.0715
0.0684
0.0687
0.068
0.0691
0.0659
0.0629
0.063
0.0615
0.0618
0.0617
0.0604
0.0592
0.0573
0.058
0.0601
0.0585
0.0628
0.0627
0.066
0.0673
0.0711
0.0694
0.0709
0.07
0.0728
0.0713
0.0719
0.0724
0.0725
0.0747
0.0716
0.0709
0.0691
0.0691
0.0681
0.0675
0.0702
0.07
0.0662
0.0671
0.0664
0.0676
0.0724
0.0703
0.0703
0.0717
0.0707
0.0763
0.0727
0.0785
0.0774
0.0744
0.0741
0.0784
0.0754
0.0772
0.0747
0.0746
0.0741
0.0727
0.0734
0.0746
0.074
0.0744
0.0755
0.0736
0.0738
0.0767
0.0759
0.0758
0.0763
0.0761
0.0739
0.0769
0.0754
0.0775
0.0772
0.0761
0.0761
0.0747
0.0749
0.0747
0.0753
0.0743
0.0765
0.077
0.082
0.078
0.0773
0.0766
0.0772
0.0762
0.0806
0.0813
0.0783
0.0743
0.0753
0.0763
0.0737
0.0745
0.0709
0.07
0.0687
0.0676
0.0671
0.0636
0.065
0.0676
0.0651
0.0677
0.0656
0.0673
0.0644
0.0653
0.0672
0.0677
0.0699
0.0687
0.0695
0.0654
0.0654
0.0661
0.0678
0.0673
0.0667
0.0713
0.0642
0.0662
0.0657
0.064
0.0654
0.0645
0.0656
0.0634
0.0628
0.0609
0.0586
0.0592
0.0573
0.0571
0.0555
0.0565
0.0578
0.0567
0.0576
0.0576
0.0607
0.0588
0.0591
0.0608
0.0598
0.0618
0.0589
0.0591
0.0598
0.0579
0.0634
0.0595
0.0616
0.0625
0.062
0.0628
0.0619
0.0609
0.0615
0.0607
0.0616
0.0618
0.0618
0.0651
0.0646
0.0629
0.0684
0.0652
0.0668
0.068
0.065
0.0664
0.0647
0.0658
0.0668
0.0676
0.0632
0.0633
0.0574
0.0601
0.0562
0.0575
0.0557
0.056
0.0558
0.0548
0.0581
0.0574
0.0576
0.0563
0.0576
0.0513
0.0522
0.0521
0.0535
0.053
0.0521
0.0512
0.0502
0.0498
0.0507
0.05
0.0495
0.0516
0.0493
0.0503
0.0525
0.0518
0.0535
0.0505
0.052
0.0514
0.0534
0.0496
0.051
0.0518
0.0491
0.0505
0.0515
0.051
0.0515
0.053
0.0486
0.0508
0.0496
0.0506
0.0507
0.05
0.0514
0.0514
0.0536
0.0513
0.0514
0.0514
0.0496
0.0495
0.0497
0.0501
0.0507
0.0513
0.0546
0.0557
0.0547
0.0558
0.0527
0.0556
0.0542
0.058
0.0573
0.0615
0.0579
0.0588
0.0624
0.0597
0.0583
0.0566
0.0581
0.0552
0.0548
0.0544
0.0549
0.0563
0.0519
0.0543
0.0575
0.0571
0.0565
0.0587
0.0597
0.0594
0.0634
0.06
0.0608
0.0593
0.0636
0.0563
0.0558
0.0548
0.0524
0.0526
0.0516
0.0545
0.053
0.0557
0.054
0.0546
0.0553
0.0572
0.058
0.0587
0.0585
0.0587
0.0593
0.0597
0.0614
0.0587
0.0595
0.0558
0.0606
0.0613
0.0622
0.057
0.0588
0.0568
0.0602
0.0554
0.0535
0.0541
0.0541
0.0522
0.0526
0.0525
0.0534
0.0513
0.0516
0.0518
0.0514
0.053
0.0515
0.0538
0.0515
0.0515
0.0525
0.0534
0.0524
0.0507
0.0523
0.0532
0.0495
0.0499
0.0501
0.0504
0.052
0.0488
0.05
0.0494
0.05
0.0506
0.0527
0.055
0.0529
0.0525
0.0509
0.0509
0.0501
0.0511
0.0501
0.0499
0.051
0.0519
0.0502
0.0491
0.0489
0.0469
0.0479
0.0477
0.0487
0.0473
0.0489
0.0461
0.0468
0.0447
0.0436
0.0439
0.0424
0.0405
0.0428
0.0414
0.0418
0.0416
0.041
0.0434
0.0402
0.0399
0.038
0.039
0.0395
0.0395
0.0394
0.0406
0.0404
0.0405
0.0421
0.042
0.0444
0.0449
0.0444
0.0458
0.0464
0.0467
0.0459
0.0456
0.0445
0.0468
0.0482
0.0472
0.0493
0.0478
0.047
0.0473
0.0484
0.0484
0.0486
0.0489
0.05
0.0529
0.0542
0.0544
0.0557
0.0528
0.0529
0.0558
0.0572
0.055
0.058
0.0564
0.0563
0.0573
0.0591
0.0583
0.0592
0.0596
0.0618
0.0611
0.0607
0.0614
0.0618
0.0628
0.0647
0.0593
0.0615
0.0591
0.0615
0.0594
0.0582
0.0557
0.0556
0.0541
0.0526
0.0544
0.0558
0.0592
0.057
0.0602
0.0618
0.0617
0.0598
0.063
0.0618
0.0616
0.0601
0.0598
0.0608
0.059
0.0593
0.0572
0.0581
0.0559
0.0567
0.0536
0.0587
0.0549
0.0571
0.0577
0.0586
0.0598
0.0588
0.0612
0.0617
0.0634
0.0615
0.062
0.0631
0.0599
0.0601
0.061
0.0584
0.0603
0.0569
0.0591
0.0582
0.0625
0.0576
0.0578
0.0581
0.0587
0.0583
0.0561
0.0573
0.0548
0.0549
0.0563
0.0578
0.0601
0.0585
0.0575
0.059
0.0572
0.0538
0.0544
0.0568
0.058
0.0558
0.0553
0.0537
0.0581
0.0577
0.0603
0.0604
0.0594
0.0615
0.065
0.0591
0.0628
0.0618
0.0642
0.0642
0.0648
0.0644
0.0665
0.0668
0.0635
0.067
0.0621
0.0624
0.0596
0.061
0.0589
0.0598
0.0602
0.0623
0.0612
0.0612
0.0663
0.0622
0.0641
0.0644
0.0654
0.0616
0.0632
0.0638
0.06
0.0606
0.0586
0.0612
0.0567
0.0592
0.0611
0.0605
0.0585
0.0604
0.0608
0.0655
0.0606
0.0623
0.0553
0.0592
0.0558
0.0552
0.0558
0.0565
0.0565
0.0554
0.0547
0.0547
0.0554
0.0538
0.0553
0.0555
0.0579
0.0588
0.0578
0.0577
0.0575
0.0578
0.0592
0.0582
0.0596
0.0608
0.0593
0.0557
0.0548
0.0557
0.0555
0.0533
0.052
0.0516
0.049
0.0494
0.0486
0.0471
0.0458
0.0449
0.0449
0.0467
0.0443
0.0436
0.0432
0.0433
0.0439
0.0439
0.043
0.044
0.0419
0.0397
0.0415
0.0411
0.0418
0.0419
0.0425
0.0415
0.0414
0.0414
0.0402
0.0398
0.0412
0.0419
0.041
0.0403
0.0405
0.0413
0.0418
0.0419
0.0418
0.04
0.0409
0.0414
0.0407
0.0407
0.0399
0.04
0.0409
0.0402
0.0391
0.0375
0.0367
0.0364
0.0358
0.0357
0.0351
0.0349
0.0357
0.0353
0.035
0.0359
0.0345
0.0351
0.0342
0.0352
0.0353
0.0363
0.0354
0.0359
0.0358
0.0359
0.0357
0.0354
0.0358
0.0352
0.0366
0.0369
0.036
0.0358
0.0358
0.0355
0.0352
0.0349
0.0339
0.0341
0.0337
0.0347
0.0345
0.0349
0.0346
0.0343
0.0355
0.0352
0.0364
0.0362
0.035
0.0345
0.0344
0.0342
0.0349
0.035
0.0359
0.0347
0.0345
0.0339
0.0338
0.0344
0.0341
0.034
0.0345
0.0344
0.035
0.035
0.0334
0.0328
0.0331
0.0328
0.0323
0.0322
0.0323
0.0321
0.0322
0.0324
0.0317
0.0317
0.032
0.0318
0.0323
0.0318
0.0323
0.0318
0.032
0.0319
0.032
0.0318
0.0318
0.0318
0.0319
0.0319
0.0324
0.0318
0.0315
0.031
0.0308
0.031
0.0308
0.0306
0.0304
0.0302
0.0302
0.0302
0.0302
0.0302
0.0302
0.0302
0.0302
0.0302
0.0302
0.0302
0.0302
0.0302
0.0302
0.0302
0.0302
0.0302
0.0302
0.0302
0.0302
0.0302
0.0302
0.0302
0.0302
0.0302
0.0302
0.0302
0.0302
0.0302
0.0302
0.0302
0.0302
0.0302
0.0302
0.0302
0.0302
0.0302
0.0302
0.0302
0.0302
0.0302
0.0302
0.0302
0.0302
0.0302
0.0302
0.0302
0.0302
0.0302
0.0302
0.0302
0.0302
0.0302
0.0302
0.0302
0.0302
0.0302
0.0302
0.0302
0.0302
0.0302
0.0302
0.0302
0.0302
0.0302
0.0302
0.0302
0.0302
0.0302
0.0302
0.0302
0.0302
0.0302
0.0302
0.0302
0.0302
0.0302
0.0302
0.0302
0.0302
0.0302
0.0302
0.0302
0.0302
0.0302
0.0302
0.0302
0.0302
0.0302
0.0302
0.0302
0.0302
0.0302
0.0302
0.0302
0.0302
0.0302
0.0302
0.0302
0.0302
0.0302
