0.0302
0.2983
0.3462
0.2906
0.2829
0.2688
0.2555
0.2464
0.2389
0.2395
0.2362
0.2231
0.216
0.2161
0.2091
0.2056
0.1998
0.1985
0.1926
0.1924
0.1887
0.181
0.1749
0.1693
0.1708
0.1624
0.1647
0.1583
0.16
0.1561
0.1584
0.1624
0.1577
0.1587
0.1562
0.1552
0.1413
0.1357
0.1376
0.137
0.137
0.1388
0.1366
0.1358
0.1358
0.135
0.1278
0.1342
0.1312
0.1343
0.1311
0.132
0.1326
0.1327
0.1308
0.1289
0.1227
0.1187
0.1209
0.1159
0.1203
0.1187
0.1178
0.1169
0.114
0.1157
0.1113
0.1138
0.1109
0.1192
0.1132
0.1105
0.1086
0.1117
0.1133
0.1085
0.1069
0.1116
0.1083
0.1088
0.1111
0.1074
0.1102
0.1095
0.1078
0.1019
0.1007
0.0988
0.0938
0.0942
0.0912
0.0827
0.0819
0.0788
0.0779
0.078
0.0775
0.0794
0.0809
0.0815
0.081
0.0795
0.0814
0.0807
0.0829
0.0783
0.0761
0.0741
0.0749
0.0797
0.0779
0.0804
0.0782
0.0797
0.0766
0.0786
0.0736
0.0683
0.0638
0.0646
0.0613
0.0618
0.0641
0.0629
0.062
0.063
0.0629
0.0653
0.0636
0.0612
0.0651
0.0645
0.065
0.0663
0.067
0.0657
0.0631
0.0622
0.0631
0.062
0.0622
0.0596
0.0602
0.0632
0.0599
0.0618
0.0596
0.0592
0.06
0.0602
0.0591
0.0604
0.06
0.0623
0.0581
0.0584
0.0573
0.0574
0.0568
0.0632
0.0623
0.0674
0.0635
0.062
0.0618
0.0611
0.0591
0.06
0.0598
0.0602
0.0623
0.0596
0.0604
0.0587
0.058
0.058
0.0605
0.0572
0.0582
0.0593
0.0606
0.0625
0.0636
0.0656
0.0617
0.0587
0.0617
0.0585
0.0606
0.0583
0.0571
0.0609
0.0593
0.0628
0.062
0.0653
0.0648
0.0686
0.066
0.0676
0.067
0.0684
0.0636
0.0623
0.0621
0.0606
0.0603
0.0591
0.0569
0.0558
0.0549
0.0543
0.0548
0.0539
0.0532
0.053
0.0516
0.0527
0.0541
0.054
0.0544
0.0553
0.0571
0.0583
0.0567
0.0582
0.0579
0.0602
0.0598
0.06
0.0592
0.0586
0.0587
0.0596
0.0594
0.0614
0.0604
0.061
0.0605
0.0601
0.0612
0.0595
0.0593
0.059
0.0579
0.0586
0.058
0.0585
0.0555
0.0556
0.0553
0.0528
0.0544
0.0529
0.0522
0.0504
0.0493
0.0501
0.0483
0.0483
0.0493
0.0485
0.0494
0.0487
0.0514
0.0501
0.0505
0.0544
0.0523
0.0528
0.0515
0.0544
0.0525
0.0515
0.0504
0.0514
0.0528
0.0524
0.0522
0.0558
0.0511
0.0499
0.0488
0.0501
0.049
0.052
0.0501
0.0517
0.0522
0.0547
0.0516
0.0516
0.0541
0.0486
0.0501
0.0477
0.0484
0.049
0.0492
0.0503
0.0487
0.0492
0.0478
0.0473
0.0465
0.0478
0.0483
0.0499
0.052
0.0557
0.051
0.0529
0.0529
0.0553
0.0534
0.0552
0.0562
0.0558
0.0541
0.0571
0.0529
0.0535
0.0533
0.0547
0.0505
0.0505
0.0509
0.0512
0.051
0.0524
0.0526
0.0546
0.053
0.0569
0.055
0.0543
0.0552
0.0517
0.0491
0.0482
0.0501
0.0509
0.0496
0.0492
0.0508
0.0509
0.054
0.0513
0.0533
0.0541
0.0565
0.0572
0.0604
0.0585
0.0619
0.0612
0.0625
0.0576
0.0573
0.0565
0.0569
0.0605
0.0608
0.0616
0.0625
0.0632
0.0631
0.063
0.0646
0.0642
0.0639
0.064
0.0622
0.0601
0.0613
0.0597
0.0607
0.0619
0.0621
0.0596
0.0603
0.0587
0.0612
0.0627
0.065
0.0614
0.0601
0.0584
0.0546
0.0519
0.0511
0.0519
0.0495
0.0498
0.0489
0.0492
0.0498
0.0456
0.0473
0.0456
0.0473
0.044
0.0434
0.043
0.0414
0.0426
0.0414
0.042
0.0418
0.0423
0.0426
0.043
0.0429
0.044
0.0426
0.0436
0.0427
0.0457
0.0433
0.0453
0.0425
0.0435
0.0441
0.0459
0.0428
0.0434
0.0421
0.0457
0.0446
0.0484
0.0451
0.047
0.0455
0.0473
0.0473
0.0467
0.0463
0.0493
0.049
0.0507
0.0492
0.051
0.0525
0.0524
0.0501
0.05
0.0543
0.0527
0.0554
0.0568
0.0561
0.0543
0.0558
0.0551
0.0543
0.0559
0.0559
0.0554
0.0548
0.0529
0.054
0.0526
0.0514
0.0478
0.0517
0.0505
0.0515
0.0505
0.051
0.0497
0.0552
0.0516
0.0541
0.0508
0.0507
0.0486
0.0504
0.0479
0.0477
0.0472
0.0481
0.0482
0.0469
0.045
0.0457
0.0465
0.0478
0.0473
0.0468
0.0475
0.046
0.0451
0.0456
0.0439
0.0427
0.0422
0.0419
0.0441
0.0412
0.0414
0.0409
0.0407
0.041
0.0407
0.0406
0.043
0.0424
0.0433
0.0428
0.0457
0.0445
0.0451
0.0446
0.0461
0.0448
0.0443
0.043
0.0445
0.0438
0.0456
0.0442
0.044
0.0437
0.0399
0.0422
0.0383
0.0409
0.0389
0.04
0.0373
0.0384
0.0377
0.036
0.037
0.0351
0.0361
0.0359
0.037
0.0352
0.0381
0.0358
0.0364
0.0348
0.0348
0.0363
0.0341
0.0333
0.0327
0.0329
0.0333
0.0328
0.0324
0.0317
0.0321
0.0317
0.0312
0.031
0.0316
0.03
0.0311
0.0312
0.0305
0.0322
0.0313
0.0318
0.032
0.032
0.0307
0.0307
0.0294
0.0289
0.0288
0.0287
0.0291
0.0303
0.0298
0.0309
0.0308
0.0307
0.0317
0.0324
0.0316
0.0302
0.0297
0.0296
0.0297
0.0302
0.0292
0.0288
0.0289
0.0287
0.0285
0.0284
0.0285
0.0285
0.0283
0.0284
0.0283
0.0284
0.0285
0.0287
0.0291
0.0288
0.0297
0.029
0.0297
0.0294
0.0303
0.0303
0.0304
0.0302
0.0301
0.0298
0.0298
0.0297
0.0309
0.0295
0.0295
0.029
0.029
0.0289
0.029
0.0281
0.0277
0.0271
0.0271
0.0269
0.0268
0.0266
0.0266
0.0266
0.0266
0.0266
0.0266
0.0266
0.0266
0.0266
0.0266
0.0266
0.0266
0.0266
0.0266
0.0266
0.0266
0.0266
0.0266
0.0266
0.0266
0.0266
0.0266
0.0266
0.0266
0.0266
0.0266
0.0266
0.0266
0.0266
0.0266
0.0266
0.0266
0.0266
0.0266
0.0266
0.0266
0.0266
0.0266
0.0266
0.0266
0.0266
0.0266
0.0266
0.0266
0.0266
0.0266
0.0266
0.0266
0.0266
0.0266
0.0266
0.0266
0.0266
0.0266
0.0266
0.0266
0.0266
0.0266
0.0266
0.0266
0.0266
0.0266
0.0266
0.0266
0.0266
0.0266
0.0266
0.0266
0.0266
0.0266
0.0266
0.0266
0.0266
0.0266
0.0266
0.0266
0.0266
0.0266
0.0266
0.0266
0.0266
0.0266
0.0266
0.0266
0.0266
0.0266
0.0266
0.0266
0.0266
0.0266
0.0266
0.0266
0.0266
0.0266
0.0266
0.0266
0.0266
0.0266
0.0266
0.0266
0.0266
0.0266
0.0266
0.0266
0.0266
0.0266
0.0266
0.0266
0.0266
0.0266
0.0266
0.0266
0.0266
0.0266
0.0266
0.0266
0.0266
0.0266
0.0266
0.0266
0.0266
0.0266
0.0266
0.0266
0.0266
0.0266
0.0266
0.0266
0.0266
0.0266
0.0266
0.0266
0.0266
0.0266
0.0266
0.0266
0.0266
0.0266
0.0266
0.0266
0.0266
0.0266
0.0266
0.0266
0.0266
0.0266
0.0266
0.0266
0.0266
0.0266
0.0266
0.0266
0.0266
0.0266
0.0266
0.0266
0.0266
0.0266
0.0266
0.0266
0.0266
0.0266
0.0266
0.0266
0.0266
0.0266
0.0266
0.0266
0.0266
0.0266
0.0266
0.0266
0.0266
0.0266
0.0266
0.0266
0.0266
0.0266
0.0266
0.0266
0.0266
0.0266
0.0266
0.0266
0.0266
0.0266
0.0266
0.0266
0.0266
0.0266
0.0266
0.0266
0.0266
0.0266
0.0266
0.0266
0.0266
0.0266
0.0266
0.0266
0.0266
0.0266
0.0266
0.0266
0.0266
0.0266
0.0266
0.0266
0.0266
0.0266
0.0266
0.0266
0.0266
0.0266
0.0266
0.0266
0.0266
0.0266
0.0266
0.0266
0.0266
0.0266
0.0266
0.0266
0.0266
0.0266
0.0266
0.0266
0.0266
0.0266
0.0266
0.0266
0.0266
0.0266
0.0266
0.0266
0.0266
0.0266
0.0266
0.0266
0.0266
0.0266
0.0266
0.0266
0.0266
0.0266
0.0266
0.0266
0.0266
0.0266
0.0266
0.0266
0.0266
0.0266
0.0266
0.0266
0.0266
0.0266
0.0266
0.0266
0.0266
0.0266
0.0266
0.0266
0.0266
0.0266
0.0266
0.0266
0.0266
0.0266
0.0266
0.0266
0.0266
0.0266
0.0266
0.0266
0.0266
0.0266
0.0266
0.0266
0.0266
0.0266
0.0266
0.0266
0.0266
0.0266
0.0266
0.0266
0.0266
0.0266
0.0266
0.0266
0.0266
0.0266
0.0266
0.0266
0.0266
0.0266
0.0266
0.0266
0.0266
0.0266
0.0266
0.0266
0.0266
0.0266
0.0266
0.0266
0.0266
0.0266
0.0266
0.0266
0.0266
0.0266
0.0266
0.0266
0.0266
0.0266
0.0266
0.0266
0.0266
0.0266
0.0266
0.0266
0.0266
0.0266
0.0266
0.0266
0.0266
0.0266
0.0266
0.0266
0.0266
0.0266
0.0266
0.0266
0.0266
0.0266
0.0266
0.0266
0.0266
0.0266
0.0266
0.0266
0.0266
0.0266
0.0266
0.0266
0.0266
0.0266
0.0266
0.0266
0.0266
0.0266
0.0266
0.0266
0.0266
0.0266
0.0266
0.0266
0.0266
0.0266
0.0266
0.0266
0.0266
0.0266
0.0266
0.0266
0.0266
0.0266
0.0266
0.0266
0.0266
