0.0266
0.2846
0.3309
0.2738
0.2753
0.253
0.2459
0.2414
0.2344
0.2208
0.2246
0.2117
0.2109
0.1978
0.1938
0.1867
0.1852
0.1677
0.1698
0.1608
0.1539
0.1573
0.1567
0.152
0.1562
0.1537
0.145
0.1465
0.1417
0.1419
0.1481
0.1399
0.1417
0.143
0.1371
0.1302
0.1285
0.127
0.1298
0.1255
0.1287
0.1206
0.1255
0.1196
0.1152
0.1216
0.1109
0.1173
0.1124
0.1116
0.1171
0.116
0.1146
0.1165
0.1137
0.1128
0.1158
0.1131
0.1133
0.1092
0.1094
0.1126
0.1121
0.1096
0.1016
0.1029
0.1
0.093
0.096
0.0886
0.0914
0.0874
0.0865
0.0892
0.0872
0.089
0.0866
0.0874
0.086
0.0859
0.0866
0.0834
0.0833
0.0857
0.0895
0.0932
0.0902
0.0881
0.0851
0.0864
0.0855
0.0847
0.0887
0.0872
0.0905
0.091
0.0905
0.0889
0.0923
0.0938
0.0945
0.0958
0.091
0.0872
0.0857
0.0881
0.0877
0.0895
0.0867
0.0888
0.086
0.0907
0.0918
0.0891
0.0931
0.0915
0.0901
0.0873
0.0899
0.0878
0.0924
0.0922
0.0879
0.0872
0.0843
0.0872
0.0865
0.0808
0.0784
0.0741
0.0711
0.0738
0.0732
0.0744
0.0751
0.0726
0.0722
0.0734
0.0749
0.0701
0.0681
0.0688
0.0714
0.0669
0.072
0.068
0.0711
0.0681
0.0724
0.071
0.0695
0.0688
0.0668
0.0654
0.0641
0.0651
0.0634
0.0628
0.0617
0.0625
0.0569
0.0581
0.057
0.0584
0.0571
0.0546
0.0554
0.0557
0.0554
0.0535
0.055
0.0538
0.053
0.0535
0.0565
0.0559
0.0535
0.0519
0.0507
0.0489
0.0506
0.0502
0.0507
0.0518
0.0539
0.0552
0.0544
0.0545
0.0506
0.0527
0.0488
0.0496
0.0475
0.0491
0.0522
0.0511
0.0488
0.0502
0.0508
0.0496
0.0488
0.0477
0.0502
0.0519
0.0533
0.053
0.0526
0.0539
0.0528
0.0547
0.0552
0.0547
0.0573
0.0574
0.0596
0.0569
0.0582
0.059
0.0584
0.0583
0.0586
0.0564
0.0553
0.0593
0.0558
0.059
0.0596
0.0572
0.0629
0.0602
0.0592
0.0601
0.0614
0.0621
0.0593
0.0601
0.0605
0.0627
0.0617
0.0596
0.0632
0.0631
0.0649
0.0626
0.0661
0.0672
0.0673
0.0686
0.0652
0.0683
0.0683
0.071
0.0721
0.0732
0.0715
0.073
0.0766
0.0762
0.0728
0.0762
0.0737
0.0726
0.0758
0.0738
0.0723
0.0732
0.0682
0.0689
0.0672
0.0667
0.0683
0.0715
0.0693
0.0682
0.0645
0.0668
0.0668
0.0739
0.0666
0.0711
0.0668
0.0695
0.0658
0.0661
0.0668
0.0663
0.0664
0.0642
0.0685
0.0644
0.0673
0.0659
0.065
0.063
0.0648
0.0663
0.0669
0.0677
0.0684
0.0714
0.0711
0.0728
0.0735
0.0768
0.0733
0.0705
0.07
0.0736
0.068
0.0699
0.0669
0.0639
0.0635
0.0636
0.0646
0.0642
0.0678
0.0636
0.0674
0.0642
0.0649
0.064
0.0639
0.0652
0.0612
0.0657
0.0576
0.0588
0.058
0.0554
0.0572
0.0569
0.0564
0.0571
0.0582
0.0565
0.0591
0.0576
0.0561
0.0566
0.0593
0.0589
0.0581
0.0576
0.0555
0.0554
0.0544
0.0555
0.056
0.056
0.0559
0.0528
0.0512
0.0519
0.0513
0.0535
0.0533
0.0559
0.0537
0.0556
0.0545
0.0557
0.0547
0.0518
0.0519
0.0527
0.0512
0.0532
0.0521
0.0536
0.0548
0.054
0.0538
0.0548
0.0543
0.0543
0.0548
0.0538
0.0542
0.0552
0.0546
0.0546
0.0539
0.0552
0.056
0.056
0.0581
0.0549
0.0543
0.0559
0.0578
0.0559
0.0583
0.0603
0.0622
0.0605
0.0619
0.0633
0.062
0.0599
0.0611
0.0592
0.0599
0.0611
0.0603
0.0603
0.0568
0.0556
0.0533
0.0539
0.0513
0.0501
0.0518
0.0489
0.0501
0.0483
0.0486
0.0489
0.0496
0.0517
0.0501
0.0499
0.0502
0.0523
0.0507
0.0508
0.0507
0.0534
0.0507
0.0525
0.0511
0.0525
0.0536
0.0528
0.0547
0.052
0.0513
0.0514
0.0531
0.0533
0.0559
0.0566
0.0561
0.0581
0.0583
0.0534
0.0568
0.0553
0.0568
0.0578
0.0561
0.0566
0.0561
0.0604
0.0554
0.0576
0.0568
0.0587
0.0578
0.0624
0.0578
0.0572
0.0573
0.0561
0.0557
0.0529
0.0564
0.0569
0.0581
0.0552
0.0567
0.0568
0.0579
0.0561
0.0586
0.0564
0.0555
0.0586
0.0575
0.0581
0.0583
0.0572
0.0589
0.0582
0.0589
0.0564
0.057
0.0589
0.0572
0.0594
0.0568
0.0601
0.0601
0.0612
0.0607
0.0622
0.0636
0.0617
0.0622
0.063
0.0621
0.0623
0.0648
0.0629
0.0647
0.063
0.0631
0.0639
0.0642
0.0696
0.0636
0.0671
0.0629
0.0641
0.0631
0.0677
0.0651
0.0645
0.0647
0.0634
0.0623
0.0625
0.063
0.0638
0.0672
0.0633
0.0648
0.0657
0.0653
0.0676
0.0638
0.0663
0.0657
0.062
0.0643
0.0605
0.0625
0.0623
0.0621
0.0627
0.0633
0.062
0.0639
0.0636
0.0613
0.0612
0.0638
0.0657
0.0682
0.0687
0.07
0.0683
0.0651
0.0667
0.0673
0.0703
0.0699
0.0722
0.0716
0.0719
0.069
0.0703
0.0674
0.0698
0.0683
0.0744
0.0712
0.0739
0.0698
0.0714
0.0711
0.0703
0.0739
0.0714
0.0707
0.0688
0.0687
0.0714
0.0701
0.0711
0.0688
0.0654
0.0633
0.0665
0.0661
0.067
0.0654
0.0674
0.0688
0.0704
0.0764
0.076
0.0769
0.0754
0.074
0.0734
0.0793
0.0768
0.0798
0.0759
0.075
0.0729
0.0742
0.0733
0.0764
0.0687
0.0699
0.0705
0.0708
0.0708
0.072
0.0705
0.071
0.0694
0.0697
0.0712
0.0746
0.0762
0.0713
0.0732
0.0712
0.0697
0.071
0.0728
0.0737
0.072
0.0717
0.0747
0.0742
0.0741
0.0722
0.0736
0.0708
0.0711
0.0702
0.0749
0.0695
0.0703
0.0705
0.0702
0.0676
0.0669
0.0679
0.0671
0.0712
0.0673
0.0689
0.0641
0.0689
0.0644
0.0647
0.0636
0.0651
0.0627
0.0634
0.0635
0.0612
0.0616
0.0627
0.063
0.0618
0.0643
0.0635
0.0641
0.0608
0.0597
0.059
0.0582
0.057
0.0581
0.0584
0.0599
0.0619
0.0609
0.0612
0.0587
0.0628
0.0625
0.0677
0.0677
0.0686
0.0724
0.0705
0.0752
0.0767
0.0753
0.073
0.076
0.0763
0.0762
0.0735
0.0705
0.0702
0.0732
0.0683
0.0682
0.07
0.0675
0.0672
0.0661
0.0676
0.0669
0.0698
0.0675
0.0689
0.0663
0.0679
0.0703
0.0682
0.0651
0.0659
0.0655
0.0671
0.067
0.0681
0.0631
0.0642
0.0618
0.0608
0.0601
0.0597
0.0567
0.0549
0.0544
0.0542
0.0511
0.0504
0.0495
0.0509
0.0506
0.0518
0.0535
0.0527
0.0525
0.0563
0.0565
0.054
0.055
0.0552
0.0549
0.0555
0.0567
0.0588
0.0557
0.0571
0.0544
0.0548
0.0531
0.0555
0.0549
0.0555
0.0539
0.0537
0.0543
0.0551
0.0551
0.0542
0.0548
0.0563
0.0564
0.0558
0.0577
0.0574
0.0576
0.0544
0.0542
0.0544
0.0538
0.0542
0.0552
0.0545
0.0547
0.0552
0.0555
0.0549
0.0549
0.0574
0.0569
0.0579
0.059
0.0602
0.0611
0.0588
0.0599
0.0555
0.0572
0.0545
0.0566
0.0548
0.0529
0.0526
0.0545
0.0505
0.0531
0.0479
0.0481
0.0463
0.0477
0.0462
0.0483
0.0433
0.0449
0.0436
0.0441
0.0431
0.0429
0.0406
0.041
0.0419
0.0432
0.0427
0.0427
0.0419
0.0426
0.0432
0.0425
0.0412
0.0419
0.0419
0.0432
0.0418
0.0422
0.0427
0.0411
0.0416
0.0423
0.0433
0.0448
0.0438
0.0447
0.0448
0.043
0.0424
0.0394
0.0404
0.0392
0.0412
0.0401
0.0412
0.0415
0.0428
0.0442
0.0439
0.0446
0.0443
0.0473
0.0444
0.0458
0.046
0.0429
0.0417
0.0416
0.0403
0.041
0.0413
0.0408
0.0415
0.0415
0.0434
0.0417
0.0422
0.0412
0.0414
0.0435
0.0427
0.0434
0.0415
0.0412
0.041
0.0425
0.0423
0.0455
0.0438
0.0469
0.0438
0.0452
0.046
0.0456
0.0456
0.045
0.0472
0.0438
0.0435
0.0422
0.0407
0.039
0.0386
0.0399
0.0407
0.0396
0.0414
0.0421
0.0436
0.0446
0.0453
0.0424
0.044
0.0438
0.0451
0.0455
0.0456
0.0455
0.046
0.0483
0.0493
0.0483
0.0487
0.0489
0.0494
0.0493
0.048
0.0477
0.0508
0.0498
0.0527
0.0511
0.0504
0.0498
0.0499
0.0483
0.0479
0.0475
0.0479
0.048
0.0483
0.0473
0.0505
0.0485
0.0463
0.0472
0.0466
0.0467
0.0457
0.0483
0.0489
0.0489
0.0493
0.05
0.0505
0.0525
0.0512
0.0507
0.0511
0.0503
0.0481
0.0501
0.0501
0.0517
0.0528
0.0545
0.0539
0.0534
0.0544
0.0552
0.0561
0.0567
0.0594
0.0584
0.0584
0.0611
0.0602
0.06
0.0573
0.0578
0.0572
0.0592
0.0569
0.0602
0.0576
0.0564
0.0556
0.06
0.055
0.0587
0.0581
0.0615
0.059
0.0597
0.0587
0.058
0.0584
0.0564
0.0591
0.0566
0.0562
0.055
0.0554
0.0549
0.0559
0.055
0.056
0.0557
0.0588
0.0588
0.0615
0.055
0.0551
0.0529
0.0542
0.0504
0.053
