0.0531
0.3004
0.3359
0.2924
0.2927
0.2833
0.2634
0.2502
0.2485
0.2357
0.2279
0.2189
0.2163
0.2024
0.1995
0.1972
0.1879
0.1848
0.178
0.1719
0.1728
0.1712
0.1666
0.171
0.1641
0.1651
0.1633
0.1571
0.1587
0.1527
0.1574
0.1523
0.1583
0.1526
0.1563
0.1581
0.1629
0.1514
0.1523
0.1485
0.1515
0.1517
0.1475
0.14
0.1431
0.138
0.1418
0.1412
0.1423
0.1377
0.1406
0.1377
0.1364
0.1319
0.1324
0.1315
0.1318
0.1284
0.1366
0.1311
0.1391
0.1331
0.1342
0.1282
0.1338
0.1297
0.1349
0.1288
0.1363
0.1341
0.1361
0.1338
0.1318
0.1278
0.1288
0.1233
0.1225
0.1259
0.1167
0.1149
0.1186
0.1155
0.1135
0.117
0.1175
0.1137
0.1195
0.1114
0.1171
0.1131
0.1143
0.1081
0.1133
0.112
0.1166
0.1121
0.1162
0.1093
0.109
0.1076
0.1084
0.1068
0.1073
0.1084
0.1123
0.1105
0.1094
0.1085
0.1052
0.1047
0.1055
0.11
0.1048
0.11
0.1056
0.1053
0.1037
0.1075
0.1001
0.1033
0.0985
0.097
0.0982
0.1038
0.1015
0.1061
0.1061
0.109
0.1059
0.1084
0.1034
0.1067
0.1074
0.1051
0.1046
0.1023
0.1055
0.1076
0.1055
0.1028
0.1054
0.1002
0.102
0.1026
0.101
0.1006
0.0989
0.0992
0.0953
0.0971
0.0927
0.0977
0.0923
0.0964
0.0889
0.0956
0.0938
0.0906
0.0948
0.0898
0.0916
0.0939
0.0905
0.0857
0.085
0.0862
0.0829
0.0814
0.079
0.084
0.0811
0.0816
0.0785
0.0809
0.0762
0.0781
0.0744
0.0735
0.0699
0.0742
0.0769
0.0784
0.0775
0.0799
0.0795
0.0765
0.0769
0.075
0.0779
0.074
0.0777
0.0799
0.0759
0.078
0.0789
0.0783
0.0815
0.0824
0.0858
0.0841
0.0852
0.0861
0.0834
0.0825
0.0853
0.0816
0.0842
0.0877
0.0842
0.081
0.0863
0.0856
0.087
0.089
0.0904
0.0856
0.0845
0.0875
0.082
0.087
0.0834
0.081
0.0804
0.0776
0.0749
0.0723
0.0762
0.0751
0.0774
0.0804
0.0801
0.0789
0.0794
0.0785
0.078
0.0774
0.0782
0.0761
0.074
0.0769
0.0761
0.0776
0.0757
0.0755
0.0806
0.0821
0.0834
0.0818
0.083
0.083
0.0859
0.0871
0.088
0.0862
0.0883
0.0873
0.0935
0.088
0.0864
0.0881
0.0854
0.0873
0.0864
0.0837
0.0835
0.0804
0.0824
0.086
0.0821
0.0866
0.0867
0.0886
0.086
0.0853
0.0858
0.0871
0.081
0.0838
0.0787
0.0794
0.0774
0.0819
0.0779
0.0758
0.076
0.0763
0.0768
0.0764
0.0802
0.0785
0.083
0.0811
0.0794
0.0791
0.0791
0.0837
0.0804
0.0813
0.079
0.0801
0.0823
0.0783
0.0817
0.0807
0.0781
0.0803
0.0753
0.0783
0.0793
0.0793
0.0775
0.0755
0.0773
0.0736
0.0782
0.0796
0.0828
0.084
0.0847
0.0819
0.0857
0.0835
0.0842
0.0824
0.085
0.0826
0.084
0.0793
0.0764
0.075
0.0781
0.0792
0.0796
0.0807
0.0815
0.0834
0.0859
0.0856
0.0869
0.0867
0.0841
0.081
0.0805
0.0806
0.0843
0.0771
0.0792
0.0806
0.0807
0.0844
0.0797
0.0857
0.0833
0.083
0.0817
0.0795
0.0754
0.0743
0.0737
0.0708
0.0715
0.0731
0.0705
0.0726
0.0728
0.0725
0.0687
0.0689
0.0714
0.0695
0.0706
0.0648
0.0682
0.0631
0.0631
0.0615
0.0627
0.0621
0.0591
0.061
0.0604
0.0593
0.06
0.0603
0.0626
0.0648
0.0638
0.0656
0.0636
0.0648
0.0669
0.0654
0.0679
0.0667
0.0649
0.0662
0.0677
0.0668
0.0663
0.0667
0.067
0.0669
0.0693
0.0674
0.0685
0.0666
0.0647
0.0649
0.0656
0.0636
0.0683
0.0671
0.0687
0.0665
0.0712
0.0662
0.066
0.0633
0.065
0.0631
0.0632
0.0613
0.063
0.0612
0.0611
0.0596
0.0532
0.0537
0.0511
0.0499
0.0511
0.0489
0.0511
0.05
0.0536
0.0526
0.0506
0.0509
0.0539
0.0507
0.0551
0.0541
0.0588
0.057
0.0615
0.0595
0.0593
0.0585
0.06
0.0596
0.0574
0.0598
0.0583
0.0574
0.0571
0.0581
0.0558
0.0575
0.0579
0.0582
0.0564
0.0552
0.0541
0.0528
0.0519
0.0516
0.0527
0.053
0.0562
0.0535
0.056
0.0541
0.055
0.0536
0.057
0.0516
0.0535
0.0499
0.0499
0.0487
0.0476
0.0482
0.0496
0.0478
0.0468
0.0491
0.0484
0.0503
0.0504
0.0521
0.0501
0.0513
0.0486
0.0514
0.0515
0.0509
0.051
0.0517
0.0539
0.0534
0.0541
0.0546
0.0529
0.0498
0.048
0.0494
0.0482
0.0483
0.0487
0.0505
0.0504
0.05
0.0498
0.0512
0.0468
0.0471
0.044
0.0445
0.0439
0.0469
0.0461
0.0473
0.0484
0.0469
0.0455
0.0455
0.0468
0.0461
0.0487
0.0508
0.0493
0.0491
0.0508
0.051
0.0529
0.054
0.0538
0.0503
0.05
0.0481
0.0491
0.0474
0.0483
0.0492
0.0507
0.0512
0.0538
0.0543
0.053
0.0544
0.055
0.0537
0.0513
0.0503
0.052
0.0522
0.0503
0.0508
0.0508
0.0493
0.05
0.0509
0.0493
0.0475
0.0477
0.0471
0.0492
0.0481
0.0522
0.0518
0.0495
0.0511
0.051
0.0494
0.0503
0.0489
0.0519
0.0521
0.0544
0.0526
0.0527
0.0529
0.0554
0.0523
0.0523
0.0523
0.0544
0.0528
0.0542
0.0509
0.0543
0.0523
0.0528
0.0526
0.0519
0.0544
0.0548
0.0543
0.0537
0.0548
0.0564
0.0543
0.0558
0.0544
0.0544
0.058
0.0539
0.0529
0.0546
0.0534
0.0547
0.056
0.0577
0.0572
0.0563
0.0598
0.0602
0.0594
0.0591
0.0572
0.0562
0.0586
0.054
0.0569
0.0514
0.0485
0.0484
0.0458
0.044
0.0445
0.045
0.0454
0.0471
0.0456
0.0486
0.0485
0.0493
0.049
0.0473
0.0501
0.0489
0.0523
0.0519
0.0536
0.0514
0.0531
0.0532
0.0523
0.054
0.055
0.0581
0.0549
0.0529
0.0507
0.0521
0.0509
0.0514
0.053
0.0547
0.0521
0.0549
0.0547
0.0577
0.0525
0.0556
0.0543
0.0589
0.056
0.0583
0.0566
0.0567
0.0532
0.0533
0.0491
0.0525
0.0497
0.0504
0.049
0.0483
0.0471
0.048
0.0482
0.0488
0.0486
0.0492
0.0489
0.0457
0.0488
0.0472
0.0483
0.0456
0.0474
0.0497
0.0507
0.0518
0.0556
0.0521
0.0523
0.0513
0.048
0.0457
0.0464
0.0455
0.0459
0.0452
0.0457
0.0467
0.0476
0.0484
0.0487
0.0519
0.0516
0.0541
0.0515
0.0509
0.0521
0.0524
0.0514
0.0495
0.0499
0.0482
0.048
0.045
0.0462
0.0427
0.0417
0.0422
0.0416
0.0409
0.0407
0.0425
0.0407
0.0419
0.0422
0.0434
0.0414
0.0453
0.0435
0.047
0.0444
0.0466
0.047
0.0497
0.048
0.0507
0.0504
0.051
0.0515
0.0519
0.0538
0.0533
0.0525
0.0521
0.0534
0.0515
0.0509
0.0486
0.0491
0.0484
0.0504
0.0505
0.0521
0.0506
0.05
0.0546
0.0523
0.0556
0.0548
0.0549
0.0532
0.054
0.0547
0.0525
0.0546
0.0508
0.053
0.0534
0.0525
0.0507
0.0485
0.0463
0.0483
0.0475
0.0506
0.0478
0.045
0.0436
0.0415
0.042
0.0422
0.0422
0.0426
0.0451
0.0431
0.0448
0.0436
0.0442
0.045
0.0447
0.0456
0.0423
0.044
0.044
0.0449
0.0441
0.0459
0.0471
0.0449
0.0466
0.0462
0.045
0.0436
0.0468
0.0453
0.0454
0.0456
0.0468
0.0466
0.0493
0.0504
0.0521
0.0501
0.0539
0.0524
0.0535
0.053
0.0548
0.0521
0.0518
0.0513
0.0523
0.0505
0.0479
0.052
0.0468
0.0466
0.0459
0.0434
0.0452
0.0431
0.0442
0.0425
0.0444
0.043
0.0464
0.0445
0.0439
0.0435
0.0456
0.0448
0.0476
0.044
0.0456
0.0424
0.043
0.042
0.0424
0.0433
0.0444
0.0434
0.044
0.0419
0.0427
0.0419
0.0427
0.0425
0.0452
0.0412
0.0415
0.0412
0.0448
0.0422
0.0434
0.0422
0.0408
0.0411
0.0404
0.04
0.0402
0.0388
0.0377
0.038
0.0389
0.0383
0.0392
0.0388
0.0398
0.0416
0.0399
0.041
0.0409
0.0405
0.0424
0.0419
0.0435
0.044
0.0438
0.0431
0.0433
0.0433
0.0413
0.0415
0.0415
0.0399
0.0398
0.0409
0.0414
0.0416
0.0419
0.0435
0.0428
0.0441
0.0435
0.0452
0.0449
0.0449
0.0444
0.0423
0.0417
0.0438
0.0401
0.0422
0.0423
0.0437
0.0463
0.0464
0.048
0.0467
0.0492
0.0501
0.0531
0.0502
0.0515
0.0504
0.052
0.0476
0.0488
0.0481
0.0489
0.0474
0.0455
0.0462
0.0466
0.0457
0.0484
0.0464
0.0464
0.0466
0.0478
0.045
0.0452
0.0448
0.0454
0.044
0.0446
0.0439
0.0422
0.0413
0.0411
0.0424
0.0416
0.0403
0.0407
0.0401
0.039
0.0387
0.0375
0.0377
0.0364
0.0367
0.0357
0.0353
0.0357
0.0352
0.035
0.0358
0.0357
0.037
0.0367
0.0389
0.0385
0.0384
0.0388
0.0376
0.0388
0.0382
0.0397
0.0391
0.0397
0.0391
0.039
0.0363
0.0383
0.0364
0.0367
0.0372
0.0381
0.0391
0.04
0.0392
0.0387
