0.0386
0.2982
0.342
0.2971
0.2892
0.2605
0.2581
0.2438
0.2441
0.2306
0.2249
0.2169
0.2106
0.2042
0.1956
0.1926
0.1933
0.1816
0.1755
0.1767
0.1735
0.1592
0.1638
0.1484
0.1521
0.1408
0.1446
0.1367
0.1412
0.1452
0.1435
0.1447
0.147
0.1373
0.1344
0.128
0.127
0.1239
0.1276
0.1241
0.1253
0.1196
0.1233
0.1148
0.1193
0.1188
0.1177
0.1198
0.1201
0.118
0.1138
0.1214
0.1142
0.1162
0.1186
0.1162
0.1137
0.1205
0.1151
0.1139
0.1179
0.1163
0.1157
0.1103
0.1173
0.1119
0.1089
0.1098
0.1106
0.1115
0.1043
0.1106
0.0982
0.102
0.1006
0.1033
0.0994
0.0973
0.0946
0.0911
0.0899
0.0813
0.0838
0.0824
0.0827
0.0814
0.0824
0.0836
0.0861
0.0813
0.0811
0.0784
0.0777
0.0739
0.074
0.0705
0.0718
0.0669
0.0696
0.0682
0.0688
0.0659
0.0677
0.0655
0.0626
0.0628
0.061
0.0634
0.0622
0.0648
0.0651
0.0653
0.0642
0.0694
0.0643
0.0679
0.0679
0.0703
0.0688
0.069
0.0619
0.0653
0.0621
0.0652
0.061
0.0645
0.0624
0.0618
0.0624
0.0627
0.0619
0.0612
0.0633
0.0582
0.0639
0.0575
0.0596
0.058
0.0573
0.0574
0.0555
0.0563
0.0571
0.0559
0.056
0.0559
0.0547
0.0531
0.0485
0.0498
0.0488
0.0492
0.0488
0.0478
0.05
0.0499
0.0489
0.0507
0.0509
0.0507
0.0515
0.0526
0.053
0.0533
0.0548
0.0545
0.0577
0.0543
0.056
0.0571
0.0588
0.0601
0.06
0.0623
0.0624
0.0655
0.066
0.0666
0.0677
0.0675
0.0709
0.0702
0.0713
0.0725
0.0725
0.0716
0.0732
0.0726
0.0702
0.0722
0.0719
0.0729
0.0757
0.0768
0.0762
0.0745
0.0774
0.0756
0.0754
0.0769
0.075
0.0742
0.0768
0.0739
0.075
0.0728
0.0751
0.0741
0.0729
0.0714
0.0689
0.0711
0.0658
0.0682
0.0684
0.0691
0.0725
0.0738
0.0712
0.0692
0.0709
0.068
0.0722
0.0706
0.0684
0.0696
0.0681
0.0712
0.0682
0.0747
0.065
0.0654
0.0627
0.0679
0.063
0.0652
0.0628
0.0642
0.0652
0.0685
0.0645
0.0659
0.0658
0.0657
0.0709
0.0686
0.0668
0.0668
0.0704
0.0682
0.0677
0.0666
0.0671
0.0671
0.0653
0.0637
0.0641
0.0601
0.062
0.0617
0.0615
0.0629
0.0635
0.0636
0.0621
0.0637
0.066
0.0668
0.066
0.0671
0.0683
0.0685
0.0674
0.0706
0.069
0.0718
0.0713
0.0718
0.0715
0.0709
0.0687
0.0676
0.0665
0.0659
0.0643
0.0625
0.0633
0.0641
0.0621
0.0642
0.0649
0.0634
0.0667
0.0649
0.069
0.0671
0.0678
0.0638
0.061
0.0632
0.0616
0.0617
0.06
0.0626
0.0603
0.062
0.0616
0.0612
0.0616
0.0602
0.061
0.0613
0.0631
0.0618
0.061
0.0576
0.0596
0.0586
0.0604
0.0615
0.06
0.0627
0.0644
0.0604
0.0648
0.0623
0.0666
0.0626
0.0652
0.0631
0.0596
0.0588
0.058
0.056
0.058
0.0576
0.058
0.0586
0.0599
0.0574
0.0587
0.0598
0.0583
0.0582
0.0582
0.0591
0.0612
0.0602
0.0599
0.0631
0.0635
0.0606
0.061
0.0622
0.0631
0.0634
0.0632
0.0633
0.0658
0.0672
0.0638
0.0629
0.0596
0.0621
0.0603
0.0605
0.0591
0.0603
0.0622
0.0587
0.0603
0.0607
0.0641
0.0669
0.0647
0.0667
0.0666
0.0686
0.066
0.0637
0.064
0.0642
0.061
0.0624
0.0615
0.0626
0.0631
0.0627
0.0649
0.065
0.0674
0.0656
0.0681
0.0676
0.0664
0.0666
0.0645
0.0649
0.0647
0.0638
0.0614
0.0638
0.0621
0.0604
0.0594
0.0596
0.062
0.0589
0.0594
0.0583
0.0605
0.0604
0.0636
0.0598
0.0629
0.0613
0.0616
0.0625
0.0638
0.0629
0.0618
0.0628
0.061
0.0627
0.0626
0.062
0.062
0.0599
0.0577
0.0614
0.0606
0.0603
0.0626
0.0604
0.0625
0.0646
0.0609
0.0617
0.0588
0.059
0.0554
0.0571
0.0571
0.0565
0.056
0.0565
0.0602
0.0587
0.0584
0.06
0.0565
0.0584
0.0534
0.0527
0.0502
0.0514
0.0531
0.0542
0.0536
0.0544
0.0541
0.0544
0.0543
0.0549
0.0519
0.0536
0.0533
0.0548
0.0535
0.0553
0.053
0.0525
0.0506
0.0535
0.0507
0.0534
0.0524
0.0508
0.0524
0.0524
0.0529
0.0537
0.052
0.0538
0.0527
0.0525
0.0544
0.0537
0.0541
0.0546
0.0551
0.0548
0.055
0.053
0.0544
0.0533
0.0548
0.0524
0.0529
0.0512
0.0535
0.0514
0.0542
0.0513
0.0529
0.0535
0.0539
0.0535
0.0554
0.0557
0.0582
0.0547
0.0544
0.0529
0.0535
0.0529
0.0542
0.0546
0.0558
0.0544
0.0541
0.0541
0.0536
0.0511
0.0533
0.0522
0.0514
0.0506
0.0511
0.0513
0.0515
0.0513
0.0517
0.0535
0.0524
0.0529
0.0532
0.0506
0.0511
0.0508
0.0503
0.0492
0.0498
0.0502
0.0527
0.0545
0.0537
0.0507
0.0518
0.0483
0.0478
0.0498
0.0472
0.0524
0.05
0.0517
0.05
0.0517
0.0503
0.0509
0.0533
0.0531
0.0531
0.0541
0.0534
0.0512
0.0519
0.0522
0.0506
0.0519
0.0523
0.0522
0.0563
0.0519
0.0503
0.0501
0.0512
0.0534
0.0545
0.053
0.0517
0.0521
0.0504
0.0493
0.0496
0.0479
0.0499
0.0509
0.051
0.0532
0.0517
0.0514
0.0516
0.0528
0.0498
0.051
0.0489
0.0497
0.0498
0.0503
0.0513
0.0498
0.0484
0.0459
0.0467
0.0466
0.0471
0.0484
0.0498
0.049
0.0492
0.0481
0.0479
0.0458
0.0463
0.0465
0.0473
0.0478
0.0484
0.0488
0.0486
0.0477
0.0477
0.0473
0.0468
0.047
0.0478
0.0493
0.0524
0.0502
0.05
0.0499
0.0478
0.0477
0.0484
0.0488
0.0466
0.048
0.0469
0.047
0.0463
0.0463
0.0459
0.0441
0.0434
0.0437
0.0424
0.0429
0.0441
0.0453
0.0459
0.0465
0.0465
0.0468
0.0468
0.0467
0.0455
0.048
0.0497
0.0503
0.0505
0.0512
0.0525
0.052
0.0531
0.0502
0.051
0.0482
0.0506
0.0489
0.048
0.0485
0.0477
0.049
0.0506
0.0493
0.051
0.0503
0.0505
0.0502
0.0483
0.0497
0.0482
0.0512
0.0506
0.0517
0.0511
0.0516
0.0544
0.0508
0.0501
0.0504
0.0508
0.0486
0.0492
0.0492
0.0479
0.0486
0.0492
0.0502
0.0481
0.052
0.0517
0.0518
0.0513
0.0515
0.0526
0.0522
0.0523
0.0514
0.0493
0.0491
0.0506
0.0486
0.0479
0.0483
0.0486
0.049
0.0498
0.0477
0.0465
0.0459
0.0437
0.0454
0.0427
0.0449
0.0439
0.0446
0.0443
0.0458
0.044
0.046
0.0464
0.045
0.0449
0.046
0.0442
0.0458
0.0444
0.0444
0.0443
0.0461
0.0457
0.0451
0.0472
0.0471
0.0442
0.0456
0.0449
0.0452
0.0447
0.0448
0.0443
0.0446
0.0453
0.0446
0.0458
0.0469
0.0472
0.0459
0.0482
0.0476
0.0487
0.0466
0.0473
0.0442
0.0447
0.0425
0.0433
0.044
0.0449
0.0449
0.0449
0.0455
0.0483
0.0453
0.0464
0.0447
0.0455
0.0452
0.0475
0.0492
0.0465
0.0451
0.045
0.0441
0.0431
0.0429
0.0449
0.0449
0.0458
0.0435
0.0456
0.0444
0.0437
0.0438
0.0419
0.0423
0.042
0.042
0.0428
0.0434
0.0444
0.0434
0.0437
0.0454
0.0439
0.0453
0.0439
0.0442
0.0443
0.0447
0.0455
0.0443
0.0458
0.0448
0.0464
0.047
0.047
0.0483
0.0492
0.0519
0.0497
0.05
0.0518
0.0505
0.0531
0.0519
0.0535
0.0546
0.0531
0.0558
0.0523
0.0538
0.0504
0.0525
0.0529
0.0513
0.0512
0.0498
0.049
0.0501
0.0515
0.0512
0.0525
0.0545
0.0499
0.0484
0.048
0.0474
0.0491
0.0473
0.0478
0.0499
0.0477
0.0492
0.0484
0.0498
0.0474
0.0472
0.0478
0.0476
0.0501
0.0499
0.0494
0.0482
0.0492
0.0478
0.05
0.0499
0.0503
0.0471
0.0468
0.0468
0.0465
0.047
0.0477
0.048
0.0468
0.0502
0.0493
0.0509
0.0487
0.0525
0.0492
0.0494
0.0473
0.0467
0.0486
0.0464
0.0489
0.0469
0.0493
0.0475
0.0475
0.0489
0.0488
0.0492
0.0487
0.0512
0.0522
0.0528
0.0543
0.0531
0.0497
0.0486
0.0481
0.0484
0.0496
0.0499
0.0503
0.0522
0.0511
0.0538
0.0523
0.0516
0.0491
0.0501
0.049
0.049
0.0479
0.0499
0.0502
0.0505
0.0495
0.05
0.0513
0.052
0.0527
0.0529
0.0547
0.0551
0.0538
0.0538
0.055
0.0559
0.0538
0.0536
0.056
0.055
0.052
0.0548
0.0569
0.0562
0.0561
0.0567
0.0581
0.0584
0.0623
0.0608
0.0615
0.0559
0.0579
0.0575
0.0579
0.0575
0.0586
0.0604
0.0569
0.0577
0.0539
0.0553
0.0545
0.0524
0.0535
0.0538
0.0557
0.0548
0.0521
0.0566
0.0532
0.0576
0.0567
0.0567
0.0595
0.0601
0.0567
0.057
0.056
0.0577
0.0582
0.054
0.0581
0.0554
0.0571
0.0591
0.056
0.0574
0.0534
0.0534
0.0512
0.0526
0.054
0.054
0.0517
0.0553
0.0525
0.05
0.0524
0.0531
0.055
