0.0325
0.2775
0.35
0.28
0.2925
0.34
0.3075
0.2675
0.27
0.225
0.2275
0.2225
0.25
0.19
0.205
0.205
0.17
0.1825
0.1675
0.2075
0.2
0.1875
0.225
0.2075
0.1775
0.19
0.15
0.1575
0.15
0.145
0.1375
0.13
0.1775
0.1025
0.1325
0.095
0.1
0.085
0.09
0.095
0.0825
0.1075
0.08
0.075
0.0675
0.075
0.07
0.0825
0.0675
0.09
0.085
0.1
0.08
0.1
0.0775
0.0875
0.0975
0.0875
0.09
0.08
0.0925
0.085
0.0825
0.085
0.095
0.09
0.085
0.0675
0.0625
0.0625
0.0675
0.0775
0.0925
0.1025
0.0975
0.0925
0.09
0.0725
0.09
0.065
0.0675
0.07
0.0975
0.075
0.0975
0.0675
0.0625
0.06
0.075
0.07
0.08
0.075
0.0675
0.09
0.07
0.0675
0.0675
0.07
0.07
0.0775
0.0725
0.08
0.075
0.0625
0.08
0.07
0.0875
0.065
0.06
0.065
0.065
0.065
0.065
0.06
0.0625
0.05
0.06
0.0425
0.05
0.0525
0.0625
0.0575
0.055
0.07
0.0675
0.0525
0.0525
0.0575
0.0625
0.08
0.07
0.0925
0.095
0.105
0.105
0.115
0.125
0.1225
0.135
0.145
0.1575
0.1775
0.18
0.1475
0.155
0.155
0.135
0.145
0.1275
0.145
0.14
0.12
0.1325
0.1225
0.1175
0.14
0.135
0.155
0.1425
0.16
0.155
0.155
0.145
0.135
0.1325
0.1475
0.1525
0.135
0.15
0.1425
0.1175
0.135
0.1325
0.13
0.14
0.1225
0.14
0.1625
0.15
0.1875
0.17
0.19
0.16
0.17
0.19
0.1675
0.1575
0.1625
0.125
0.125
0.135
0.15
0.155
0.155
0.145
0.1425
0.1375
0.115
0.1075
0.11
0.1025
0.09
0.0775
0.0775
0.085
0.08
0.09
0.0875
0.095
0.1
0.12
0.12
0.105
0.1175
0.1325
0.105
0.1225
0.13
0.1225
0.125
0.1225
0.1
0.0925
0.0975
0.1175
0.1125
0.13
0.1075
0.1275
0.135
0.13
0.1325
0.12
0.1125
0.105
0.1025
0.1175
0.1125
0.11
0.0875
0.0925
0.1025
0.1225
0.11
0.1175
0.11
0.1075
0.1
0.085
0.0675
0.065
0.07
0.0775
0.085
0.0675
0.0525
0.0525
0.045
0.04
0.0375
0.0425
0.0325
0.0275
0.025
0.0275
0.0275
0.0275
0.0275
0.0275
0.0275
0.0275
0.0275
0.0275
0.0275
0.0275
0.0275
0.0275
0.0275
0.0275
0.0275
0.0275
0.0275
0.0275
0.0275
0.0275
0.0275
0.0275
0.0275
0.0275
0.0275
0.0275
0.0275
0.0275
0.0275
0.0275
0.0275
0.0275
0.0275
0.0275
0.0275
0.0275
0.0275
0.0275
0.0275
0.0275
0.0275
0.0275
0.0275
0.0275
0.0275
0.0275
0.0275
0.0275
0.0275
0.0275
0.0275
0.0275
0.0275
0.0275
0.0275
0.0275
0.0275
0.0275
0.0275
0.0275
0.0275
0.0275
0.0275
0.0275
0.0275
0.0275
0.0275
0.0275
0.0275
0.0275
0.0275
0.0275
0.0275
0.0275
0.0275
0.0275
0.0275
0.0275
0.0275
0.0275
0.0275
0.0275
0.0275
0.0275
0.0275
0.0275
0.0275
0.0275
0.0275
0.0275
0.0275
0.0275
0.0275
0.0275
0.0275
0.0275
0.0275
0.0275
0.0275
0.0275
0.0275
0.0275
0.0275
0.0275
0.0275
0.0275
0.0275
0.0275
0.0275
0.0275
0.0275
0.0275
0.0275
0.0275
0.0275
0.0275
0.0275
0.0275
0.0275
0.0275
0.0275
0.0275
0.0275
0.0275
0.0275
0.0275
0.0275
0.0275
0.0275
0.0275
0.0275
0.0275
0.0275
0.0275
0.0275
0.0275
0.0275
0.0275
0.0275
0.0275
0.0275
0.0275
0.0275
0.0275
0.0275
0.0275
0.0275
0.0275
0.0275
0.0275
0.0275
0.0275
0.0275
0.0275
0.0275
0.0275
0.0275
0.0275
0.0275
0.0275
0.0275
0.0275
0.0275
0.0275
0.0275
0.0275
0.0275
0.0275
0.0275
0.0275
0.0275
0.0275
0.0275
0.0275
0.0275
0.0275
0.0275
0.0275
0.0275
0.0275
0.0275
0.0275
0.0275
0.0275
0.0275
0.0275
0.0275
0.0275
0.0275
0.0275
0.0275
0.0275
0.0275
0.0275
0.0275
0.0275
0.0275
0.0275
0.0275
0.0275
0.0275
0.0275
0.0275
0.0275
0.0275
0.0275
0.0275
0.0275
0.0275
0.0275
0.0275
0.0275
0.0275
0.0275
0.0275
0.0275
0.0275
0.0275
0.0275
0.0275
0.0275
0.0275
0.0275
0.0275
0.0275
0.0275
0.0275
0.0275
0.0275
0.0275
0.0275
0.0275
0.0275
0.0275
0.0275
0.0275
0.0275
0.0275
0.0275
0.0275
0.0275
0.0275
0.0275
0.0275
0.0275
0.0275
0.0275
0.0275
0.0275
0.0275
0.0275
0.0275
0.0275
0.0275
0.0275
0.0275
0.0275
0.0275
0.0275
0.0275
0.0275
0.0275
0.0275
0.0275
0.0275
0.0275
0.0275
0.0275
0.0275
0.0275
0.0275
0.0275
0.0275
0.0275
0.0275
0.0275
0.0275
0.0275
0.0275
0.0275
0.0275
0.0275
0.0275
0.0275
0.0275
0.0275
0.0275
0.0275
0.0275
0.0275
0.0275
0.0275
0.0275
0.0275
0.0275
0.0275
0.0275
0.0275
0.0275
0.0275
0.0275
0.0275
0.0275
0.0275
0.0275
0.0275
0.0275
0.0275
0.0275
0.0275
0.0275
0.0275
0.0275
0.0275
0.0275
0.0275
0.0275
0.0275
0.0275
0.0275
0.0275
0.0275
0.0275
0.0275
0.0275
0.0275
0.0275
0.0275
0.0275
0.0275
0.0275
0.0275
0.0275
0.0275
0.0275
0.0275
0.0275
0.0275
0.0275
0.0275
0.0275
0.0275
0.0275
0.0275
0.0275
0.0275
0.0275
0.0275
0.0275
0.0275
0.0275
0.0275
0.0275
0.0275
0.0275
0.0275
0.0275
0.0275
0.0275
0.0275
0.0275
0.0275
0.0275
0.0275
0.0275
0.0275
0.0275
0.0275
0.0275
0.0275
0.0275
0.0275
0.0275
0.0275
0.0275
0.0275
0.0275
0.0275
0.0275
0.0275
0.0275
0.0275
0.0275
0.0275
0.0275
0.0275
0.0275
0.0275
0.0275
0.0275
0.0275
0.0275
0.0275
0.0275
0.0275
0.0275
0.0275
0.0275
0.0275
0.0275
0.0275
0.0275
0.0275
0.0275
0.0275
0.0275
0.0275
0.0275
0.0275
0.0275
0.0275
0.0275
0.0275
0.0275
0.0275
0.0275
0.0275
0.0275
0.0275
0.0275
0.0275
0.0275
0.0275
0.0275
0.0275
0.0275
0.0275
0.0275
0.0275
0.0275
0.0275
0.0275
0.0275
0.0275
0.0275
0.0275
0.0275
0.0275
0.0275
0.0275
0.0275
0.0275
0.0275
0.0275
0.0275
0.0275
0.0275
0.0275
0.0275
0.0275
0.0275
0.0275
0.0275
0.0275
0.0275
0.0275
0.0275
0.0275
0.0275
0.0275
0.0275
0.0275
0.0275
0.0275
0.0275
0.0275
0.0275
0.0275
0.0275
0.0275
0.0275
0.0275
0.0275
0.0275
0.0275
0.0275
0.0275
0.0275
0.0275
0.0275
0.0275
0.0275
0.0275
0.0275
0.0275
0.0275
0.0275
0.0275
0.0275
0.0275
0.0275
0.0275
0.0275
0.0275
0.0275
0.0275
0.0275
0.0275
0.0275
0.0275
0.0275
0.0275
0.0275
0.0275
0.0275
0.0275
0.0275
0.0275
0.0275
0.0275
0.0275
0.0275
0.0275
0.0275
0.0275
0.0275
0.0275
0.0275
0.0275
0.0275
0.0275
0.0275
0.0275
0.0275
0.0275
0.0275
0.0275
0.0275
0.0275
0.0275
0.0275
0.0275
0.0275
0.0275
0.0275
0.0275
0.0275
0.0275
0.0275
0.0275
0.0275
0.0275
0.0275
0.0275
0.0275
0.0275
0.0275
0.0275
0.0275
0.0275
0.0275
0.0275
0.0275
0.0275
0.0275
0.0275
0.0275
0.0275
0.0275
0.0275
0.0275
0.0275
0.0275
0.0275
0.0275
0.0275
0.0275
0.0275
0.0275
0.0275
0.0275
0.0275
0.0275
0.0275
0.0275
0.0275
0.0275
0.0275
0.0275
0.0275
0.0275
0.0275
0.0275
0.0275
0.0275
0.0275
0.0275
0.0275
0.0275
0.0275
0.0275
0.0275
0.0275
0.0275
0.0275
0.0275
0.0275
0.0275
0.0275
0.0275
0.0275
0.0275
0.0275
0.0275
0.0275
0.0275
0.0275
0.0275
0.0275
0.0275
0.0275
0.0275
0.0275
0.0275
0.0275
0.0275
0.0275
0.0275
0.0275
0.0275
0.0275
0.0275
0.0275
0.0275
0.0275
0.0275
0.0275
0.0275
0.0275
0.0275
0.0275
0.0275
0.0275
0.0275
0.0275
0.0275
0.0275
0.0275
0.0275
0.0275
0.0275
0.0275
0.0275
0.0275
0.0275
0.0275
0.0275
0.0275
0.0275
0.0275
0.0275
0.0275
0.0275
0.0275
0.0275
0.0275
0.0275
0.0275
0.0275
0.0275
0.0275
0.0275
0.0275
0.0275
0.0275
0.0275
0.0275
0.0275
0.0275
0.0275
0.0275
0.0275
0.0275
0.0275
0.0275
0.0275
0.0275
0.0275
0.0275
0.0275
0.0275
0.0275
0.0275
0.0275
0.0275
0.0275
0.0275
0.0275
0.0275
0.0275
0.0275
0.0275
0.0275
0.0275
0.0275
0.0275
0.0275
0.0275
0.0275
0.0275
0.0275
0.0275
0.0275
0.0275
0.0275
0.0275
0.0275
0.0275
0.0275
0.0275
0.0275
0.0275
0.0275
0.0275
0.0275
0.0275
0.0275
0.0275
0.0275
0.0275
0.0275
0.0275
0.0275
0.0275
0.0275
0.0275
0.0275
0.0275
0.0275
0.0275
0.0275
0.0275
0.0275
0.0275
0.0275
0.0275
