0.085
0.29
0.345
0.22
0.2125
0.17
0.2125
0.1675
0.1525
0.1525
0.155
0.155
0.15
0.12
0.13
0.125
0.13
0.1375
0.135
0.125
0.13
0.1525
0.1375
0.1525
0.1575
0.1625
0.165
0.1375
0.1475
0.1275
0.14
0.125
0.13
0.1225
0.12
0.1275
0.105
0.08
0.0475
0.0375
0.0425
0.04
0.0425
0.05
0.0475
0.065
0.0475
0.0475
0.045
0.0525
0.06
0.0675
0.0675
0.0775
0.0825
0.1075
0.0825
0.1025
0.09
0.1125
0.1
0.15
0.1275
0.1425
0.0925
0.095
0.085
0.0825
0.085
0.085
0.085
0.0775
0.0875
0.0975
0.0875
0.0975
0.095
0.0975
0.095
0.09
0.075
0.0825
0.08
0.0975
0.075
0.07
0.0725
0.0825
0.0725
0.095
0.0825
0.0875
0.0925
0.09
0.1025
0.12
0.1025
0.0975
0.095
0.105
0.1025
0.125
0.1075
0.09
0.09
0.1025
0.0925
0.1075
0.09
0.1
0.0925
0.1175
0.0975
0.1225
0.1425
0.1375
0.115
0.11
0.1275
0.1075
0.1425
0.11
0.11
0.11
0.085
0.08
0.0725
0.0775
0.055
0.0575
0.0675
0.0625
0.055
0.055
0.0625
0.055
0.065
0.0775
0.055
0.065
0.04
0.055
0.04
0.04
0.0375
0.045
0.045
0.05
0.035
0.0325
0.035
0.035
0.0375
0.06
0.035
0.035
0.0425
0.04
0.04
0.045
0.045
0.055
0.055
0.0775
0.06
0.085
0.065
0.0575
0.0575
0.0625
0.0725
0.0675
0.0925
0.0775
0.1175
0.0975
0.1525
0.0975
0.105
0.1125
0.145
0.0975
0.1075
0.07
0.06
0.0625
0.0575
0.0625
0.0725
0.08
0.095
0.1
0.0975
0.0975
0.1225
0.095
0.1
0.115
0.135
0.1175
0.165
0.1225
0.115
0.135
0.155
0.1225
0.115
0.09
0.0975
0.1125
0.1175
0.1025
0.11
0.1
0.1125
0.1175
0.1325
0.1175
0.1475
0.125
0.1275
0.1375
0.125
0.145
0.1375
0.135
0.125
0.1625
0.1275
0.115
0.125
0.1025
0.1175
0.1425
0.115
0.14
0.1125
0.1175
0.09
0.085
0.0875
0.095
0.1075
0.105
0.0925
0.0875
0.1
0.0875
0.1125
0.105
0.11
0.0975
0.1
0.11
0.09
0.1025
0.07
0.0775
0.06
0.0475
0.045
0.0375
0.0325
0.0325
0.0325
0.0325
0.0325
0.0325
0.0325
0.0325
0.0325
0.0325
0.0325
0.0325
0.0325
0.0325
0.0325
0.0325
0.0325
0.0325
0.0325
0.0325
0.0325
0.0325
0.0325
0.0325
0.0325
0.0325
0.0325
0.0325
0.0325
0.0325
0.0325
0.0325
0.0325
0.0325
0.0325
0.0325
0.0325
0.0325
0.0325
0.0325
0.0325
0.0325
0.0325
0.0325
0.0325
0.0325
0.0325
0.0325
0.0325
0.0325
0.0325
0.0325
0.0325
0.0325
0.0325
0.0325
0.0325
0.0325
0.0325
0.0325
0.0325
0.0325
0.0325
0.0325
0.0325
0.0325
0.0325
0.0325
0.0325
0.0325
0.0325
0.0325
0.0325
0.0325
0.0325
0.0325
0.0325
0.0325
0.0325
0.0325
0.0325
0.0325
0.0325
0.0325
0.0325
0.0325
0.0325
0.0325
0.0325
0.0325
0.0325
0.0325
0.0325
0.0325
0.0325
0.0325
0.0325
0.0325
0.0325
0.0325
0.0325
0.0325
0.0325
0.0325
0.0325
0.0325
0.0325
0.0325
0.0325
0.0325
0.0325
0.0325
0.0325
0.0325
0.0325
0.0325
0.0325
0.0325
0.0325
0.0325
0.0325
0.0325
0.0325
0.0325
0.0325
0.0325
0.0325
0.0325
0.0325
0.0325
0.0325
0.0325
0.0325
0.0325
0.0325
0.0325
0.0325
0.0325
0.0325
0.0325
0.0325
0.0325
0.0325
0.0325
0.0325
0.0325
0.0325
0.0325
0.0325
0.0325
0.0325
0.0325
0.0325
0.0325
0.0325
0.0325
0.0325
0.0325
0.0325
0.0325
0.0325
0.0325
0.0325
0.0325
0.0325
0.0325
0.0325
0.0325
0.0325
0.0325
0.0325
0.0325
0.0325
0.0325
0.0325
0.0325
0.0325
0.0325
0.0325
0.0325
0.0325
0.0325
0.0325
0.0325
0.0325
0.0325
0.0325
0.0325
0.0325
0.0325
0.0325
0.0325
0.0325
0.0325
0.0325
0.0325
0.0325
0.0325
0.0325
0.0325
0.0325
0.0325
0.0325
0.0325
0.0325
0.0325
0.0325
0.0325
0.0325
0.0325
0.0325
0.0325
0.0325
0.0325
0.0325
0.0325
0.0325
0.0325
0.0325
0.0325
0.0325
0.0325
0.0325
0.0325
0.0325
0.0325
0.0325
0.0325
0.0325
0.0325
0.0325
0.0325
0.0325
0.0325
0.0325
0.0325
0.0325
0.0325
0.0325
0.0325
0.0325
0.0325
0.0325
0.0325
0.0325
0.0325
0.0325
0.0325
0.0325
0.0325
0.0325
0.0325
0.0325
0.0325
0.0325
0.0325
0.0325
0.0325
0.0325
0.0325
0.0325
0.0325
0.0325
0.0325
0.0325
0.0325
0.0325
0.0325
0.0325
0.0325
0.0325
0.0325
0.0325
0.0325
0.0325
0.0325
0.0325
0.0325
0.0325
0.0325
0.0325
0.0325
0.0325
0.0325
0.0325
0.0325
0.0325
0.0325
0.0325
0.0325
0.0325
0.0325
0.0325
0.0325
0.0325
0.0325
0.0325
0.0325
0.0325
0.0325
0.0325
0.0325
0.0325
0.0325
0.0325
0.0325
0.0325
0.0325
0.0325
0.0325
0.0325
0.0325
0.0325
0.0325
0.0325
0.0325
0.0325
0.0325
0.0325
0.0325
0.0325
0.0325
0.0325
0.0325
0.0325
0.0325
0.0325
0.0325
0.0325
0.0325
0.0325
0.0325
0.0325
0.0325
0.0325
0.0325
0.0325
0.0325
0.0325
0.0325
0.0325
0.0325
0.0325
0.0325
0.0325
0.0325
0.0325
0.0325
0.0325
0.0325
0.0325
0.0325
0.0325
0.0325
0.0325
0.0325
0.0325
0.0325
0.0325
0.0325
0.0325
0.0325
0.0325
0.0325
0.0325
0.0325
0.0325
0.0325
0.0325
0.0325
0.0325
0.0325
0.0325
0.0325
0.0325
0.0325
0.0325
0.0325
0.0325
0.0325
0.0325
0.0325
0.0325
0.0325
0.0325
0.0325
0.0325
0.0325
0.0325
0.0325
0.0325
0.0325
0.0325
0.0325
0.0325
0.0325
0.0325
0.0325
0.0325
0.0325
0.0325
0.0325
0.0325
0.0325
0.0325
0.0325
0.0325
0.0325
0.0325
0.0325
0.0325
0.0325
0.0325
0.0325
0.0325
0.0325
0.0325
0.0325
0.0325
0.0325
0.0325
0.0325
0.0325
0.0325
0.0325
0.0325
0.0325
0.0325
0.0325
0.0325
0.0325
0.0325
0.0325
0.0325
0.0325
0.0325
0.0325
0.0325
0.0325
0.0325
0.0325
0.0325
0.0325
0.0325
0.0325
0.0325
0.0325
0.0325
0.0325
0.0325
0.0325
0.0325
0.0325
0.0325
0.0325
0.0325
0.0325
0.0325
0.0325
0.0325
0.0325
0.0325
0.0325
0.0325
0.0325
0.0325
0.0325
0.0325
0.0325
0.0325
0.0325
0.0325
0.0325
0.0325
0.0325
0.0325
0.0325
0.0325
0.0325
0.0325
0.0325
0.0325
0.0325
0.0325
0.0325
0.0325
0.0325
0.0325
0.0325
0.0325
0.0325
0.0325
0.0325
0.0325
0.0325
0.0325
0.0325
0.0325
0.0325
0.0325
0.0325
0.0325
0.0325
0.0325
0.0325
0.0325
0.0325
0.0325
0.0325
0.0325
0.0325
0.0325
0.0325
0.0325
0.0325
0.0325
0.0325
0.0325
0.0325
0.0325
0.0325
0.0325
0.0325
0.0325
0.0325
0.0325
0.0325
0.0325
0.0325
0.0325
0.0325
0.0325
0.0325
0.0325
0.0325
0.0325
0.0325
0.0325
0.0325
0.0325
0.0325
0.0325
0.0325
0.0325
0.0325
0.0325
0.0325
0.0325
0.0325
0.0325
0.0325
0.0325
0.0325
0.0325
0.0325
0.0325
0.0325
0.0325
0.0325
0.0325
0.0325
0.0325
0.0325
0.0325
0.0325
0.0325
0.0325
0.0325
0.0325
0.0325
0.0325
0.0325
0.0325
0.0325
0.0325
0.0325
0.0325
0.0325
0.0325
0.0325
0.0325
0.0325
0.0325
0.0325
0.0325
0.0325
0.0325
0.0325
0.0325
0.0325
0.0325
0.0325
0.0325
0.0325
0.0325
0.0325
0.0325
0.0325
0.0325
0.0325
0.0325
0.0325
0.0325
0.0325
0.0325
0.0325
0.0325
0.0325
0.0325
0.0325
0.0325
0.0325
0.0325
0.0325
0.0325
0.0325
0.0325
0.0325
0.0325
0.0325
0.0325
0.0325
0.0325
0.0325
0.0325
0.0325
0.0325
0.0325
0.0325
0.0325
0.0325
0.0325
0.0325
0.0325
0.0325
0.0325
0.0325
0.0325
0.0325
0.0325
0.0325
0.0325
0.0325
0.0325
0.0325
0.0325
0.0325
0.0325
0.0325
0.0325
0.0325
0.0325
0.0325
0.0325
0.0325
0.0325
0.0325
0.0325
0.0325
0.0325
0.0325
0.0325
0.0325
0.0325
0.0325
0.0325
0.0325
0.0325
0.0325
0.0325
0.0325
0.0325
0.0325
0.0325
0.0325
0.0325
0.0325
0.0325
0.0325
0.0325
0.0325
0.0325
0.0325
0.0325
0.0325
0.0325
0.0325
0.0325
0.0325
0.0325
0.0325
0.0325
0.0325
0.0325
0.0325
0.0325
0.0325
0.0325
0.0325
0.0325
0.0325
0.0325
0.0325
0.0325
0.0325
0.0325
0.0325
0.0325
0.0325
0.0325
0.0325
0.0325
0.0325
0.0325
0.0325
0.0325
0.0325
0.0325
0.0325
0.0325
0.0325
0.0325
0.0325
0.0325
0.0325
0.0325
0.0325
0.0325
0.0325
0.0325
0.0325
0.0325
0.0325
0.0325
0.0325
0.0325
0.0325
0.0325
0.0325
