0.045
0.3
0.395
0.3
0.3325
0.2675
0.25
0.285
0.28
0.22
0.22
0.15
0.145
0.1325
0.1625
0.1475
0.175
0.1175
0.135
0.0975
0.1125
0.1025
0.1325
0.1425
0.17
0.13
0.1225
0.12
0.105
0.12
0.115
0.1
0.1125
0.0875
0.09
0.07
0.07
0.085
0.0775
0.105
0.0925
0.12
0.11
0.1175
0.1025
0.13
0.15
0.1525
0.21
0.13
0.14
0.0975
0.1025
0.12
0.13
0.1175
0.1375
0.115
0.13
0.1125
0.105
0.1
0.1125
0.1175
0.1
0.1225
0.12
0.1125
0.13
0.13
0.135
0.1025
0.115
0.0875
0.075
0.065
0.07
0.0625
0.0625
0.065
0.0825
0.0675
0.085
0.07
0.0825
0.0875
0.1175
0.0925
0.1075
0.115
0.13
0.1225
0.1425
0.1425
0.16
0.16
0.1475
0.1575
0.16
0.145
0.1325
0.1825
0.1575
0.155
0.1725
0.145
0.1475
0.125
0.1425
0.14
0.16
0.1275
0.155
0.1425
0.1475
0.15
0.12
0.1375
0.14
0.155
0.1575
0.175
0.14
0.1475
0.145
0.14
0.1425
0.1425
0.1425
0.1425
0.175
0.1275
0.1325
0.1275
0.095
0.0775
0.0725
0.0775
0.0825
0.095
0.0925
0.08
0.1025
0.1075
0.12
0.105
0.1325
0.1225
0.095
0.1025
0.105
0.1175
0.115
0.1325
0.14
0.1475
0.1475
0.1225
0.1175
0.13
0.1225
0.135
0.1475
0.1075
0.1075
0.105
0.11
0.1175
0.1475
0.16
0.1225
0.0875
0.0725
0.0575
0.0675
0.075
0.0925
0.0825
0.0925
0.11
0.1075
0.115
0.1
0.09
0.0975
0.1025
0.115
0.1275
0.14
0.145
0.1925
0.18
0.1825
0.13
0.1125
0.115
0.115
0.125
0.1
0.1075
0.08
0.0875
0.095
0.1025
0.1025
0.115
0.125
0.1625
0.125
0.1575
0.1275
0.1425
0.12
0.175
0.1375
0.1675
0.125
0.1075
0.1
0.0825
0.0925
0.075
0.065
0.0875
0.065
0.065
0.0675
0.07
0.0675
0.0725
0.0625
0.0775
0.08
0.0925
0.105
0.0925
0.105
0.1075
0.105
0.0875
0.105
0.105
0.125
0.1225
0.11
0.0875
0.0825
0.07
0.0625
0.07
0.075
0.09
0.08
0.09
0.1025
0.1
0.1075
0.085
0.0925
0.1025
0.085
0.115
0.0825
0.09
0.1075
0.11
0.1225
0.1325
0.15
0.145
0.13
0.1525
0.1425
0.165
0.14
0.1675
0.1225
0.1475
0.1125
0.14
0.1
0.11
0.14
0.1275
0.1375
0.1275
0.12
0.145
0.1275
0.13
0.1325
0.1275
0.13
0.14
0.1825
0.175
0.1725
0.1675
0.15
0.1625
0.1625
0.16
0.1725
0.1875
0.1675
0.1625
0.1675
0.16
0.1525
0.175
0.155
0.175
0.1825
0.1825
0.195
0.19
0.2375
0.1675
0.1925
0.18
0.1675
0.1725
0.1925
0.175
0.19
0.18
0.1875
0.1825
0.1575
0.185
0.1975
0.1925
0.205
0.165
0.17
0.1625
0.165
0.1625
0.1725
0.1975
0.1975
0.225
0.185
0.1975
0.1925
0.18
0.1975
0.2
0.2275
0.19
0.205
0.175
0.195
0.1725
0.165
0.17
0.1825
0.185
0.1725
0.155
0.165
0.17
0.2075
0.1975
0.225
0.1825
0.19
0.1675
0.155
0.18
0.13
0.1325
0.1775
0.145
0.1825
0.1525
0.135
0.115
0.105
0.08
0.0775
0.0775
0.105
0.09
0.105
0.1225
0.1075
0.1175
0.1175
0.1175
0.1575
0.12
0.115
0.1325
0.1
0.1275
0.1075
0.125
0.125
0.15
0.12
0.1225
0.14
0.145
0.14
0.1575
0.1725
0.17
0.195
0.145
0.1575
0.135
0.1625
0.1625
0.13
0.1425
0.1125
0.1025
0.0975
0.11
0.11
0.12
0.1225
0.1525
0.135
0.15
0.1375
0.1625
0.1575
0.1725
0.17
0.19
0.1825
0.175
0.2075
0.1725
0.145
0.145
0.155
0.1675
0.185
0.18
0.18
0.1875
0.16
0.19
0.155
0.1575
0.1475
0.15
0.1375
0.115
0.1325
0.105
0.105
0.1075
0.1375
0.1125
0.11
0.1225
0.135
0.135
0.135
0.1425
0.13
0.155
0.145
0.1575
0.1625
0.1525
0.145
0.13
0.1325
0.1525
0.1375
0.16
0.135
0.12
0.1175
0.1175
0.1325
0.105
0.0925
0.0875
0.0925
0.1
0.0925
0.09
0.09
0.095
0.1
0.095
0.0925
0.0975
0.1
0.1075
0.1175
0.12
0.145
0.1275
0.12
0.1225
0.13
0.1475
0.1575
0.175
0.1675
0.155
0.1525
0.1475
0.1575
0.195
0.18
0.1725
0.1975
0.225
0.2075
0.24
0.24
0.255
0.2575
0.2775
0.2375
0.2075
0.2175
0.22
0.1725
0.18
0.17
0.175
0.16
0.13
0.1275
0.13
0.145
0.1325
0.1525
0.115
0.1275
0.125
0.125
0.12
0.1225
0.11
0.1
0.115
0.1125
0.135
0.1025
0.095
0.0975
0.115
0.105
0.1325
0.125
0.125
0.1275
0.165
0.1175
0.1225
0.085
0.0675
0.065
0.06
0.065
0.065
0.06
0.07
0.055
0.0675
0.065
0.0625
0.0675
0.07
0.085
0.0675
0.09
0.0575
0.05
0.045
0.0475
0.05
0.05
0.065
0.065
0.1025
0.0625
0.0675
0.0675
0.0625
0.065
0.06
0.0575
0.06
0.055
0.055
0.055
0.05
0.045
0.045
0.0425
0.0375
0.035
0.03
0.03
0.03
0.03
0.03
0.03
0.03
0.03
0.03
0.03
0.03
0.03
0.03
0.03
0.03
0.03
0.03
0.03
0.03
0.03
0.03
0.03
0.03
0.03
0.03
0.03
0.03
0.03
0.03
0.03
0.03
0.03
0.03
0.03
0.03
0.03
0.03
0.03
0.03
0.03
0.03
0.03
0.03
0.03
0.03
0.03
0.03
0.03
0.03
0.03
0.03
0.03
0.03
0.03
0.03
0.03
0.03
0.03
0.03
0.03
0.03
0.03
0.03
0.03
0.03
0.03
0.03
0.03
0.03
0.03
0.03
0.03
0.03
0.03
0.03
0.03
0.03
0.03
0.03
0.03
0.03
0.03
0.03
0.03
0.03
0.03
0.03
0.03
0.03
0.03
0.03
0.03
0.03
0.03
0.03
0.03
0.03
0.03
0.03
0.03
0.03
0.03
0.03
0.03
0.03
0.03
0.03
0.03
0.03
0.03
0.03
0.03
0.03
0.03
0.03
0.03
0.03
0.03
0.03
0.03
0.03
0.03
0.03
0.03
0.03
0.03
0.03
0.03
0.03
0.03
0.03
0.03
0.03
0.03
0.03
0.03
0.03
0.03
0.03
0.03
0.03
0.03
0.03
0.03
0.03
0.03
0.03
0.03
0.03
0.03
0.03
0.03
0.03
0.03
0.03
0.03
0.03
0.03
0.03
0.03
0.03
0.03
0.03
0.03
0.03
0.03
0.03
0.03
0.03
0.03
0.03
0.03
0.03
0.03
0.03
0.03
0.03
0.03
0.03
0.03
0.03
0.03
0.03
0.03
0.03
0.03
0.03
0.03
0.03
0.03
0.03
0.03
0.03
0.03
0.03
0.03
0.03
0.03
0.03
0.03
0.03
0.03
0.03
0.03
0.03
0.03
0.03
0.03
0.03
0.03
0.03
0.03
0.03
0.03
0.03
0.03
0.03
0.03
0.03
0.03
0.03
0.03
0.03
0.03
0.03
0.03
0.03
0.03
0.03
0.03
0.03
0.03
0.03
0.03
0.03
0.03
0.03
0.03
0.03
0.03
0.03
0.03
0.03
0.03
0.03
0.03
0.03
0.03
0.03
0.03
0.03
0.03
0.03
0.03
0.03
0.03
0.03
0.03
0.03
0.03
0.03
0.03
0.03
0.03
0.03
0.03
0.03
0.03
0.03
0.03
0.03
0.03
0.03
0.03
0.03
0.03
0.03
0.03
0.03
0.03
0.03
0.03
0.03
0.03
0.03
0.03
0.03
0.03
0.03
0.03
0.03
0.03
0.03
0.03
0.03
0.03
0.03
0.03
0.03
0.03
0.03
0.03
0.03
0.03
0.03
0.03
0.03
0.03
0.03
0.03
0.03
0.03
0.03
0.03
0.03
0.03
0.03
0.03
0.03
0.03
0.03
0.03
0.03
0.03
0.03
0.03
0.03
0.03
0.03
0.03
0.03
0.03
0.03
0.03
0.03
0.03
0.03
0.03
0.03
0.03
0.03
0.03
0.03
0.03
0.03
0.03
0.03
0.03
0.03
0.03
0.03
0.03
0.03
0.03
0.03
0.03
0.03
0.03
0.03
0.03
0.03
0.03
0.03
0.03
0.03
0.03
0.03
0.03
0.03
0.03
0.03
0.03
0.03
0.03
0.03
0.03
0.03
0.03
0.03
0.03
0.03
0.03
0.03
0.03
0.03
0.03
0.03
0.03
0.03
0.03
0.03
0.03
0.03
0.03
0.03
0.03
0.03
0.03
