0.01
0.3075
0.3825
0.3275
0.3175
0.34
0.305
0.3075
0.2525
0.2625
0.225
0.22
0.215
0.2025
0.24
0.1875
0.1925
0.215
0.1775
0.1775
0.155
0.1425
0.1525
0.1475
0.1325
0.135
0.13
0.1525
0.12
0.1175
0.1125
0.1175
0.1275
0.1425
0.105
0.09
0.095
0.09
0.09
0.095
0.1175
0.0725
0.0825
0.0775
0.0775
0.1025
0.0925
0.1175
0.1075
0.125
0.1275
0.1275
0.1475
0.1425
0.1375
0.135
0.1525
0.1625
0.13
0.17
0.11
0.1125
0.075
0.0475
0.0475
0.0525
0.055
0.045
0.0375
0.0375
0.0425
0.0425
0.0425
0.0425
0.0425
0.0425
0.0425
0.0425
0.0425
0.0425
0.0425
0.0425
0.0425
0.0425
0.0425
0.0425
0.0425
0.0425
0.0425
0.0425
0.0425
0.0425
0.0425
0.0425
0.0425
0.0425
0.0425
0.0425
0.0425
0.0425
0.0425
0.0425
0.0425
0.0425
0.0425
0.0425
0.0425
0.0425
0.0425
0.0425
0.0425
0.0425
0.0425
0.0425
0.0425
0.0425
0.0425
0.0425
0.0425
0.0425
0.0425
0.0425
0.0425
0.0425
0.0425
0.0425
0.0425
0.0425
0.0425
0.0425
0.0425
0.0425
0.0425
0.0425
0.0425
0.0425
0.0425
0.0425
0.0425
0.0425
0.0425
0.0425
0.0425
0.0425
0.0425
0.0425
0.0425
0.0425
0.0425
0.0425
0.0425
0.0425
0.0425
0.0425
0.0425
0.0425
0.0425
0.0425
0.0425
0.0425
0.0425
0.0425
0.0425
0.0425
0.0425
0.0425
0.0425
0.0425
0.0425
0.0425
0.0425
0.0425
0.0425
0.0425
0.0425
0.0425
0.0425
0.0425
0.0425
0.0425
0.0425
0.0425
0.0425
0.0425
0.0425
0.0425
0.0425
0.0425
0.0425
0.0425
0.0425
0.0425
0.0425
0.0425
0.0425
0.0425
0.0425
0.0425
0.0425
0.0425
0.0425
0.0425
0.0425
0.0425
0.0425
0.0425
0.0425
0.0425
0.0425
0.0425
0.0425
0.0425
0.0425
0.0425
0.0425
0.0425
0.0425
0.0425
0.0425
0.0425
0.0425
0.0425
0.0425
0.0425
0.0425
0.0425
0.0425
0.0425
0.0425
0.0425
0.0425
0.0425
0.0425
0.0425
0.0425
0.0425
0.0425
0.0425
0.0425
0.0425
0.0425
0.0425
0.0425
0.0425
0.0425
0.0425
0.0425
0.0425
0.0425
0.0425
0.0425
0.0425
0.0425
0.0425
0.0425
0.0425
0.0425
0.0425
0.0425
0.0425
0.0425
0.0425
0.0425
0.0425
0.0425
0.0425
0.0425
0.0425
0.0425
0.0425
0.0425
0.0425
0.0425
0.0425
0.0425
0.0425
0.0425
0.0425
0.0425
0.0425
0.0425
0.0425
0.0425
0.0425
0.0425
0.0425
0.0425
0.0425
0.0425
0.0425
0.0425
0.0425
0.0425
0.0425
0.0425
0.0425
0.0425
0.0425
0.0425
0.0425
0.0425
0.0425
0.0425
0.0425
0.0425
0.0425
0.0425
0.0425
0.0425
0.0425
0.0425
0.0425
0.0425
0.0425
0.0425
0.0425
0.0425
0.0425
0.0425
0.0425
0.0425
0.0425
0.0425
0.0425
0.0425
0.0425
0.0425
0.0425
0.0425
0.0425
0.0425
0.0425
0.0425
0.0425
0.0425
0.0425
0.0425
0.0425
0.0425
0.0425
0.0425
0.0425
0.0425
0.0425
0.0425
0.0425
0.0425
0.0425
0.0425
0.0425
0.0425
0.0425
0.0425
0.0425
0.0425
0.0425
0.0425
0.0425
0.0425
0.0425
0.0425
0.0425
0.0425
0.0425
0.0425
0.0425
0.0425
0.0425
0.0425
0.0425
0.0425
0.0425
0.0425
0.0425
0.0425
0.0425
0.0425
0.0425
0.0425
0.0425
0.0425
0.0425
0.0425
0.0425
0.0425
0.0425
0.0425
0.0425
0.0425
0.0425
0.0425
0.0425
0.0425
0.0425
0.0425
0.0425
0.0425
0.0425
0.0425
0.0425
0.0425
0.0425
0.0425
0.0425
0.0425
0.0425
0.0425
0.0425
0.0425
0.0425
0.0425
0.0425
0.0425
0.0425
0.0425
0.0425
0.0425
0.0425
0.0425
0.0425
0.0425
0.0425
0.0425
0.0425
0.0425
0.0425
0.0425
0.0425
0.0425
0.0425
0.0425
0.0425
0.0425
0.0425
0.0425
0.0425
0.0425
0.0425
0.0425
0.0425
0.0425
0.0425
0.0425
0.0425
0.0425
0.0425
0.0425
0.0425
0.0425
0.0425
0.0425
0.0425
0.0425
0.0425
0.0425
0.0425
0.0425
0.0425
0.0425
0.0425
0.0425
0.0425
0.0425
0.0425
0.0425
0.0425
0.0425
0.0425
0.0425
0.0425
0.0425
0.0425
0.0425
0.0425
0.0425
0.0425
0.0425
0.0425
0.0425
0.0425
0.0425
0.0425
0.0425
0.0425
0.0425
0.0425
0.0425
0.0425
0.0425
0.0425
0.0425
0.0425
0.0425
0.0425
0.0425
0.0425
0.0425
0.0425
0.0425
0.0425
0.0425
0.0425
0.0425
0.0425
0.0425
0.0425
0.0425
0.0425
0.0425
0.0425
0.0425
0.0425
0.0425
0.0425
0.0425
0.0425
0.0425
0.0425
0.0425
0.0425
0.0425
0.0425
0.0425
0.0425
0.0425
0.0425
0.0425
0.0425
0.0425
0.0425
0.0425
0.0425
0.0425
0.0425
0.0425
0.0425
0.0425
0.0425
0.0425
0.0425
0.0425
0.0425
0.0425
0.0425
0.0425
0.0425
0.0425
0.0425
0.0425
0.0425
0.0425
0.0425
0.0425
0.0425
0.0425
0.0425
0.0425
0.0425
0.0425
0.0425
0.0425
0.0425
0.0425
0.0425
0.0425
0.0425
0.0425
0.0425
0.0425
0.0425
0.0425
0.0425
0.0425
0.0425
0.0425
0.0425
0.0425
0.0425
0.0425
0.0425
0.0425
0.0425
0.0425
0.0425
0.0425
0.0425
0.0425
0.0425
0.0425
0.0425
0.0425
0.0425
0.0425
0.0425
0.0425
0.0425
0.0425
0.0425
0.0425
0.0425
0.0425
0.0425
0.0425
0.0425
0.0425
0.0425
0.0425
0.0425
0.0425
0.0425
0.0425
0.0425
0.0425
0.0425
0.0425
0.0425
0.0425
0.0425
0.0425
0.0425
0.0425
0.0425
0.0425
0.0425
0.0425
0.0425
0.0425
0.0425
0.0425
0.0425
0.0425
0.0425
0.0425
0.0425
0.0425
0.0425
0.0425
0.0425
0.0425
0.0425
0.0425
0.0425
0.0425
0.0425
0.0425
0.0425
0.0425
0.0425
0.0425
0.0425
0.0425
0.0425
0.0425
0.0425
0.0425
0.0425
0.0425
0.0425
0.0425
0.0425
0.0425
0.0425
0.0425
0.0425
0.0425
0.0425
0.0425
0.0425
0.0425
0.0425
0.0425
0.0425
0.0425
0.0425
0.0425
0.0425
0.0425
0.0425
0.0425
0.0425
0.0425
0.0425
0.0425
0.0425
0.0425
0.0425
0.0425
0.0425
0.0425
0.0425
0.0425
0.0425
0.0425
0.0425
0.0425
0.0425
0.0425
0.0425
0.0425
0.0425
0.0425
0.0425
0.0425
0.0425
0.0425
0.0425
0.0425
0.0425
0.0425
0.0425
0.0425
0.0425
0.0425
0.0425
0.0425
0.0425
0.0425
0.0425
0.0425
0.0425
0.0425
0.0425
0.0425
0.0425
0.0425
0.0425
0.0425
0.0425
0.0425
0.0425
0.0425
0.0425
0.0425
0.0425
0.0425
0.0425
0.0425
0.0425
0.0425
0.0425
0.0425
0.0425
0.0425
0.0425
0.0425
0.0425
0.0425
0.0425
0.0425
0.0425
0.0425
0.0425
0.0425
0.0425
0.0425
0.0425
0.0425
0.0425
0.0425
0.0425
0.0425
0.0425
0.0425
0.0425
0.0425
0.0425
0.0425
0.0425
0.0425
0.0425
0.0425
0.0425
0.0425
0.0425
0.0425
0.0425
0.0425
0.0425
0.0425
0.0425
0.0425
0.0425
0.0425
0.0425
0.0425
0.0425
0.0425
0.0425
0.0425
0.0425
0.0425
0.0425
0.0425
0.0425
0.0425
0.0425
0.0425
0.0425
0.0425
0.0425
0.0425
0.0425
0.0425
0.0425
0.0425
0.0425
0.0425
0.0425
0.0425
0.0425
0.0425
0.0425
0.0425
0.0425
0.0425
0.0425
0.0425
0.0425
0.0425
0.0425
0.0425
0.0425
0.0425
0.0425
0.0425
0.0425
0.0425
0.0425
0.0425
0.0425
0.0425
0.0425
0.0425
0.0425
0.0425
0.0425
0.0425
0.0425
0.0425
0.0425
0.0425
0.0425
0.0425
0.0425
0.0425
0.0425
0.0425
0.0425
0.0425
0.0425
0.0425
0.0425
0.0425
0.0425
0.0425
0.0425
0.0425
0.0425
0.0425
0.0425
0.0425
0.0425
0.0425
0.0425
0.0425
0.0425
0.0425
0.0425
0.0425
0.0425
0.0425
0.0425
0.0425
0.0425
0.0425
0.0425
0.0425
0.0425
0.0425
0.0425
0.0425
0.0425
0.0425
0.0425
0.0425
0.0425
0.0425
0.0425
0.0425
0.0425
0.0425
0.0425
0.0425
0.0425
0.0425
0.0425
0.0425
0.0425
0.0425
0.0425
0.0425
0.0425
0.0425
0.0425
0.0425
0.0425
0.0425
0.0425
0.0425
0.0425
0.0425
0.0425
0.0425
0.0425
0.0425
0.0425
0.0425
0.0425
0.0425
0.0425
0.0425
0.0425
0.0425
0.0425
0.0425
0.0425
0.0425
0.0425
0.0425
0.0425
0.0425
0.0425
0.0425
0.0425
0.0425
0.0425
0.0425
0.0425
0.0425
0.0425
0.0425
0.0425
0.0425
0.0425
0.0425
0.0425
0.0425
0.0425
0.0425
0.0425
0.0425
0.0425
0.0425
0.0425
0.0425
0.0425
0.0425
0.0425
0.0425
0.0425
0.0425
0.0425
0.0425
0.0425
0.0425
0.0425
0.0425
0.0425
0.0425
0.0425
0.0425
0.0425
0.0425
0.0425
0.0425
0.0425
0.0425
0.0425
0.0425
0.0425
0.0425
0.0425
0.0425
0.0425
0.0425
0.0425
0.0425
0.0425
0.0425
0.0425
0.0425
0.0425
0.0425
0.0425
0.0425
0.0425
0.0425
0.0425
0.0425
0.0425
0.0425
