0.06
0.2925
0.3425
0.2625
0.285
0.2575
0.245
0.24
0.1975
0.22
0.24
0.19
0.2275
0.205
0.2375
0.185
0.1625
0.15
0.1775
0.16
0.1625
0.16
0.1875
0.185
0.165
0.1375
0.1375
0.13
0.14
0.115
0.1175
0.1175
0.1375
0.145
0.1375
0.155
0.145
0.16
0.19
0.175
0.185
0.175
0.2
0.2325
0.1975
0.24
0.2175
0.21
0.2075
0.2025
0.2025
0.18
0.18
0.2075
0.22
0.1975
0.2175
0.2025
0.1975
0.2325
0.2675
0.2925
0.26
0.2725
0.315
0.28
0.26
0.2375
0.235
0.2125
0.255
0.2275
0.205
0.1825
0.1775
0.1675
0.1525
0.155
0.135
0.135
0.155
0.1625
0.145
0.155
0.1425
0.11
0.0975
0.09
0.0875
0.085
0.09
0.08
0.075
0.1
0.085
0.125
0.11
0.1325
0.1275
0.115
0.125
0.1175
0.115
0.1325
0.125
0.1
0.1125
0.1025
0.105
0.1075
0.1325
0.1525
0.11
0.135
0.095
0.1125
0.1125
0.12
0.125
0.1475
0.1275
0.1325
0.115
0.1275
0.115
0.11
0.1125
0.115
0.1475
0.13
0.165
0.155
0.165
0.1575
0.185
0.145
0.1925
0.17
0.1775
0.215
0.1575
0.1525
0.1575
0.155
0.195
0.1825
0.1875
0.1275
0.1025
0.1325
0.1175
0.12
0.115
0.105
0.095
0.0875
0.0875
0.085
0.1
0.0825
0.08
0.0675
0.0725
0.07
0.09
0.0875
0.1
0.08
0.08
0.0925
0.105
0.11
0.11
0.115
0.105
0.105
0.115
0.11
0.095
0.085
0.095
0.0625
0.065
0.0725
0.0675
0.0725
0.08
0.0925
0.0875
0.0775
0.0775
0.095
0.0925
0.115
0.1225
0.12
0.125
0.105
0.1
0.095
0.0975
0.0875
0.08
0.0675
0.0825
0.08
0.0925
0.0675
0.0775
0.0675
0.065
0.075
0.0875
0.0825
0.0925
0.115
0.13
0.0725
0.0575
0.0525
0.05
0.055
0.06
0.065
0.075
0.07
0.095
0.08
0.12
0.1
0.14
0.12
0.14
0.1525
0.1825
0.1
0.115
0.125
0.11
0.11
0.1125
0.1225
0.12
0.14
0.125
0.145
0.145
0.125
0.0925
0.08
0.0825
0.0875
0.0875
0.09
0.095
0.095
0.105
0.095
0.1175
0.1025
0.1125
0.0875
0.0825
0.0875
0.0875
0.0825
0.0825
0.0875
0.0975
0.1075
0.1275
0.1275
0.1075
0.1075
0.105
0.105
0.11
0.11
0.12
0.11
0.11
0.105
0.105
0.12
0.1
0.095
0.085
0.085
0.085
0.085
0.085
0.085
0.085
0.085
0.085
0.085
0.085
0.085
0.085
0.085
0.085
0.085
0.085
0.085
0.085
0.085
0.085
0.085
0.085
0.085
0.085
0.085
0.085
0.085
0.085
0.085
0.085
0.085
0.085
0.085
0.085
0.085
0.085
0.085
0.085
0.085
0.085
0.085
0.085
0.085
0.085
0.085
0.085
0.085
0.085
0.085
0.085
0.085
0.085
0.085
0.085
0.085
0.085
0.085
0.085
0.085
0.085
0.085
0.085
0.085
0.085
0.085
0.085
0.085
0.085
0.085
0.085
0.085
0.085
0.085
0.085
0.085
0.085
0.085
0.085
0.085
0.085
0.085
0.085
0.085
0.085
0.085
0.085
0.085
0.085
0.085
0.085
0.085
0.085
0.085
0.085
0.085
0.085
0.085
0.085
0.085
0.085
0.085
0.085
0.085
0.085
0.085
0.085
0.085
0.085
0.085
0.085
0.085
0.085
0.085
0.085
0.085
0.085
0.085
0.085
0.085
0.085
0.085
0.085
0.085
0.085
0.085
0.085
0.085
0.085
0.085
0.085
0.085
0.085
0.085
0.085
0.085
0.085
0.085
0.085
0.085
0.085
0.085
0.085
0.085
0.085
0.085
0.085
0.085
0.085
0.085
0.085
0.085
0.085
0.085
0.085
0.085
0.085
0.085
0.085
0.085
0.085
0.085
0.085
0.085
0.085
0.085
0.085
0.085
0.085
0.085
0.085
0.085
0.085
0.085
0.085
0.085
0.085
0.085
0.085
0.085
0.085
0.085
0.085
0.085
0.085
0.085
0.085
0.085
0.085
0.085
0.085
0.085
0.085
0.085
0.085
0.085
0.085
0.085
0.085
0.085
0.085
0.085
0.085
0.085
0.085
0.085
0.085
0.085
0.085
0.085
0.085
0.085
0.085
0.085
0.085
0.085
0.085
0.085
0.085
0.085
0.085
0.085
0.085
0.085
0.085
0.085
0.085
0.085
0.085
0.085
0.085
0.085
0.085
0.085
0.085
0.085
0.085
0.085
0.085
0.085
0.085
0.085
0.085
0.085
0.085
0.085
0.085
0.085
0.085
0.085
0.085
0.085
0.085
0.085
0.085
0.085
0.085
0.085
0.085
0.085
0.085
0.085
0.085
0.085
0.085
0.085
0.085
0.085
0.085
0.085
0.085
0.085
0.085
0.085
0.085
0.085
0.085
0.085
0.085
0.085
0.085
0.085
0.085
0.085
0.085
0.085
0.085
0.085
0.085
0.085
0.085
0.085
0.085
0.085
0.085
0.085
0.085
0.085
0.085
0.085
0.085
0.085
0.085
0.085
0.085
0.085
0.085
0.085
0.085
0.085
0.085
0.085
0.085
0.085
0.085
0.085
0.085
0.085
0.085
0.085
0.085
0.085
0.085
0.085
0.085
0.085
0.085
0.085
0.085
0.085
0.085
0.085
0.085
0.085
0.085
0.085
0.085
0.085
0.085
0.085
0.085
0.085
0.085
0.085
0.085
0.085
0.085
0.085
0.085
0.085
0.085
0.085
0.085
0.085
0.085
0.085
0.085
0.085
0.085
0.085
0.085
0.085
0.085
0.085
0.085
0.085
0.085
0.085
0.085
0.085
0.085
0.085
0.085
0.085
0.085
0.085
0.085
0.085
0.085
0.085
0.085
0.085
0.085
0.085
0.085
0.085
0.085
0.085
0.085
0.085
0.085
0.085
0.085
0.085
0.085
0.085
0.085
0.085
0.085
0.085
0.085
0.085
0.085
0.085
0.085
0.085
0.085
0.085
0.085
0.085
0.085
0.085
0.085
0.085
0.085
0.085
0.085
0.085
0.085
0.085
0.085
0.085
0.085
0.085
0.085
0.085
0.085
0.085
0.085
0.085
0.085
0.085
0.085
0.085
0.085
0.085
0.085
0.085
0.085
0.085
0.085
0.085
0.085
0.085
0.085
0.085
0.085
0.085
0.085
0.085
0.085
0.085
0.085
0.085
0.085
0.085
0.085
0.085
0.085
0.085
0.085
0.085
0.085
0.085
0.085
0.085
0.085
0.085
0.085
0.085
0.085
0.085
0.085
0.085
0.085
0.085
0.085
0.085
0.085
0.085
0.085
0.085
0.085
0.085
0.085
0.085
0.085
0.085
0.085
0.085
0.085
0.085
0.085
0.085
0.085
0.085
0.085
0.085
0.085
0.085
0.085
0.085
0.085
0.085
0.085
0.085
0.085
0.085
0.085
0.085
0.085
0.085
0.085
0.085
0.085
0.085
0.085
0.085
0.085
0.085
0.085
0.085
0.085
0.085
0.085
0.085
0.085
0.085
0.085
0.085
0.085
0.085
0.085
0.085
0.085
0.085
0.085
0.085
0.085
0.085
0.085
0.085
0.085
0.085
0.085
0.085
0.085
0.085
0.085
0.085
0.085
0.085
0.085
0.085
0.085
0.085
0.085
0.085
0.085
0.085
0.085
0.085
0.085
0.085
0.085
0.085
0.085
0.085
0.085
0.085
0.085
0.085
0.085
0.085
0.085
0.085
0.085
0.085
0.085
0.085
0.085
0.085
0.085
0.085
0.085
0.085
0.085
0.085
0.085
0.085
0.085
0.085
0.085
0.085
0.085
0.085
0.085
0.085
0.085
0.085
0.085
0.085
0.085
0.085
0.085
0.085
0.085
0.085
0.085
0.085
0.085
0.085
0.085
0.085
0.085
0.085
0.085
0.085
0.085
0.085
0.085
0.085
0.085
0.085
0.085
0.085
0.085
0.085
0.085
0.085
0.085
0.085
0.085
0.085
0.085
0.085
0.085
0.085
0.085
0.085
0.085
0.085
0.085
0.085
0.085
0.085
0.085
0.085
0.085
0.085
0.085
0.085
0.085
0.085
0.085
0.085
0.085
0.085
0.085
0.085
0.085
0.085
0.085
0.085
0.085
0.085
0.085
0.085
0.085
0.085
0.085
0.085
0.085
0.085
0.085
0.085
0.085
0.085
0.085
0.085
0.085
0.085
0.085
0.085
0.085
0.085
0.085
0.085
0.085
0.085
0.085
0.085
0.085
0.085
0.085
0.085
0.085
0.085
0.085
0.085
0.085
0.085
0.085
0.085
0.085
0.085
0.085
0.085
0.085
0.085
0.085
0.085
0.085
0.085
0.085
