0.0075
0.34
0.375
0.27
0.245
0.22
0.225
0.255
0.2525
0.2275
0.2325
0.1925
0.1525
0.18
0.155
0.2
0.14
0.1225
0.1125
0.12
0.1025
0.1325
0.12
0.1175
0.12
0.1275
0.1325
0.13
0.1175
0.115
0.115
0.1125
0.1325
0.115
0.1025
0.105
0.105
0.1125
0.1175
0.1425
0.12
0.14
0.125
0.145
0.145
0.125
0.1325
0.115
0.125
0.115
0.12
0.11
0.1075
0.12
0.1075
0.105
0.0975
0.1175
0.1125
0.105
0.0825
0.0775
0.0725
0.0925
0.0725
0.09
0.0675
0.0725
0.0775
0.0825
0.08
0.08
0.095
0.0975
0.0975
0.1075
0.0975
0.0975
0.1
0.13
0.09
0.1025
0.1025
0.085
0.07
0.0775
0.0775
0.08
0.1025
0.075
0.0775
0.0775
0.095
0.0925
0.095
0.105
0.115
0.13
0.1375
0.135
0.165
0.145
0.1425
0.145
0.16
0.1625
0.165
0.1425
0.13
0.15
0.1275
0.13
0.1275
0.1225
0.13
0.1
0.1
0.0925
0.1025
0.1025
0.1125
0.1275
0.125
0.155
0.1575
0.2025
0.1525
0.185
0.185
0.185
0.1775
0.16
0.1625
0.155
0.165
0.15
0.16
0.145
0.165
0.13
0.1525
0.15
0.1675
0.1825
0.1775
0.19
0.18
0.17
0.1525
0.1575
0.1425
0.1575
0.1575
0.1575
0.1925
0.175
0.185
0.2025
0.1825
0.16
0.1825
0.17
0.17
0.145
0.1925
0.1275
0.0975
0.1125
0.0775
0.07
0.07
0.08
0.085
0.12
0.075
0.0675
0.065
0.0675
0.0675
0.0625
0.0625
0.0675
0.0625
0.0825
0.065
0.1
0.08
0.12
0.1
0.1225
0.13
0.17
0.0725
0.09
0.0675
0.0525
0.0525
0.0525
0.0525
0.0525
0.0525
0.0525
0.0525
0.0525
0.0525
0.0525
0.0525
0.0525
0.0525
0.0525
0.0525
0.0525
0.0525
0.0525
0.0525
0.0525
0.0525
0.0525
0.0525
0.0525
0.0525
0.0525
0.0525
0.0525
0.0525
0.0525
0.0525
0.0525
0.0525
0.0525
0.0525
0.0525
0.0525
0.0525
0.0525
0.0525
0.0525
0.0525
0.0525
0.0525
0.0525
0.0525
0.0525
0.0525
0.0525
0.0525
0.0525
0.0525
0.0525
0.0525
0.0525
0.0525
0.0525
0.0525
0.0525
0.0525
0.0525
0.0525
0.0525
0.0525
0.0525
0.0525
0.0525
0.0525
0.0525
0.0525
0.0525
0.0525
0.0525
0.0525
0.0525
0.0525
0.0525
0.0525
0.0525
0.0525
0.0525
0.0525
0.0525
0.0525
0.0525
0.0525
0.0525
0.0525
0.0525
0.0525
0.0525
0.0525
0.0525
0.0525
0.0525
0.0525
0.0525
0.0525
0.0525
0.0525
0.0525
0.0525
0.0525
0.0525
0.0525
0.0525
0.0525
0.0525
0.0525
0.0525
0.0525
0.0525
0.0525
0.0525
0.0525
0.0525
0.0525
0.0525
0.0525
0.0525
0.0525
0.0525
0.0525
0.0525
0.0525
0.0525
0.0525
0.0525
0.0525
0.0525
0.0525
0.0525
0.0525
0.0525
0.0525
0.0525
0.0525
0.0525
0.0525
0.0525
0.0525
0.0525
0.0525
0.0525
0.0525
0.0525
0.0525
0.0525
0.0525
0.0525
0.0525
0.0525
0.0525
0.0525
0.0525
0.0525
0.0525
0.0525
0.0525
0.0525
0.0525
0.0525
0.0525
0.0525
0.0525
0.0525
0.0525
0.0525
0.0525
0.0525
0.0525
0.0525
0.0525
0.0525
0.0525
0.0525
0.0525
0.0525
0.0525
0.0525
0.0525
0.0525
0.0525
0.0525
0.0525
0.0525
0.0525
0.0525
0.0525
0.0525
0.0525
0.0525
0.0525
0.0525
0.0525
0.0525
0.0525
0.0525
0.0525
0.0525
0.0525
0.0525
0.0525
0.0525
0.0525
0.0525
0.0525
0.0525
0.0525
0.0525
0.0525
0.0525
0.0525
0.0525
0.0525
0.0525
0.0525
0.0525
0.0525
0.0525
0.0525
0.0525
0.0525
0.0525
0.0525
0.0525
0.0525
0.0525
0.0525
0.0525
0.0525
0.0525
0.0525
0.0525
0.0525
0.0525
0.0525
0.0525
0.0525
0.0525
0.0525
0.0525
0.0525
0.0525
0.0525
0.0525
0.0525
0.0525
0.0525
0.0525
0.0525
0.0525
0.0525
0.0525
0.0525
0.0525
0.0525
0.0525
0.0525
0.0525
0.0525
0.0525
0.0525
0.0525
0.0525
0.0525
0.0525
0.0525
0.0525
0.0525
0.0525
0.0525
0.0525
0.0525
0.0525
0.0525
0.0525
0.0525
0.0525
0.0525
0.0525
0.0525
0.0525
0.0525
0.0525
0.0525
0.0525
0.0525
0.0525
0.0525
0.0525
0.0525
0.0525
0.0525
0.0525
0.0525
0.0525
0.0525
0.0525
0.0525
0.0525
0.0525
0.0525
0.0525
0.0525
0.0525
0.0525
0.0525
0.0525
0.0525
0.0525
0.0525
0.0525
0.0525
0.0525
0.0525
0.0525
0.0525
0.0525
0.0525
0.0525
0.0525
0.0525
0.0525
0.0525
0.0525
0.0525
0.0525
0.0525
0.0525
0.0525
0.0525
0.0525
0.0525
0.0525
0.0525
0.0525
0.0525
0.0525
0.0525
0.0525
0.0525
0.0525
0.0525
0.0525
0.0525
0.0525
0.0525
0.0525
0.0525
0.0525
0.0525
0.0525
0.0525
0.0525
0.0525
0.0525
0.0525
0.0525
0.0525
0.0525
0.0525
0.0525
0.0525
0.0525
0.0525
0.0525
0.0525
0.0525
0.0525
0.0525
0.0525
0.0525
0.0525
0.0525
0.0525
0.0525
0.0525
0.0525
0.0525
0.0525
0.0525
0.0525
0.0525
0.0525
0.0525
0.0525
0.0525
0.0525
0.0525
0.0525
0.0525
0.0525
0.0525
0.0525
0.0525
0.0525
0.0525
0.0525
0.0525
0.0525
0.0525
0.0525
0.0525
0.0525
0.0525
0.0525
0.0525
0.0525
0.0525
0.0525
0.0525
0.0525
0.0525
0.0525
0.0525
0.0525
0.0525
0.0525
0.0525
0.0525
0.0525
0.0525
0.0525
0.0525
0.0525
0.0525
0.0525
0.0525
0.0525
0.0525
0.0525
0.0525
0.0525
0.0525
0.0525
0.0525
0.0525
0.0525
0.0525
0.0525
0.0525
0.0525
0.0525
0.0525
0.0525
0.0525
0.0525
0.0525
0.0525
0.0525
0.0525
0.0525
0.0525
0.0525
0.0525
0.0525
0.0525
0.0525
0.0525
0.0525
0.0525
0.0525
0.0525
0.0525
0.0525
0.0525
0.0525
0.0525
0.0525
0.0525
0.0525
0.0525
0.0525
0.0525
0.0525
0.0525
0.0525
0.0525
0.0525
0.0525
0.0525
0.0525
0.0525
0.0525
0.0525
0.0525
0.0525
0.0525
0.0525
0.0525
0.0525
0.0525
0.0525
0.0525
0.0525
0.0525
0.0525
0.0525
0.0525
0.0525
0.0525
0.0525
0.0525
0.0525
0.0525
0.0525
0.0525
0.0525
0.0525
0.0525
0.0525
0.0525
0.0525
0.0525
0.0525
0.0525
0.0525
0.0525
0.0525
0.0525
0.0525
0.0525
0.0525
0.0525
0.0525
0.0525
0.0525
0.0525
0.0525
0.0525
0.0525
0.0525
0.0525
0.0525
0.0525
0.0525
0.0525
0.0525
0.0525
0.0525
0.0525
0.0525
0.0525
0.0525
0.0525
0.0525
0.0525
0.0525
0.0525
0.0525
0.0525
0.0525
0.0525
0.0525
0.0525
0.0525
0.0525
0.0525
0.0525
0.0525
0.0525
0.0525
0.0525
0.0525
0.0525
0.0525
0.0525
0.0525
0.0525
0.0525
0.0525
0.0525
0.0525
0.0525
0.0525
0.0525
0.0525
0.0525
0.0525
0.0525
0.0525
0.0525
0.0525
0.0525
0.0525
0.0525
0.0525
0.0525
0.0525
0.0525
0.0525
0.0525
0.0525
0.0525
0.0525
0.0525
0.0525
0.0525
0.0525
0.0525
0.0525
0.0525
0.0525
0.0525
0.0525
0.0525
0.0525
0.0525
0.0525
0.0525
0.0525
0.0525
0.0525
0.0525
0.0525
0.0525
0.0525
0.0525
0.0525
0.0525
0.0525
0.0525
0.0525
0.0525
0.0525
0.0525
0.0525
0.0525
0.0525
0.0525
0.0525
0.0525
0.0525
0.0525
0.0525
0.0525
0.0525
0.0525
0.0525
0.0525
0.0525
0.0525
0.0525
0.0525
0.0525
0.0525
0.0525
0.0525
0.0525
0.0525
0.0525
0.0525
0.0525
0.0525
0.0525
0.0525
0.0525
0.0525
0.0525
0.0525
0.0525
0.0525
0.0525
0.0525
0.0525
0.0525
0.0525
0.0525
0.0525
0.0525
0.0525
0.0525
0.0525
0.0525
0.0525
0.0525
0.0525
0.0525
0.0525
0.0525
0.0525
0.0525
0.0525
0.0525
0.0525
0.0525
0.0525
0.0525
0.0525
0.0525
0.0525
0.0525
0.0525
0.0525
0.0525
0.0525
0.0525
0.0525
0.0525
0.0525
0.0525
0.0525
0.0525
0.0525
0.0525
0.0525
0.0525
0.0525
0.0525
0.0525
0.0525
0.0525
0.0525
0.0525
0.0525
0.0525
0.0525
0.0525
0.0525
0.0525
0.0525
0.0525
0.0525
0.0525
0.0525
0.0525
0.0525
0.0525
0.0525
0.0525
0.0525
0.0525
0.0525
0.0525
0.0525
0.0525
0.0525
0.0525
0.0525
0.0525
0.0525
0.0525
0.0525
0.0525
0.0525
0.0525
0.0525
0.0525
0.0525
0.0525
0.0525
0.0525
0.0525
0.0525
0.0525
0.0525
0.0525
0.0525
0.0525
0.0525
0.0525
0.0525
0.0525
0.0525
0.0525
0.0525
0.0525
0.0525
0.0525
0.0525
0.0525
0.0525
0.0525
0.0525
0.0525
0.0525
0.0525
0.0525
0.0525
0.0525
0.0525
0.0525
0.0525
0.0525
0.0525
0.0525
0.0525
0.0525
0.0525
0.0525
0.0525
0.0525
0.0525
0.0525
0.0525
0.0525
0.0525
0.0525
0.0525
0.0525
0.0525
0.0525
0.0525
0.0525
