0.015
0.2625
0.285
0.26
0.2575
0.265
0.3
0.2225
0.2375
0.2025
0.2225
0.2125
0.22
0.2125
0.21
0.175
0.1975
0.1775
0.1625
0.155
0.135
0.16
0.1425
0.1825
0.155
0.1475
0.1675
0.21
0.195
0.205
0.185
0.19
0.1925
0.2275
0.215
0.18
0.1475
0.1625
0.1725
0.1575
0.1725
0.155
0.145
0.1325
0.145
0.16
0.1525
0.165
0.1725
0.1825
0.2
0.2075
0.2375
0.16
0.17
0.16
0.1775
0.1825
0.17
0.2125
0.18
0.1825
0.1525
0.1625
0.14
0.14
0.15
0.1575
0.1575
0.19
0.165
0.1825
0.2025
0.185
0.1925
0.2125
0.2175
0.2725
0.2625
0.2775
0.2725
0.2625
0.25
0.22
0.22
0.2225
0.235
0.2525
0.22
0.2075
0.2075
0.1925
0.19
0.1775
0.17
0.1875
0.2025
0.19
0.2025
0.17
0.1825
0.165
0.1975
0.1325
0.13
0.1275
0.1025
0.0925
0.0825
0.08
0.0675
0.0725
0.075
0.08
0.0875
0.08
0.1
0.0975
0.1375
0.09
0.0925
0.095
0.0925
0.075
0.0875
0.08
0.0975
0.08
0.095
0.0875
0.09
0.085
0.0775
0.08
0.08
0.0875
0.11
0.0975
0.1075
0.12
0.1125
0.125
0.12
0.1525
0.12
0.1025
0.1075
0.115
0.115
0.11
0.1125
0.1025
0.1225
0.085
0.08
0.0675
0.075
0.0925
0.085
0.1125
0.075
0.0625
0.0575
0.055
0.0575
0.0625
0.0775
0.08
0.075
0.0975
0.0925
0.105
0.1
0.0975
0.105
0.1
0.105
0.1125
0.15
0.145
0.17
0.155
0.13
0.15
0.115
0.1425
0.11
0.1075
0.12
0.12
0.1275
0.1325
0.14
0.1325
0.1325
0.115
0.12
0.12
0.13
0.1275
0.11
0.115
0.11
0.12
0.1125
0.115
0.1275
0.1225
0.1425
0.135
0.17
0.14
0.16
0.1275
0.115
0.1225
0.1475
0.13
0.155
0.1625
0.1525
0.1775
0.1825
0.2075
0.2025
0.1825
0.2225
0.1675
0.15
0.17
0.1875
0.1725
0.175
0.175
0.17
0.2025
0.21
0.24
0.22
0.2575
0.2375
0.22
0.2275
0.24
0.2075
0.2125
0.1925
0.185
0.175
0.17
0.195
0.215
0.2275
0.2575
0.1975
0.16
0.1475
0.1875
0.165
0.165
0.145
0.15
0.1275
0.145
0.1275
0.1425
0.145
0.1925
0.1575
0.1825
0.1725
0.2125
0.225
0.2175
0.1825
0.1725
0.19
0.2
0.2125
0.2125
0.19
0.1925
0.1925
0.1925
0.195
0.1625
0.17
0.1625
0.1525
0.1825
0.12
0.1325
0.13
0.1475
0.145
0.14
0.1225
0.125
0.1475
0.16
0.175
0.19
0.1975
0.1775
0.16
0.1725
0.155
0.1675
0.1375
0.1325
0.125
0.135
0.1325
0.1575
0.1225
0.115
0.1425
0.14
0.16
0.1625
0.175
0.1675
0.19
0.165
0.21
0.1525
0.145
0.15
0.155
0.12
0.1125
0.11
0.13
0.1375
0.135
0.1425
0.1425
0.1425
0.165
0.1425
0.155
0.1725
0.1625
0.1575
0.1525
0.16
0.13
0.15
0.1275
0.1325
0.115
0.1275
0.1125
0.125
0.1275
0.1375
0.1625
0.1525
0.17
0.18
0.1525
0.18
0.2125
0.19
0.1575
0.1675
0.175
0.2
0.21
0.23
0.215
0.2375
0.225
0.205
0.19
0.18
0.135
0.13
0.12
0.13
0.125
0.105
0.1325
0.0975
0.115
0.085
0.0825
0.085
0.095
0.1075
0.12
0.1225
0.1425
0.125
0.1475
0.1575
0.15
0.1575
0.1725
0.13
0.125
0.1475
0.1275
0.1475
0.1575
0.1775
0.1525
0.1775
0.185
0.1625
0.1575
0.165
0.165
0.17
0.175
0.18
0.18
0.1575
0.155
0.135
0.1325
0.125
0.13
0.125
0.115
0.1225
0.11
0.105
0.1175
0.13
0.1225
0.1375
0.1475
0.1475
0.1325
0.1425
0.13
0.16
0.14
0.1325
0.12
0.145
0.105
0.115
0.105
0.115
0.1025
0.1275
0.1175
0.1025
0.1175
0.105
0.12
0.095
0.105
0.0675
0.0725
0.0525
0.0475
0.0525
0.0475
0.055
0.0525
0.0625
0.0675
0.0775
0.0675
0.09
0.08
0.1
0.09
0.0875
0.0975
0.1075
0.095
0.1175
0.1075
0.11
0.1225
0.145
0.135
0.165
0.165
0.1875
0.16
0.16
0.19
0.15
0.17
0.135
0.175
0.14
0.14
0.145
0.13
0.1275
0.12
0.12
0.15
0.1175
0.135
0.1175
0.13
0.1075
0.075
0.065
0.065
0.0525
0.0575
0.055
0.075
0.055
0.08
0.0675
0.0725
0.0775
0.0675
0.0825
0.0775
0.0625
0.0575
0.0525
0.0425
0.0425
0.0425
0.0425
0.0425
0.0425
0.0425
0.0425
0.0425
0.0425
0.0425
0.0425
0.0425
0.0425
0.0425
0.0425
0.0425
0.0425
0.0425
0.05
0.0375
0.03
0.0275
0.0275
0.0275
0.0275
0.0275
0.0275
0.0275
0.0275
0.0275
0.0275
0.0275
0.0275
0.0275
0.0275
0.0275
0.0275
0.0275
0.0275
0.0275
0.0275
0.0275
0.0275
0.0275
0.0275
0.0275
0.0275
0.0275
0.0275
0.0275
0.0275
0.0275
0.0275
0.0275
0.0275
0.0275
0.0275
0.0275
0.0275
0.0275
0.0275
0.0275
0.0275
0.0275
0.0275
0.0275
0.0275
0.0275
0.0275
0.0275
0.0275
0.0275
0.0275
0.0275
0.0275
0.0275
0.0275
0.0275
0.0275
0.0275
0.0275
0.0275
0.0275
0.0275
0.0275
0.0275
0.0275
0.0275
0.0275
0.0275
0.0275
0.0275
0.0275
0.0275
0.0275
0.0275
0.0275
0.0275
0.0275
0.0275
0.0275
0.0275
0.0275
0.0275
0.0275
0.0275
0.0275
0.0275
0.0275
0.0275
0.0275
0.0275
0.0275
0.0275
0.0275
0.0275
0.0275
0.0275
0.0275
0.0275
0.0275
0.0275
0.0275
0.0275
0.0275
0.0275
0.0275
0.0275
0.0275
0.0275
0.0275
0.0275
0.0275
0.0275
0.0275
0.0275
0.0275
0.0275
0.0275
0.0275
0.0275
0.0275
0.0275
0.0275
0.0275
0.0275
0.0275
0.0275
0.0275
0.0275
0.0275
0.0275
0.0275
0.0275
0.0275
0.0275
0.0275
0.0275
0.0275
0.0275
0.0275
0.0275
0.0275
0.0275
0.0275
0.0275
0.0275
0.0275
0.0275
0.0275
0.0275
0.0275
0.0275
0.0275
0.0275
0.0275
0.0275
0.0275
0.0275
0.0275
0.0275
0.0275
0.0275
0.0275
0.0275
0.0275
0.0275
0.0275
0.0275
0.0275
0.0275
0.0275
0.0275
0.0275
0.0275
0.0275
0.0275
0.0275
0.0275
0.0275
0.0275
0.0275
0.0275
0.0275
0.0275
0.0275
0.0275
0.0275
0.0275
0.0275
0.0275
0.0275
0.0275
0.0275
0.0275
0.0275
0.0275
0.0275
0.0275
0.0275
0.0275
0.0275
0.0275
0.0275
0.0275
0.0275
0.0275
0.0275
0.0275
0.0275
0.0275
0.0275
0.0275
0.0275
0.0275
0.0275
0.0275
0.0275
0.0275
0.0275
0.0275
0.0275
0.0275
0.0275
0.0275
0.0275
0.0275
0.0275
0.0275
0.0275
0.0275
0.0275
0.0275
0.0275
0.0275
0.0275
0.0275
0.0275
0.0275
0.0275
0.0275
0.0275
0.0275
0.0275
0.0275
0.0275
0.0275
0.0275
0.0275
0.0275
0.0275
0.0275
0.0275
0.0275
0.0275
0.0275
0.0275
0.0275
0.0275
0.0275
0.0275
0.0275
0.0275
0.0275
0.0275
0.0275
0.0275
0.0275
0.0275
0.0275
0.0275
0.0275
0.0275
0.0275
0.0275
0.0275
0.0275
0.0275
0.0275
0.0275
0.0275
0.0275
0.0275
0.0275
0.0275
0.0275
0.0275
0.0275
0.0275
0.0275
0.0275
0.0275
0.0275
0.0275
0.0275
0.0275
0.0275
0.0275
0.0275
0.0275
0.0275
0.0275
0.0275
0.0275
0.0275
0.0275
0.0275
0.0275
0.0275
0.0275
0.0275
0.0275
0.0275
0.0275
0.0275
0.0275
0.0275
0.0275
0.0275
0.0275
0.0275
0.0275
0.0275
0.0275
0.0275
0.0275
0.0275
0.0275
0.0275
0.0275
0.0275
0.0275
0.0275
0.0275
0.0275
0.0275
0.0275
0.0275
0.0275
0.0275
0.0275
0.0275
0.0275
0.0275
0.0275
0.0275
0.0275
0.0275
0.0275
0.0275
0.0275
0.0275
0.0275
0.0275
0.0275
0.0275
0.0275
0.0275
0.0275
0.0275
0.0275
0.0275
0.0275
0.0275
0.0275
0.0275
0.0275
0.0275
0.0275
0.0275
0.0275
0.0275
0.0275
0.0275
0.0275
0.0275
0.0275
0.0275
0.0275
0.0275
0.0275
0.0275
0.0275
0.0275
0.0275
0.0275
0.0275
0.0275
0.0275
0.0275
0.0275
0.0275
0.0275
0.0275
0.0275
0.0275
0.0275
0.0275
0.0275
0.0275
0.0275
0.0275
0.0275
0.0275
0.0275
0.0275
0.0275
0.0275
0.0275
0.0275
0.0275
0.0275
0.0275
0.0275
0.0275
0.0275
0.0275
0.0275
0.0275
0.0275
0.0275
0.0275
0.0275
0.0275
0.0275
0.0275
0.0275
0.0275
0.0275
0.0275
0.0275
0.0275
0.0275
0.0275
0.0275
0.0275
0.0275
0.0275
0.0275
0.0275
0.0275
0.0275
0.0275
0.0275
0.0275
0.0275
0.0275
0.0275
0.0275
0.0275
0.0275
0.0275
0.0275
0.0275
0.0275
0.0275
0.0275
0.0275
