0.0275
0.3025
0.35
0.31
0.3825
0.2875
0.29
0.2925
0.2325
0.2225
0.2525
0.27
0.25
0.2675
0.255
0.27
0.255
0.255
0.2575
0.2475
0.2625
0.3275
0.26
0.2725
0.235
0.2625
0.245
0.2225
0.2275
0.2325
0.2125
0.19
0.1825
0.1775
0.135
0.125
0.1475
0.14
0.1525
0.1675
0.1625
0.1675
0.1775
0.135
0.155
0.1675
0.19
0.2025
0.155
0.1975
0.1725
0.1475
0.16
0.1475
0.1425
0.165
0.1575
0.155
0.1525
0.17
0.21
0.155
0.16
0.1525
0.1875
0.1675
0.1775
0.1525
0.1875
0.165
0.195
0.185
0.2025
0.17
0.175
0.185
0.165
0.1775
0.1725
0.2025
0.2075
0.1775
0.21
0.1625
0.1725
0.1625
0.145
0.1225
0.1325
0.1275
0.15
0.14
0.1425
0.1625
0.1625
0.19
0.1425
0.18
0.16
0.14
0.1675
0.1325
0.1425
0.125
0.115
0.1275
0.13
0.1575
0.1575
0.1325
0.1575
0.1575
0.1425
0.17
0.18
0.205
0.17
0.1675
0.1675
0.21
0.175
0.1725
0.175
0.1175
0.105
0.1325
0.1
0.1075
0.09
0.09
0.0925
0.095
0.1025
0.1125
0.105
0.0925
0.095
0.0875
0.0825
0.0925
0.0875
0.09
0.1
0.0925
0.0925
0.095
0.1025
0.1025
0.11
0.1325
0.095
0.1025
0.0975
0.105
0.0925
0.0925
0.095
0.0825
0.1075
0.0825
0.0925
0.09
0.095
0.0875
0.1025
0.0825
0.08
0.0725
0.07
0.0775
0.075
0.0775
0.0975
0.0775
0.0975
0.1
0.0925
0.1125
0.08
0.105
0.09
0.09
0.085
0.12
0.1125
0.13
0.1525
0.12
0.1175
0.11
0.105
0.115
0.1075
0.135
0.13
0.18
0.1225
0.1275
0.1075
0.1175
0.11
0.1225
0.1175
0.14
0.1425
0.1325
0.14
0.17
0.1725
0.22
0.145
0.125
0.1275
0.1325
0.135
0.1125
0.1225
0.135
0.125
0.12
0.125
0.1125
0.12
0.1225
0.135
0.125
0.1475
0.1575
0.145
0.16
0.195
0.2025
0.1975
0.185
0.18
0.1775
0.16
0.135
0.1425
0.1425
0.145
0.1225
0.1075
0.09
0.1
0.105
0.115
0.12
0.1325
0.1575
0.1175
0.12
0.1125
0.1
0.1125
0.0725
0.1
0.0625
0.0525
0.0475
0.06
0.0575
0.06
0.065
0.05
0.05
0.0675
0.06
0.085
0.0575
0.0425
0.0375
0.0375
0.0375
0.0475
0.0475
0.0475
0.05
0.0625
0.065
0.0725
0.065
0.0675
0.0625
0.07
0.0575
0.055
0.055
0.0625
0.0575
0.07
0.075
0.085
0.0825
0.0825
0.09
0.095
0.1325
0.105
0.13
0.14
0.1575
0.1075
0.0925
0.0925
0.105
0.11
0.13
0.1025
0.13
0.1
0.0775
0.0925
0.0675
0.0775
0.0725
0.085
0.085
0.0675
0.07
0.075
0.0625
0.06
0.0625
0.06
0.06
0.06
0.0575
0.07
0.0675
0.095
0.065
0.075
0.0825
0.1075
0.0825
0.0975
0.1
0.12
0.1175
0.1225
0.135
0.14
0.1575
0.1725
0.1825
0.15
0.1625
0.13
0.13
0.115
0.11
0.1175
0.0925
0.1
0.0925
0.0925
0.0975
0.085
0.0825
0.1025
0.09
0.0775
0.1
0.0725
0.09
0.0725
0.0725
0.0675
0.0625
0.055
0.055
0.055
0.055
0.055
0.055
0.055
0.055
0.055
0.055
0.055
0.055
0.055
0.055
0.055
0.055
0.055
0.055
0.055
0.055
0.055
0.055
0.055
0.055
0.055
0.055
0.055
0.055
0.055
0.055
0.055
0.055
0.055
0.055
0.055
0.055
0.055
0.055
0.055
0.055
0.055
0.055
0.055
0.055
0.055
0.055
0.055
0.055
0.055
0.055
0.055
0.055
0.055
0.055
0.055
0.055
0.055
0.055
0.055
0.055
0.055
0.055
0.055
0.055
0.055
0.055
0.055
0.055
0.055
0.055
0.055
0.055
0.055
0.055
0.055
0.055
0.055
0.055
0.055
0.055
0.055
0.055
0.055
0.055
0.055
0.055
0.055
0.055
0.055
0.055
0.055
0.055
0.055
0.055
0.055
0.055
0.055
0.055
0.055
0.055
0.055
0.055
0.055
0.055
0.055
0.055
0.055
0.055
0.055
0.055
0.055
0.055
0.055
0.055
0.055
0.055
0.055
0.055
0.055
0.055
0.055
0.055
0.055
0.055
0.055
0.055
0.055
0.055
0.055
0.055
0.055
0.055
0.055
0.055
0.055
0.055
0.055
0.055
0.055
0.055
0.055
0.055
0.055
0.055
0.055
0.055
0.055
0.055
0.055
0.055
0.055
0.055
0.055
0.055
0.055
0.055
0.055
0.055
0.055
0.055
0.055
0.055
0.055
0.055
0.055
0.055
0.055
0.055
0.055
0.055
0.055
0.055
0.055
0.055
0.055
0.055
0.055
0.055
0.055
0.055
0.055
0.055
0.055
0.055
0.055
0.055
0.055
0.055
0.055
0.055
0.055
0.055
0.055
0.055
0.055
0.055
0.055
0.055
0.055
0.055
0.055
0.055
0.055
0.055
0.055
0.055
0.055
0.055
0.055
0.055
0.055
0.055
0.055
0.055
0.055
0.055
0.055
0.055
0.055
0.055
0.055
0.055
0.055
0.055
0.055
0.055
0.055
0.055
0.055
0.055
0.055
0.055
0.055
0.055
0.055
0.055
0.055
0.055
0.055
0.055
0.055
0.055
0.055
0.055
0.055
0.055
0.055
0.055
0.055
0.055
0.055
0.055
0.055
0.055
0.055
0.055
0.055
0.055
0.055
0.055
0.055
0.055
0.055
0.055
0.055
0.055
0.055
0.055
0.055
0.055
0.055
0.055
0.055
0.055
0.055
0.055
0.055
0.055
0.055
0.055
0.055
0.055
0.055
0.055
0.055
0.055
0.055
0.055
0.055
0.055
0.055
0.055
0.055
0.055
0.055
0.055
0.055
0.055
0.055
0.055
0.055
0.055
0.055
0.055
0.055
0.055
0.055
0.055
0.055
0.055
0.055
0.055
0.055
0.055
0.055
0.055
0.055
0.055
0.055
0.055
0.055
0.055
0.055
0.055
0.055
0.055
0.055
0.055
0.055
0.055
0.055
0.055
0.055
0.055
0.055
0.055
0.055
0.055
0.055
0.055
0.055
0.055
0.055
0.055
0.055
0.055
0.055
0.055
0.055
0.055
0.055
0.055
0.055
0.055
0.055
0.055
0.055
0.055
0.055
0.055
0.055
0.055
0.055
0.055
0.055
0.055
0.055
0.055
0.055
0.055
0.055
0.055
0.055
0.055
0.055
0.055
0.055
0.055
0.055
0.055
0.055
0.055
0.055
0.055
0.055
0.055
0.055
0.055
0.055
0.055
0.055
0.055
0.055
0.055
0.055
0.055
0.055
0.055
0.055
0.055
0.055
0.055
0.055
0.055
0.055
0.055
0.055
0.055
0.055
0.055
0.055
0.055
0.055
0.055
0.055
0.055
0.055
0.055
0.055
0.055
0.055
0.055
0.055
0.055
0.055
0.055
0.055
0.055
0.055
0.055
0.055
0.055
0.055
0.055
0.055
0.055
0.055
0.055
0.055
0.055
0.055
0.055
0.055
0.055
0.055
0.055
0.055
0.055
0.055
0.055
0.055
0.055
0.055
0.055
0.055
0.055
0.055
0.055
0.055
0.055
0.055
0.055
0.055
0.055
0.055
0.055
0.055
0.055
0.055
0.055
0.055
0.055
0.055
0.055
0.055
0.055
0.055
0.055
0.055
0.055
0.055
0.055
0.055
0.055
0.055
0.055
0.055
0.055
0.055
0.055
0.055
0.055
0.055
0.055
0.055
0.055
0.055
0.055
0.055
0.055
0.055
0.055
0.055
0.055
0.055
0.055
0.055
0.055
0.055
0.055
0.055
0.055
0.055
0.055
0.055
0.055
0.055
0.055
0.055
0.055
0.055
0.055
0.055
0.055
0.055
0.055
0.055
0.055
0.055
0.055
0.055
0.055
0.055
0.055
0.055
0.055
0.055
0.055
0.055
0.055
0.055
0.055
0.055
0.055
0.055
0.055
0.055
0.055
0.055
0.055
0.055
0.055
0.055
0.055
0.055
0.055
0.055
0.055
0.055
0.055
0.055
0.055
0.055
0.055
0.055
0.055
0.055
0.055
0.055
0.055
0.055
0.055
0.055
0.055
0.055
0.055
0.055
0.055
0.055
0.055
0.055
0.055
0.055
0.055
0.055
0.055
0.055
0.055
0.055
0.055
0.055
0.055
0.055
0.055
0.055
0.055
0.055
0.055
0.055
0.055
0.055
0.055
0.055
0.055
0.055
0.055
0.055
0.055
0.055
0.055
0.055
0.055
0.055
0.055
0.055
0.055
0.055
0.055
0.055
0.055
0.055
0.055
0.055
0.055
0.055
0.055
0.055
0.055
0.055
0.055
0.055
