0.055
0.2925
0.405
0.29
0.24
0.21
0.2125
0.225
0.24
0.25
0.28
0.3175
0.2675
0.275
0.295
0.315
0.3
0.275
0.23
0.24
0.2075
0.2275
0.2225
0.225
0.2275
0.1975
0.22
0.225
0.25
0.1925
0.2025
0.205
0.19
0.2125
0.21
0.225
0.2375
0.22
0.22
0.195
0.2025
0.1875
0.2025
0.18
0.1475
0.18
0.1325
0.1325
0.1125
0.105
0.1275
0.1375
0.1325
0.1225
0.1375
0.125
0.1525
0.1075
0.09
0.1225
0.105
0.1325
0.085
0.0825
0.085
0.075
0.0625
0.05
0.045
0.0375
0.0375
0.0375
0.0375
0.0375
0.0375
0.0375
0.0375
0.0375
0.0375
0.0375
0.0375
0.0375
0.0375
0.0375
0.0375
0.0375
0.0375
0.0375
0.0375
0.0375
0.0375
0.0375
0.0375
0.0375
0.0375
0.0375
0.0375
0.0375
0.0375
0.0375
0.0375
0.0375
0.0375
0.0375
0.0375
0.0375
0.0375
0.0375
0.0375
0.0375
0.0375
0.0375
0.0375
0.0375
0.0375
0.0375
0.0375
0.0375
0.0375
0.0375
0.0375
0.0375
0.0375
0.0375
0.0375
0.0375
0.0375
0.0375
0.0375
0.0375
0.0375
0.0375
0.0375
0.0375
0.0375
0.0375
0.0375
0.0375
0.0375
0.0375
0.0375
0.0375
0.0375
0.0375
0.0375
0.0375
0.0375
0.0375
0.0375
0.0375
0.0375
0.0375
0.0375
0.0375
0.0375
0.0375
0.0375
0.0375
0.0375
0.0375
0.0375
0.0375
0.0375
0.0375
0.0375
0.0375
0.0375
0.0375
0.0375
0.0375
0.0375
0.0375
0.0375
0.0375
0.0375
0.0375
0.0375
0.0375
0.0375
0.0375
0.0375
0.0375
0.0375
0.0375
0.0375
0.0375
0.0375
0.0375
0.0375
0.0375
0.0375
0.0375
0.0375
0.0375
0.0375
0.0375
0.0375
0.0375
0.0375
0.0375
0.0375
0.0375
0.0375
0.0375
0.0375
0.0375
0.0375
0.0375
0.0375
0.0375
0.0375
0.0375
0.0375
0.0375
0.0375
0.0375
0.0375
0.0375
0.0375
0.0375
0.0375
0.0375
0.0375
0.0375
0.0375
0.0375
0.0375
0.0375
0.0375
0.0375
0.0375
0.0375
0.0375
0.0375
0.0375
0.0375
0.0375
0.0375
0.0375
0.0375
0.0375
0.0375
0.0375
0.0375
0.0375
0.0375
0.0375
0.0375
0.0375
0.0375
0.0375
0.0375
0.0375
0.0375
0.0375
0.0375
0.0375
0.0375
0.0375
0.0375
0.0375
0.0375
0.0375
0.0375
0.0375
0.0375
0.0375
0.0375
0.0375
0.0375
0.0375
0.0375
0.0375
0.0375
0.0375
0.0375
0.0375
0.0375
0.0375
0.0375
0.0375
0.0375
0.0375
0.0375
0.0375
0.0375
0.0375
0.0375
0.0375
0.0375
0.0375
0.0375
0.0375
0.0375
0.0375
0.0375
0.0375
0.0375
0.0375
0.0375
0.0375
0.0375
0.0375
0.0375
0.0375
0.0375
0.0375
0.0375
0.0375
0.0375
0.0375
0.0375
0.0375
0.0375
0.0375
0.0375
0.0375
0.0375
0.0375
0.0375
0.0375
0.0375
0.0375
0.0375
0.0375
0.0375
0.0375
0.0375
0.0375
0.0375
0.0375
0.0375
0.0375
0.0375
0.0375
0.0375
0.0375
0.0375
0.0375
0.0375
0.0375
0.0375
0.0375
0.0375
0.0375
0.0375
0.0375
0.0375
0.0375
0.0375
0.0375
0.0375
0.0375
0.0375
0.0375
0.0375
0.0375
0.0375
0.0375
0.0375
0.0375
0.0375
0.0375
0.0375
0.0375
0.0375
0.0375
0.0375
0.0375
0.0375
0.0375
0.0375
0.0375
0.0375
0.0375
0.0375
0.0375
0.0375
0.0375
0.0375
0.0375
0.0375
0.0375
0.0375
0.0375
0.0375
0.0375
0.0375
0.0375
0.0375
0.0375
0.0375
0.0375
0.0375
0.0375
0.0375
0.0375
0.0375
0.0375
0.0375
0.0375
0.0375
0.0375
0.0375
0.0375
0.0375
0.0375
0.0375
0.0375
0.0375
0.0375
0.0375
0.0375
0.0375
0.0375
0.0375
0.0375
0.0375
0.0375
0.0375
0.0375
0.0375
0.0375
0.0375
0.0375
0.0375
0.0375
0.0375
0.0375
0.0375
0.0375
0.0375
0.0375
0.0375
0.0375
0.0375
0.0375
0.0375
0.0375
0.0375
0.0375
0.0375
0.0375
0.0375
0.0375
0.0375
0.0375
0.0375
0.0375
0.0375
0.0375
0.0375
0.0375
0.0375
0.0375
0.0375
0.0375
0.0375
0.0375
0.0375
0.0375
0.0375
0.0375
0.0375
0.0375
0.0375
0.0375
0.0375
0.0375
0.0375
0.0375
0.0375
0.0375
0.0375
0.0375
0.0375
0.0375
0.0375
0.0375
0.0375
0.0375
0.0375
0.0375
0.0375
0.0375
0.0375
0.0375
0.0375
0.0375
0.0375
0.0375
0.0375
0.0375
0.0375
0.0375
0.0375
0.0375
0.0375
0.0375
0.0375
0.0375
0.0375
0.0375
0.0375
0.0375
0.0375
0.0375
0.0375
0.0375
0.0375
0.0375
0.0375
0.0375
0.0375
0.0375
0.0375
0.0375
0.0375
0.0375
0.0375
0.0375
0.0375
0.0375
0.0375
0.0375
0.0375
0.0375
0.0375
0.0375
0.0375
0.0375
0.0375
0.0375
0.0375
0.0375
0.0375
0.0375
0.0375
0.0375
0.0375
0.0375
0.0375
0.0375
0.0375
0.0375
0.0375
0.0375
0.0375
0.0375
0.0375
0.0375
0.0375
0.0375
0.0375
0.0375
0.0375
0.0375
0.0375
0.0375
0.0375
0.0375
0.0375
0.0375
0.0375
0.0375
0.0375
0.0375
0.0375
0.0375
0.0375
0.0375
0.0375
0.0375
0.0375
0.0375
0.0375
0.0375
0.0375
0.0375
0.0375
0.0375
0.0375
0.0375
0.0375
0.0375
0.0375
0.0375
0.0375
0.0375
0.0375
0.0375
0.0375
0.0375
0.0375
0.0375
0.0375
0.0375
0.0375
0.0375
0.0375
0.0375
0.0375
0.0375
0.0375
0.0375
0.0375
0.0375
0.0375
0.0375
0.0375
0.0375
0.0375
0.0375
0.0375
0.0375
0.0375
0.0375
0.0375
0.0375
0.0375
0.0375
0.0375
0.0375
0.0375
0.0375
0.0375
0.0375
0.0375
0.0375
0.0375
0.0375
0.0375
0.0375
0.0375
0.0375
0.0375
0.0375
0.0375
0.0375
0.0375
0.0375
0.0375
0.0375
0.0375
0.0375
0.0375
0.0375
0.0375
0.0375
0.0375
0.0375
0.0375
0.0375
0.0375
0.0375
0.0375
0.0375
0.0375
0.0375
0.0375
0.0375
0.0375
0.0375
0.0375
0.0375
0.0375
0.0375
0.0375
0.0375
0.0375
0.0375
0.0375
0.0375
0.0375
0.0375
0.0375
0.0375
0.0375
0.0375
0.0375
0.0375
0.0375
0.0375
0.0375
0.0375
0.0375
0.0375
0.0375
0.0375
0.0375
0.0375
0.0375
0.0375
0.0375
0.0375
0.0375
0.0375
0.0375
0.0375
0.0375
0.0375
0.0375
0.0375
0.0375
0.0375
0.0375
0.0375
0.0375
0.0375
0.0375
0.0375
0.0375
0.0375
0.0375
0.0375
0.0375
0.0375
0.0375
0.0375
0.0375
0.0375
0.0375
0.0375
0.0375
0.0375
0.0375
0.0375
0.0375
0.0375
0.0375
0.0375
0.0375
0.0375
0.0375
0.0375
0.0375
0.0375
0.0375
0.0375
0.0375
0.0375
0.0375
0.0375
0.0375
0.0375
0.0375
0.0375
0.0375
0.0375
0.0375
0.0375
0.0375
0.0375
0.0375
0.0375
0.0375
0.0375
0.0375
0.0375
0.0375
0.0375
0.0375
0.0375
0.0375
0.0375
0.0375
0.0375
0.0375
0.0375
0.0375
0.0375
0.0375
0.0375
0.0375
0.0375
0.0375
0.0375
0.0375
0.0375
0.0375
0.0375
0.0375
0.0375
0.0375
0.0375
0.0375
0.0375
0.0375
0.0375
0.0375
0.0375
0.0375
0.0375
0.0375
0.0375
0.0375
0.0375
0.0375
0.0375
0.0375
0.0375
0.0375
0.0375
0.0375
0.0375
0.0375
0.0375
0.0375
0.0375
0.0375
0.0375
0.0375
0.0375
0.0375
0.0375
0.0375
0.0375
0.0375
0.0375
0.0375
0.0375
0.0375
0.0375
0.0375
0.0375
0.0375
0.0375
0.0375
0.0375
0.0375
0.0375
0.0375
0.0375
0.0375
0.0375
0.0375
0.0375
0.0375
0.0375
0.0375
0.0375
0.0375
0.0375
0.0375
0.0375
0.0375
0.0375
0.0375
0.0375
0.0375
0.0375
0.0375
0.0375
0.0375
0.0375
0.0375
0.0375
0.0375
0.0375
0.0375
0.0375
0.0375
0.0375
0.0375
0.0375
0.0375
0.0375
0.0375
0.0375
0.0375
0.0375
0.0375
0.0375
0.0375
0.0375
0.0375
0.0375
0.0375
0.0375
0.0375
0.0375
0.0375
0.0375
0.0375
0.0375
0.0375
0.0375
0.0375
0.0375
0.0375
0.0375
0.0375
0.0375
0.0375
0.0375
0.0375
0.0375
0.0375
0.0375
0.0375
0.0375
0.0375
0.0375
0.0375
0.0375
0.0375
0.0375
0.0375
0.0375
0.0375
0.0375
0.0375
0.0375
0.0375
0.0375
0.0375
0.0375
0.0375
0.0375
0.0375
0.0375
0.0375
0.0375
0.0375
0.0375
0.0375
0.0375
0.0375
0.0375
0.0375
0.0375
0.0375
0.0375
0.0375
0.0375
0.0375
0.0375
0.0375
0.0375
0.0375
0.0375
0.0375
0.0375
0.0375
0.0375
0.0375
0.0375
0.0375
0.0375
0.0375
0.0375
0.0375
0.0375
0.0375
0.0375
0.0375
0.0375
0.0375
0.0375
0.0375
0.0375
0.0375
0.0375
0.0375
0.0375
0.0375
0.0375
0.0375
0.0375
0.0375
0.0375
0.0375
0.0375
0.0375
0.0375
0.0375
0.0375
0.0375
0.0375
0.0375
0.0375
0.0375
0.0375
0.0375
0.0375
0.0375
0.0375
0.0375
0.0375
0.0375
0.0375
0.0375
0.0375
0.0375
0.0375
0.0375
0.0375
0.0375
0.0375
0.0375
0.0375
