0.0375
0.3
0.33
0.335
0.23
0.2375
0.225
0.2275
0.2175
0.215
0.1875
0.185
0.185
0.1825
0.1875
0.16
0.12
0.0975
0.115
0.1275
0.115
0.13
0.11
0.1375
0.1175
0.15
0.105
0.1275
0.115
0.13
0.1025
0.1175
0.13
0.1325
0.1575
0.1525
0.155
0.175
0.175
0.17
0.1525
0.155
0.14
0.15
0.1025
0.0975
0.0775
0.0625
0.06
0.045
0.035
0.0325
0.0325
0.0325
0.0325
0.0325
0.0325
0.0325
0.0325
0.0325
0.0325
0.0325
0.0325
0.0325
0.0325
0.0325
0.0325
0.0325
0.0325
0.0325
0.0325
0.0325
0.0325
0.0325
0.0325
0.0325
0.0325
0.0325
0.0325
0.0325
0.0325
0.0325
0.0325
0.0325
0.0325
0.0325
0.0325
0.0325
0.0325
0.0325
0.0325
0.0325
0.0325
0.0325
0.0325
0.0325
0.0325
0.0325
0.0325
0.0325
0.0325
0.0325
0.0325
0.0325
0.0325
0.0325
0.0325
0.0325
0.0325
0.0325
0.0325
0.0325
0.0325
0.0325
0.0325
0.0325
0.0325
0.0325
0.0325
0.0325
0.0325
0.0325
0.0325
0.0325
0.0325
0.0325
0.0325
0.0325
0.0325
0.0325
0.0325
0.0325
0.0325
0.0325
0.0325
0.0325
0.0325
0.0325
0.0325
0.0325
0.0325
0.0325
0.0325
0.0325
0.0325
0.0325
0.0325
0.0325
0.0325
0.0325
0.0325
0.0325
0.0325
0.0325
0.0325
0.0325
0.0325
0.0325
0.0325
0.0325
0.0325
0.0325
0.0325
0.0325
0.0325
0.0325
0.0325
0.0325
0.0325
0.0325
0.0325
0.0325
0.0325
0.0325
0.0325
0.0325
0.0325
0.0325
0.0325
0.0325
0.0325
0.0325
0.0325
0.0325
0.0325
0.0325
0.0325
0.0325
0.0325
0.0325
0.0325
0.0325
0.0325
0.0325
0.0325
0.0325
0.0325
0.0325
0.0325
0.0325
0.0325
0.0325
0.0325
0.0325
0.0325
0.0325
0.0325
0.0325
0.0325
0.0325
0.0325
0.0325
0.0325
0.0325
0.0325
0.0325
0.0325
0.0325
0.0325
0.0325
0.0325
0.0325
0.0325
0.0325
0.0325
0.0325
0.0325
0.0325
0.0325
0.0325
0.0325
0.0325
0.0325
0.0325
0.0325
0.0325
0.0325
0.0325
0.0325
0.0325
0.0325
0.0325
0.0325
0.0325
0.0325
0.0325
0.0325
0.0325
0.0325
0.0325
0.0325
0.0325
0.0325
0.0325
0.0325
0.0325
0.0325
0.0325
0.0325
0.0325
0.0325
0.0325
0.0325
0.0325
0.0325
0.0325
0.0325
0.0325
0.0325
0.0325
0.0325
0.0325
0.0325
0.0325
0.0325
0.0325
0.0325
0.0325
0.0325
0.0325
0.0325
0.0325
0.0325
0.0325
0.0325
0.0325
0.0325
0.0325
0.0325
0.0325
0.0325
0.0325
0.0325
0.0325
0.0325
0.0325
0.0325
0.0325
0.0325
0.0325
0.0325
0.0325
0.0325
0.0325
0.0325
0.0325
0.0325
0.0325
0.0325
0.0325
0.0325
0.0325
0.0325
0.0325
0.0325
0.0325
0.0325
0.0325
0.0325
0.0325
0.0325
0.0325
0.0325
0.0325
0.0325
0.0325
0.0325
0.0325
0.0325
0.0325
0.0325
0.0325
0.0325
0.0325
0.0325
0.0325
0.0325
0.0325
0.0325
0.0325
0.0325
0.0325
0.0325
0.0325
0.0325
0.0325
0.0325
0.0325
0.0325
0.0325
0.0325
0.0325
0.0325
0.0325
0.0325
0.0325
0.0325
0.0325
0.0325
0.0325
0.0325
0.0325
0.0325
0.0325
0.0325
0.0325
0.0325
0.0325
0.0325
0.0325
0.0325
0.0325
0.0325
0.0325
0.0325
0.0325
0.0325
0.0325
0.0325
0.0325
0.0325
0.0325
0.0325
0.0325
0.0325
0.0325
0.0325
0.0325
0.0325
0.0325
0.0325
0.0325
0.0325
0.0325
0.0325
0.0325
0.0325
0.0325
0.0325
0.0325
0.0325
0.0325
0.0325
0.0325
0.0325
0.0325
0.0325
0.0325
0.0325
0.0325
0.0325
0.0325
0.0325
0.0325
0.0325
0.0325
0.0325
0.0325
0.0325
0.0325
0.0325
0.0325
0.0325
0.0325
0.0325
0.0325
0.0325
0.0325
0.0325
0.0325
0.0325
0.0325
0.0325
0.0325
0.0325
0.0325
0.0325
0.0325
0.0325
0.0325
0.0325
0.0325
0.0325
0.0325
0.0325
0.0325
0.0325
0.0325
0.0325
0.0325
0.0325
0.0325
0.0325
0.0325
0.0325
0.0325
0.0325
0.0325
0.0325
0.0325
0.0325
0.0325
0.0325
0.0325
0.0325
0.0325
0.0325
0.0325
0.0325
0.0325
0.0325
0.0325
0.0325
0.0325
0.0325
0.0325
0.0325
0.0325
0.0325
0.0325
0.0325
0.0325
0.0325
0.0325
0.0325
0.0325
0.0325
0.0325
0.0325
0.0325
0.0325
0.0325
0.0325
0.0325
0.0325
0.0325
0.0325
0.0325
0.0325
0.0325
0.0325
0.0325
0.0325
0.0325
0.0325
0.0325
0.0325
0.0325
0.0325
0.0325
0.0325
0.0325
0.0325
0.0325
0.0325
0.0325
0.0325
0.0325
0.0325
0.0325
0.0325
0.0325
0.0325
0.0325
0.0325
0.0325
0.0325
0.0325
0.0325
0.0325
0.0325
0.0325
0.0325
0.0325
0.0325
0.0325
0.0325
0.0325
0.0325
0.0325
0.0325
0.0325
0.0325
0.0325
0.0325
0.0325
0.0325
0.0325
0.0325
0.0325
0.0325
0.0325
0.0325
0.0325
0.0325
0.0325
0.0325
0.0325
0.0325
0.0325
0.0325
0.0325
0.0325
0.0325
0.0325
0.0325
0.0325
0.0325
0.0325
0.0325
0.0325
0.0325
0.0325
0.0325
0.0325
0.0325
0.0325
0.0325
0.0325
0.0325
0.0325
0.0325
0.0325
0.0325
0.0325
0.0325
0.0325
0.0325
0.0325
0.0325
0.0325
0.0325
0.0325
0.0325
0.0325
0.0325
0.0325
0.0325
0.0325
0.0325
0.0325
0.0325
0.0325
0.0325
0.0325
0.0325
0.0325
0.0325
0.0325
0.0325
0.0325
0.0325
0.0325
0.0325
0.0325
0.0325
0.0325
0.0325
0.0325
0.0325
0.0325
0.0325
0.0325
0.0325
0.0325
0.0325
0.0325
0.0325
0.0325
0.0325
0.0325
0.0325
0.0325
0.0325
0.0325
0.0325
0.0325
0.0325
0.0325
0.0325
0.0325
0.0325
0.0325
0.0325
0.0325
0.0325
0.0325
0.0325
0.0325
0.0325
0.0325
0.0325
0.0325
0.0325
0.0325
0.0325
0.0325
0.0325
0.0325
0.0325
0.0325
0.0325
0.0325
0.0325
0.0325
0.0325
0.0325
0.0325
0.0325
0.0325
0.0325
0.0325
0.0325
0.0325
0.0325
0.0325
0.0325
0.0325
0.0325
0.0325
0.0325
0.0325
0.0325
0.0325
0.0325
0.0325
0.0325
0.0325
0.0325
0.0325
0.0325
0.0325
0.0325
0.0325
0.0325
0.0325
0.0325
0.0325
0.0325
0.0325
0.0325
0.0325
0.0325
0.0325
0.0325
0.0325
0.0325
0.0325
0.0325
0.0325
0.0325
0.0325
0.0325
0.0325
0.0325
0.0325
0.0325
0.0325
0.0325
0.0325
0.0325
0.0325
0.0325
0.0325
0.0325
0.0325
0.0325
0.0325
0.0325
0.0325
0.0325
0.0325
0.0325
0.0325
0.0325
0.0325
0.0325
0.0325
0.0325
0.0325
0.0325
0.0325
0.0325
0.0325
0.0325
0.0325
0.0325
0.0325
0.0325
0.0325
0.0325
0.0325
0.0325
0.0325
0.0325
0.0325
0.0325
0.0325
0.0325
0.0325
0.0325
0.0325
0.0325
0.0325
0.0325
0.0325
0.0325
0.0325
0.0325
0.0325
0.0325
0.0325
0.0325
0.0325
0.0325
0.0325
0.0325
0.0325
0.0325
0.0325
0.0325
0.0325
0.0325
0.0325
0.0325
0.0325
0.0325
0.0325
0.0325
0.0325
0.0325
0.0325
0.0325
0.0325
0.0325
0.0325
0.0325
0.0325
0.0325
0.0325
0.0325
0.0325
0.0325
0.0325
0.0325
0.0325
0.0325
0.0325
0.0325
0.0325
0.0325
0.0325
0.0325
0.0325
0.0325
0.0325
0.0325
0.0325
0.0325
0.0325
0.0325
0.0325
0.0325
0.0325
0.0325
0.0325
0.0325
0.0325
0.0325
0.0325
0.0325
0.0325
0.0325
0.0325
0.0325
0.0325
0.0325
0.0325
0.0325
0.0325
0.0325
0.0325
0.0325
0.0325
0.0325
0.0325
0.0325
0.0325
0.0325
0.0325
0.0325
0.0325
0.0325
0.0325
0.0325
0.0325
0.0325
0.0325
0.0325
0.0325
0.0325
0.0325
0.0325
0.0325
0.0325
0.0325
0.0325
0.0325
0.0325
0.0325
0.0325
0.0325
0.0325
0.0325
0.0325
0.0325
0.0325
0.0325
0.0325
0.0325
0.0325
0.0325
0.0325
0.0325
0.0325
0.0325
0.0325
0.0325
0.0325
0.0325
0.0325
0.0325
0.0325
0.0325
0.0325
0.0325
0.0325
0.0325
0.0325
0.0325
0.0325
0.0325
0.0325
0.0325
0.0325
0.0325
0.0325
0.0325
0.0325
0.0325
0.0325
0.0325
0.0325
0.0325
0.0325
0.0325
0.0325
0.0325
0.0325
0.0325
0.0325
0.0325
0.0325
0.0325
0.0325
0.0325
0.0325
0.0325
0.0325
0.0325
0.0325
0.0325
0.0325
0.0325
0.0325
0.0325
0.0325
0.0325
0.0325
0.0325
0.0325
0.0325
0.0325
0.0325
0.0325
0.0325
0.0325
0.0325
0.0325
0.0325
0.0325
0.0325
0.0325
0.0325
0.0325
0.0325
0.0325
0.0325
0.0325
0.0325
0.0325
0.0325
0.0325
0.0325
0.0325
0.0325
0.0325
0.0325
0.0325
0.0325
0.0325
0.0325
0.0325
0.0325
0.0325
0.0325
0.0325
0.0325
0.0325
0.0325
0.0325
0.0325
0.0325
0.0325
0.0325
0.0325
0.0325
0.0325
0.0325
0.0325
0.0325
0.0325
0.0325
0.0325
0.0325
0.0325
0.0325
0.0325
0.0325
0.0325
0.0325
