0.0325
0.29
0.36
0.2825
0.2875
0.305
0.3125
0.275
0.2925
0.32
0.2675
0.26
0.21
0.2325
0.2225
0.22
0.1975
0.2275
0.205
0.1925
0.1975
0.2075
0.175
0.1775
0.1625
0.1875
0.16
0.1825
0.1525
0.1575
0.13
0.13
0.1325
0.13
0.16
0.145
0.15
0.1725
0.125
0.14
0.125
0.1525
0.1425
0.1325
0.17
0.12
0.14
0.1125
0.1475
0.1225
0.125
0.145
0.13
0.1575
0.1375
0.155
0.125
0.1625
0.135
0.1625
0.1525
0.165
0.1825
0.1475
0.16
0.1525
0.1875
0.1575
0.1625
0.21
0.1525
0.1525
0.14
0.12
0.1525
0.1225
0.1225
0.125
0.1475
0.125
0.13
0.1575
0.1375
0.14
0.155
0.155
0.1675
0.1625
0.1675
0.1575
0.1725
0.1575
0.19
0.155
0.175
0.14
0.125
0.1525
0.115
0.12
0.105
0.105
0.1175
0.125
0.1275
0.1425
0.125
0.1175
0.1425
0.13
0.15
0.1475
0.1575
0.1575
0.1825
0.1725
0.205
0.1575
0.1675
0.16
0.16
0.155
0.16
0.1375
0.1475
0.155
0.185
0.1675
0.1675
0.165
0.145
0.1525
0.1475
0.185
0.1675
0.1575
0.1575
0.1575
0.1675
0.1675
0.1825
0.145
0.1775
0.1475
0.155
0.15
0.175
0.1375
0.15
0.14
0.1675
0.1275
0.1625
0.135
0.1175
0.1275
0.1025
0.0825
0.0875
0.0775
0.0625
0.0625
0.07
0.0875
0.0625
0.0575
0.0625
0.065
0.08
0.0725
0.085
0.065
0.0725
0.07
0.09
0.075
0.095
0.1
0.095
0.0725
0.0675
0.0575
0.055
0.06
0.0575
0.07
0.06
0.0725
0.0475
0.055
0.0525
0.0525
0.055
0.06
0.0625
0.0575
0.055
0.05
0.055
0.065
0.065
0.0575
0.0825
0.0575
0.065
0.0725
0.075
0.0575
0.065
0.08
0.0575
0.065
0.055
0.0675
0.045
0.0375
0.0325
0.0325
0.0325
0.0325
0.0325
0.0325
0.0325
0.0325
0.0325
0.0325
0.0325
0.0325
0.0325
0.0325
0.0325
0.0325
0.0325
0.0325
0.0325
0.0325
0.0325
0.0325
0.0325
0.0325
0.0325
0.0325
0.0325
0.0325
0.0325
0.0325
0.0325
0.0325
0.0325
0.0325
0.0325
0.0325
0.0325
0.0325
0.0325
0.0325
0.0325
0.0325
0.0325
0.0325
0.0325
0.0325
0.0325
0.0325
0.0325
0.0325
0.0325
0.0325
0.0325
0.0325
0.0325
0.0325
0.0325
0.0325
0.0325
0.0325
0.0325
0.0325
0.0325
0.0325
0.0325
0.0325
0.0325
0.0325
0.0325
0.0325
0.0325
0.0325
0.0325
0.0325
0.0325
0.0325
0.0325
0.0325
0.0325
0.0325
0.0325
0.0325
0.0325
0.0325
0.0325
0.0325
0.0325
0.0325
0.0325
0.0325
0.0325
0.0325
0.0325
0.0325
0.0325
0.0325
0.0325
0.0325
0.0325
0.0325
0.0325
0.0325
0.0325
0.0325
0.0325
0.0325
0.0325
0.0325
0.0325
0.0325
0.0325
0.0325
0.0325
0.0325
0.0325
0.0325
0.0325
0.0325
0.0325
0.0325
0.0325
0.0325
0.0325
0.0325
0.0325
0.0325
0.0325
0.0325
0.0325
0.0325
0.0325
0.0325
0.0325
0.0325
0.0325
0.0325
0.0325
0.0325
0.0325
0.0325
0.0325
0.0325
0.0325
0.0325
0.0325
0.0325
0.0325
0.0325
0.0325
0.0325
0.0325
0.0325
0.0325
0.0325
0.0325
0.0325
0.0325
0.0325
0.0325
0.0325
0.0325
0.0325
0.0325
0.0325
0.0325
0.0325
0.0325
0.0325
0.0325
0.0325
0.0325
0.0325
0.0325
0.0325
0.0325
0.0325
0.0325
0.0325
0.0325
0.0325
0.0325
0.0325
0.0325
0.0325
0.0325
0.0325
0.0325
0.0325
0.0325
0.0325
0.0325
0.0325
0.0325
0.0325
0.0325
0.0325
0.0325
0.0325
0.0325
0.0325
0.0325
0.0325
0.0325
0.0325
0.0325
0.0325
0.0325
0.0325
0.0325
0.0325
0.0325
0.0325
0.0325
0.0325
0.0325
0.0325
0.0325
0.0325
0.0325
0.0325
0.0325
0.0325
0.0325
0.0325
0.0325
0.0325
0.0325
0.0325
0.0325
0.0325
0.0325
0.0325
0.0325
0.0325
0.0325
0.0325
0.0325
0.0325
0.0325
0.0325
0.0325
0.0325
0.0325
0.0325
0.0325
0.0325
0.0325
0.0325
0.0325
0.0325
0.0325
0.0325
0.0325
0.0325
0.0325
0.0325
0.0325
0.0325
0.0325
0.0325
0.0325
0.0325
0.0325
0.0325
0.0325
0.0325
0.0325
0.0325
0.0325
0.0325
0.0325
0.0325
0.0325
0.0325
0.0325
0.0325
0.0325
0.0325
0.0325
0.0325
0.0325
0.0325
0.0325
0.0325
0.0325
0.0325
0.0325
0.0325
0.0325
0.0325
0.0325
0.0325
0.0325
0.0325
0.0325
0.0325
0.0325
0.0325
0.0325
0.0325
0.0325
0.0325
0.0325
0.0325
0.0325
0.0325
0.0325
0.0325
0.0325
0.0325
0.0325
0.0325
0.0325
0.0325
0.0325
0.0325
0.0325
0.0325
0.0325
0.0325
0.0325
0.0325
0.0325
0.0325
0.0325
0.0325
0.0325
0.0325
0.0325
0.0325
0.0325
0.0325
0.0325
0.0325
0.0325
0.0325
0.0325
0.0325
0.0325
0.0325
0.0325
0.0325
0.0325
0.0325
0.0325
0.0325
0.0325
0.0325
0.0325
0.0325
0.0325
0.0325
0.0325
0.0325
0.0325
0.0325
0.0325
0.0325
0.0325
0.0325
0.0325
0.0325
0.0325
0.0325
0.0325
0.0325
0.0325
0.0325
0.0325
0.0325
0.0325
0.0325
0.0325
0.0325
0.0325
0.0325
0.0325
0.0325
0.0325
0.0325
0.0325
0.0325
0.0325
0.0325
0.0325
0.0325
0.0325
0.0325
0.0325
0.0325
0.0325
0.0325
0.0325
0.0325
0.0325
0.0325
0.0325
0.0325
0.0325
0.0325
0.0325
0.0325
0.0325
0.0325
0.0325
0.0325
0.0325
0.0325
0.0325
0.0325
0.0325
0.0325
0.0325
0.0325
0.0325
0.0325
0.0325
0.0325
0.0325
0.0325
0.0325
0.0325
0.0325
0.0325
0.0325
0.0325
0.0325
0.0325
0.0325
0.0325
0.0325
0.0325
0.0325
0.0325
0.0325
0.0325
0.0325
0.0325
0.0325
0.0325
0.0325
0.0325
0.0325
0.0325
0.0325
0.0325
0.0325
0.0325
0.0325
0.0325
0.0325
0.0325
0.0325
0.0325
0.0325
0.0325
0.0325
0.0325
0.0325
0.0325
0.0325
0.0325
0.0325
0.0325
0.0325
0.0325
0.0325
0.0325
0.0325
0.0325
0.0325
0.0325
0.0325
0.0325
0.0325
0.0325
0.0325
0.0325
0.0325
0.0325
0.0325
0.0325
0.0325
0.0325
0.0325
0.0325
0.0325
0.0325
0.0325
0.0325
0.0325
0.0325
0.0325
0.0325
0.0325
0.0325
0.0325
0.0325
0.0325
0.0325
0.0325
0.0325
0.0325
0.0325
0.0325
0.0325
0.0325
0.0325
0.0325
0.0325
0.0325
0.0325
0.0325
0.0325
0.0325
0.0325
0.0325
0.0325
0.0325
0.0325
0.0325
0.0325
0.0325
0.0325
0.0325
0.0325
0.0325
0.0325
0.0325
0.0325
0.0325
0.0325
0.0325
0.0325
0.0325
0.0325
0.0325
0.0325
0.0325
0.0325
0.0325
0.0325
0.0325
0.0325
0.0325
0.0325
0.0325
0.0325
0.0325
0.0325
0.0325
0.0325
0.0325
0.0325
0.0325
0.0325
0.0325
0.0325
0.0325
0.0325
0.0325
0.0325
0.0325
0.0325
0.0325
0.0325
0.0325
0.0325
0.0325
0.0325
0.0325
0.0325
0.0325
0.0325
0.0325
0.0325
0.0325
0.0325
0.0325
0.0325
0.0325
0.0325
0.0325
0.0325
0.0325
0.0325
0.0325
0.0325
0.0325
0.0325
0.0325
0.0325
0.0325
0.0325
0.0325
0.0325
0.0325
0.0325
0.0325
0.0325
0.0325
0.0325
0.0325
0.0325
0.0325
0.0325
0.0325
0.0325
0.0325
0.0325
0.0325
0.0325
0.0325
0.0325
0.0325
0.0325
0.0325
0.0325
0.0325
0.0325
0.0325
0.0325
0.0325
0.0325
0.0325
0.0325
0.0325
0.0325
0.0325
0.0325
0.0325
0.0325
0.0325
0.0325
0.0325
0.0325
0.0325
0.0325
0.0325
0.0325
0.0325
0.0325
0.0325
0.0325
0.0325
0.0325
0.0325
0.0325
0.0325
0.0325
0.0325
0.0325
0.0325
0.0325
0.0325
0.0325
0.0325
0.0325
0.0325
0.0325
0.0325
0.0325
0.0325
0.0325
0.0325
0.0325
0.0325
0.0325
0.0325
0.0325
0.0325
0.0325
0.0325
0.0325
0.0325
0.0325
0.0325
0.0325
0.0325
0.0325
0.0325
0.0325
0.0325
0.0325
0.0325
0.0325
0.0325
0.0325
0.0325
0.0325
0.0325
0.0325
0.0325
0.0325
0.0325
0.0325
0.0325
0.0325
0.0325
0.0325
0.0325
0.0325
0.0325
0.0325
0.0325
0.0325
0.0325
0.0325
0.0325
0.0325
0.0325
0.0325
0.0325
0.0325
0.0325
0.0325
0.0325
0.0325
0.0325
0.0325
0.0325
0.0325
0.0325
0.0325
0.0325
0.0325
0.0325
0.0325
0.0325
0.0325
0.0325
0.0325
0.0325
0.0325
0.0325
0.0325
0.0325
0.0325
0.0325
0.0325
0.0325
0.0325
0.0325
0.0325
0.0325
0.0325
0.0325
0.0325
0.0325
0.0325
0.0325
0.0325
0.0325
0.0325
0.0325
0.0325
0.0325
0.0325
0.0325
0.0325
0.0325
0.0325
0.0325
0.0325
0.0325
0.0325
0.0325
0.0325
0.0325
0.0325
0.0325
0.0325
0.0325
0.0325
0.0325
0.0325
0.0325
0.0325
0.0325
0.0325
0.0325
0.0325
0.0325
0.0325
0.0325
