0.06
0.3125
0.35
0.31
0.315
0.3125
0.27
0.2575
0.2225
0.1775
0.2
0.22
0.18
0.1675
0.1825
0.1725
0.1525
0.145
0.1425
0.1375
0.13
0.1025
0.1275
0.11
0.12
0.1175
0.13
0.1375
0.12
0.12
0.11
0.125
0.1275
0.1175
0.11
0.095
0.0875
0.0925
0.095
0.1
0.1175
0.115
0.0975
0.1075
0.1175
0.1275
0.1175
0.1075
0.1275
0.1175
0.1
0.105
0.1
0.105
0.0975
0.1075
0.1
0.095
0.0925
0.1025
0.0975
0.085
0.1175
0.08
0.0825
0.0775
0.1
0.0875
0.1175
0.0925
0.1125
0.115
0.13
0.09
0.105
0.1125
0.1275
0.145
0.125
0.11
0.1225
0.0975
0.115
0.085
0.0925
0.0725
0.075
0.0775
0.07
0.065
0.075
0.0725
0.0875
0.0975
0.095
0.125
0.105
0.145
0.12
0.15
0.145
0.155
0.165
0.1675
0.1825
0.125
0.13
0.135
0.14
0.1475
0.155
0.155
0.1475
0.1625
0.195
0.1475
0.1375
0.12
0.13
0.1025
0.105
0.1075
0.1175
0.115
0.1525
0.135
0.1525
0.1625
0.1625
0.1575
0.1575
0.1675
0.175
0.195
0.1525
0.17
0.1425
0.1625
0.165
0.1225
0.1325
0.1575
0.1525
0.1825
0.145
0.14
0.1375
0.16
0.1375
0.1475
0.1375
0.1175
0.11
0.12
0.105
0.1025
0.11
0.1175
0.105
0.1025
0.1025
0.1
0.1175
0.115
0.11
0.105
0.14
0.1225
0.175
0.1225
0.14
0.1325
0.1425
0.1875
0.145
0.1275
0.125
0.1325
0.1375
0.135
0.1175
0.11
0.1
0.1125
0.1125
0.1075
0.1225
0.1175
0.14
0.135
0.175
0.135
0.17
0.1725
0.215
0.2025
0.245
0.1925
0.1675
0.1275
0.1225
0.1375
0.16
0.1525
0.1725
0.1425
0.14
0.17
0.1325
0.1575
0.145
0.115
0.1325
0.11
0.105
0.1125
0.12
0.155
0.0775
0.0875
0.065
0.0675
0.065
0.07
0.0675
0.08
0.075
0.115
0.0775
0.0825
0.07
0.0725
0.0925
0.085
0.08
0.085
0.09
0.115
0.09
0.1075
0.095
0.12
0.1025
0.1425
0.13
0.1475
0.1
0.115
0.1175
0.125
0.1425
0.1375
0.1575
0.1575
0.1525
0.18
0.165
0.1575
0.1375
0.1675
0.1325
0.1225
0.1125
0.1075
0.115
0.14
0.1075
0.1275
0.115
0.1425
0.1075
0.11
0.1325
0.1275
0.16
0.145
0.175
0.1525
0.155
0.155
0.1575
0.14
0.135
0.16
0.155
0.1675
0.14
0.1425
0.135
0.1075
0.1275
0.1
0.095
0.1025
0.1225
0.1075
0.135
0.1125
0.115
0.1075
0.1
0.11
0.1275
0.1125
0.1225
0.1375
0.1375
0.1125
0.1225
0.115
0.13
0.1425
0.1675
0.1575
0.125
0.12
0.1025
0.1
0.09
0.095
0.095
0.105
0.095
0.0975
0.105
0.0975
0.0975
0.105
0.11
0.115
0.11
0.1175
0.1075
0.1125
0.115
0.1425
0.125
0.1025
0.0975
0.095
0.095
0.1
0.11
0.125
0.125
0.13
0.1225
0.1375
0.13
0.1725
0.155
0.1675
0.135
0.1525
0.16
0.1375
0.115
0.1
0.1125
0.1175
0.12
0.1325
0.115
0.1375
0.14
0.1325
0.125
0.1375
0.135
0.1325
0.1225
0.1325
0.14
0.1575
0.1425
0.1575
0.1575
0.15
0.1175
0.1225
0.1325
0.105
0.12
0.075
0.095
0.0675
0.06
0.0625
0.08
0.055
0.0625
0.0575
0.07
0.0575
0.065
0.06
0.0525
0.0675
0.0525
0.045
0.05
0.055
0.0525
0.06
0.0575
0.0825
0.06
0.0675
0.0625
0.05
0.0375
0.0325
0.03
0.0275
0.025
0.02
0.02
0.02
0.02
0.02
0.02
0.02
0.02
0.02
0.02
0.02
0.02
0.02
0.02
0.02
0.02
0.02
0.02
0.02
0.02
0.02
0.02
0.02
0.02
0.02
0.02
0.02
0.02
0.02
0.02
0.02
0.02
0.02
0.02
0.02
0.02
0.02
0.02
0.02
0.02
0.02
0.02
0.02
0.02
0.02
0.02
0.02
0.02
0.02
0.02
0.02
0.02
0.02
0.02
0.02
0.02
0.02
0.02
0.02
0.02
0.02
0.02
0.02
0.02
0.02
0.02
0.02
0.02
0.02
0.02
0.02
0.02
0.02
0.02
0.02
0.02
0.02
0.02
0.02
0.02
0.02
0.02
0.02
0.02
0.02
0.02
0.02
0.02
0.02
0.02
0.02
0.02
0.02
0.02
0.02
0.02
0.02
0.02
0.02
0.02
0.02
0.02
0.02
0.02
0.02
0.02
0.02
0.02
0.02
0.02
0.02
0.02
0.02
0.02
0.02
0.02
0.02
0.02
0.02
0.02
0.02
0.02
0.02
0.02
0.02
0.02
0.02
0.02
0.02
0.02
0.02
0.02
0.02
0.02
0.02
0.02
0.02
0.02
0.02
0.02
0.02
0.02
0.02
0.02
0.02
0.02
0.02
0.02
0.02
0.02
0.02
0.02
0.02
0.02
0.02
0.02
0.02
0.02
0.02
0.02
0.02
0.02
0.02
0.02
0.02
0.02
0.02
0.02
0.02
0.02
0.02
0.02
0.02
0.02
0.02
0.02
0.02
0.02
0.02
0.02
0.02
0.02
0.02
0.02
0.02
0.02
0.02
0.02
0.02
0.02
0.02
0.02
0.02
0.02
0.02
0.02
0.02
0.02
0.02
0.02
0.02
0.02
0.02
0.02
0.02
0.02
0.02
0.02
0.02
0.02
0.02
0.02
0.02
0.02
0.02
0.02
0.02
0.02
0.02
0.02
0.02
0.02
0.02
0.02
0.02
0.02
0.02
0.02
0.02
0.02
0.02
0.02
0.02
0.02
0.02
0.02
0.02
0.02
0.02
0.02
0.02
0.02
0.02
0.02
0.02
0.02
0.02
0.02
0.02
0.02
0.02
0.02
0.02
0.02
0.02
0.02
0.02
0.02
0.02
0.02
0.02
0.02
0.02
0.02
0.02
0.02
0.02
0.02
0.02
0.02
0.02
0.02
0.02
0.02
0.02
0.02
0.02
0.02
0.02
0.02
0.02
0.02
0.02
0.02
0.02
0.02
0.02
0.02
0.02
0.02
0.02
0.02
0.02
0.02
0.02
0.02
0.02
0.02
0.02
0.02
0.02
0.02
0.02
0.02
0.02
0.02
0.02
0.02
0.02
0.02
0.02
0.02
0.02
0.02
0.02
0.02
0.02
0.02
0.02
0.02
0.02
0.02
0.02
0.02
0.02
0.02
0.02
0.02
0.02
0.02
0.02
0.02
0.02
0.02
0.02
0.02
0.02
0.02
0.02
0.02
0.02
0.02
0.02
0.02
0.02
0.02
0.02
0.02
0.02
0.02
0.02
0.02
0.02
0.02
0.02
0.02
0.02
0.02
0.02
0.02
0.02
0.02
0.02
0.02
0.02
0.02
0.02
0.02
0.02
0.02
0.02
0.02
0.02
0.02
0.02
0.02
0.02
0.02
0.02
0.02
0.02
0.02
0.02
0.02
0.02
0.02
0.02
0.02
0.02
0.02
0.02
0.02
0.02
0.02
0.02
0.02
0.02
0.02
0.02
0.02
0.02
0.02
0.02
0.02
0.02
0.02
0.02
0.02
0.02
0.02
0.02
0.02
0.02
0.02
0.02
0.02
0.02
0.02
0.02
0.02
0.02
0.02
0.02
0.02
0.02
0.02
0.02
0.02
0.02
0.02
0.02
0.02
0.02
0.02
0.02
0.02
0.02
0.02
0.02
0.02
0.02
0.02
0.02
0.02
0.02
0.02
0.02
0.02
0.02
0.02
0.02
0.02
0.02
0.02
0.02
0.02
0.02
0.02
0.02
0.02
0.02
0.02
0.02
0.02
0.02
0.02
0.02
0.02
0.02
0.02
0.02
0.02
0.02
0.02
0.02
0.02
0.02
0.02
0.02
0.02
0.02
0.02
0.02
0.02
0.02
0.02
0.02
0.02
0.02
0.02
0.02
0.02
0.02
0.02
0.02
0.02
0.02
0.02
0.02
0.02
0.02
0.02
0.02
0.02
0.02
0.02
0.02
0.02
0.02
0.02
0.02
0.02
0.02
0.02
0.02
0.02
0.02
0.02
0.02
0.02
0.02
0.02
0.02
0.02
0.02
0.02
0.02
0.02
0.02
0.02
0.02
0.02
0.02
0.02
0.02
0.02
0.02
0.02
0.02
0.02
0.02
0.02
0.02
0.02
0.02
0.02
0.02
0.02
0.02
0.02
0.02
0.02
0.02
0.02
0.02
0.02
0.02
0.02
0.02
0.02
0.02
0.02
0.02
0.02
0.02
0.02
0.02
0.02
0.02
0.02
0.02
0.02
0.02
0.02
0.02
0.02
0.02
0.02
0.02
0.02
0.02
0.02
0.02
0.02
0.02
0.02
