0.02
0.3575
0.3325
0.3125
0.3375
0.3025
0.3425
0.2725
0.2575
0.255
0.24
0.2025
0.185
0.175
0.175
0.1625
0.1825
0.1775
0.17
0.1675
0.2025
0.185
0.2175
0.2075
0.205
0.215
0.1875
0.2
0.1925
0.1975
0.195
0.165
0.1925
0.16
0.1825
0.1525
0.155
0.15
0.1575
0.1475
0.13
0.145
0.135
0.15
0.155
0.1175
0.1275
0.11
0.1175
0.125
0.135
0.15
0.125
0.1325
0.14
0.1275
0.1625
0.13
0.1325
0.13
0.13
0.13
0.145
0.14
0.12
0.1175
0.12
0.1275
0.1425
0.16
0.12
0.14
0.135
0.1275
0.1075
0.13
0.1025
0.105
0.1175
0.1275
0.155
0.1175
0.125
0.1225
0.1275
0.1275
0.155
0.135
0.15
0.1525
0.145
0.135
0.12
0.1325
0.1275
0.1025
0.1
0.11
0.115
0.1125
0.105
0.095
0.065
0.07
0.065
0.04
0.045
0.0525
0.075
0.0525
0.05
0.055
0.05
0.0675
0.055
0.0675
0.0525
0.04
0.0475
0.0475
0.0525
0.06
0.08
0.08
0.0975
0.1175
0.1275
0.1175
0.0925
0.0925
0.0825
0.08
0.065
0.0725
0.0775
0.09
0.085
0.0825
0.09
0.0875
0.1225
0.0975
0.105
0.1025
0.1125
0.0925
0.105
0.11
0.1175
0.0875
0.095
0.1
0.12
0.125
0.1225
0.1025
0.125
0.0875
0.0975
0.11
0.11
0.13
0.1
0.1175
0.1275
0.14
0.16
0.13
0.15
0.1275
0.1325
0.15
0.0925
0.115
0.09
0.0725
0.0575
0.055
0.0525
0.0575
0.045
0.0425
0.03
0.0225
0.0125
0.0125
0.0125
0.0125
0.0125
0.0125
0.0125
0.0125
0.0125
0.0125
0.0125
0.0125
0.0125
0.0125
0.0125
0.0125
0.0125
0.0125
0.0125
0.0125
0.0125
0.0125
0.0125
0.0125
0.0125
0.0125
0.0125
0.0125
0.0125
0.0125
0.0125
0.0125
0.0125
0.0125
0.0125
0.0125
0.0125
0.0125
0.0125
0.0125
0.0125
0.0125
0.0125
0.0125
0.0125
0.0125
0.0125
0.0125
0.0125
0.0125
0.0125
0.0125
0.0125
0.0125
0.0125
0.0125
0.0125
0.0125
0.0125
0.0125
0.0125
0.0125
0.0125
0.0125
0.0125
0.0125
0.0125
0.0125
0.0125
0.0125
0.0125
0.0125
0.0125
0.0125
0.0125
0.0125
0.0125
0.0125
0.0125
0.0125
0.0125
0.0125
0.0125
0.0125
0.0125
0.0125
0.0125
0.0125
0.0125
0.0125
0.0125
0.0125
0.0125
0.0125
0.0125
0.0125
0.0125
0.0125
0.0125
0.0125
0.0125
0.0125
0.0125
0.0125
0.0125
0.0125
0.0125
0.0125
0.0125
0.0125
0.0125
0.0125
0.0125
0.0125
0.0125
0.0125
0.0125
0.0125
0.0125
0.0125
0.0125
0.0125
0.0125
0.0125
0.0125
0.0125
0.0125
0.0125
0.0125
0.0125
0.0125
0.0125
0.0125
0.0125
0.0125
0.0125
0.0125
0.0125
0.0125
0.0125
0.0125
0.0125
0.0125
0.0125
0.0125
0.0125
0.0125
0.0125
0.0125
0.0125
0.0125
0.0125
0.0125
0.0125
0.0125
0.0125
0.0125
0.0125
0.0125
0.0125
0.0125
0.0125
0.0125
0.0125
0.0125
0.0125
0.0125
0.0125
0.0125
0.0125
0.0125
0.0125
0.0125
0.0125
0.0125
0.0125
0.0125
0.0125
0.0125
0.0125
0.0125
0.0125
0.0125
0.0125
0.0125
0.0125
0.0125
0.0125
0.0125
0.0125
0.0125
0.0125
0.0125
0.0125
0.0125
0.0125
0.0125
0.0125
0.0125
0.0125
0.0125
0.0125
0.0125
0.0125
0.0125
0.0125
0.0125
0.0125
0.0125
0.0125
0.0125
0.0125
0.0125
0.0125
0.0125
0.0125
0.0125
0.0125
0.0125
0.0125
0.0125
0.0125
0.0125
0.0125
0.0125
0.0125
0.0125
0.0125
0.0125
0.0125
0.0125
0.0125
0.0125
0.0125
0.0125
0.0125
0.0125
0.0125
0.0125
0.0125
0.0125
0.0125
0.0125
0.0125
0.0125
0.0125
0.0125
0.0125
0.0125
0.0125
0.0125
0.0125
0.0125
0.0125
0.0125
0.0125
0.0125
0.0125
0.0125
0.0125
0.0125
0.0125
0.0125
0.0125
0.0125
0.0125
0.0125
0.0125
0.0125
0.0125
0.0125
0.0125
0.0125
0.0125
0.0125
0.0125
0.0125
0.0125
0.0125
0.0125
0.0125
0.0125
0.0125
0.0125
0.0125
0.0125
0.0125
0.0125
0.0125
0.0125
0.0125
0.0125
0.0125
0.0125
0.0125
0.0125
0.0125
0.0125
0.0125
0.0125
0.0125
0.0125
0.0125
0.0125
0.0125
0.0125
0.0125
0.0125
0.0125
0.0125
0.0125
0.0125
0.0125
0.0125
0.0125
0.0125
0.0125
0.0125
0.0125
0.0125
0.0125
0.0125
0.0125
0.0125
0.0125
0.0125
0.0125
0.0125
0.0125
0.0125
0.0125
0.0125
0.0125
0.0125
0.0125
0.0125
0.0125
0.0125
0.0125
0.0125
0.0125
0.0125
0.0125
0.0125
0.0125
0.0125
0.0125
0.0125
0.0125
0.0125
0.0125
0.0125
0.0125
0.0125
0.0125
0.0125
0.0125
0.0125
0.0125
0.0125
0.0125
0.0125
0.0125
0.0125
0.0125
0.0125
0.0125
0.0125
0.0125
0.0125
0.0125
0.0125
0.0125
0.0125
0.0125
0.0125
0.0125
0.0125
0.0125
0.0125
0.0125
0.0125
0.0125
0.0125
0.0125
0.0125
0.0125
0.0125
0.0125
0.0125
0.0125
0.0125
0.0125
0.0125
0.0125
0.0125
0.0125
0.0125
0.0125
0.0125
0.0125
0.0125
0.0125
0.0125
0.0125
0.0125
0.0125
0.0125
0.0125
0.0125
0.0125
0.0125
0.0125
0.0125
0.0125
0.0125
0.0125
0.0125
0.0125
0.0125
0.0125
0.0125
0.0125
0.0125
0.0125
0.0125
0.0125
0.0125
0.0125
0.0125
0.0125
0.0125
0.0125
0.0125
0.0125
0.0125
0.0125
0.0125
0.0125
0.0125
0.0125
0.0125
0.0125
0.0125
0.0125
0.0125
0.0125
0.0125
0.0125
0.0125
0.0125
0.0125
0.0125
0.0125
0.0125
0.0125
0.0125
0.0125
0.0125
0.0125
0.0125
0.0125
0.0125
0.0125
0.0125
0.0125
0.0125
0.0125
0.0125
0.0125
0.0125
0.0125
0.0125
0.0125
0.0125
0.0125
0.0125
0.0125
0.0125
0.0125
0.0125
0.0125
0.0125
0.0125
0.0125
0.0125
0.0125
0.0125
0.0125
0.0125
0.0125
0.0125
0.0125
0.0125
0.0125
0.0125
0.0125
0.0125
0.0125
0.0125
0.0125
0.0125
0.0125
0.0125
0.0125
0.0125
0.0125
0.0125
0.0125
0.0125
0.0125
0.0125
0.0125
0.0125
0.0125
0.0125
0.0125
0.0125
0.0125
0.0125
0.0125
0.0125
0.0125
0.0125
0.0125
0.0125
0.0125
0.0125
0.0125
0.0125
0.0125
0.0125
0.0125
0.0125
0.0125
0.0125
0.0125
0.0125
0.0125
0.0125
0.0125
0.0125
0.0125
0.0125
0.0125
0.0125
0.0125
0.0125
0.0125
0.0125
0.0125
0.0125
0.0125
0.0125
0.0125
0.0125
0.0125
0.0125
0.0125
0.0125
0.0125
0.0125
0.0125
0.0125
0.0125
0.0125
0.0125
0.0125
0.0125
0.0125
0.0125
0.0125
0.0125
0.0125
0.0125
0.0125
0.0125
0.0125
0.0125
0.0125
0.0125
0.0125
0.0125
0.0125
0.0125
0.0125
0.0125
0.0125
0.0125
0.0125
0.0125
0.0125
0.0125
0.0125
0.0125
0.0125
0.0125
0.0125
0.0125
0.0125
0.0125
0.0125
0.0125
0.0125
0.0125
0.0125
0.0125
0.0125
0.0125
0.0125
0.0125
0.0125
0.0125
0.0125
0.0125
0.0125
0.0125
0.0125
0.0125
0.0125
0.0125
0.0125
0.0125
0.0125
0.0125
0.0125
0.0125
0.0125
0.0125
0.0125
0.0125
0.0125
0.0125
0.0125
0.0125
0.0125
0.0125
0.0125
0.0125
0.0125
0.0125
0.0125
0.0125
0.0125
0.0125
0.0125
0.0125
0.0125
0.0125
0.0125
0.0125
0.0125
0.0125
0.0125
0.0125
0.0125
0.0125
0.0125
0.0125
0.0125
0.0125
0.0125
0.0125
0.0125
0.0125
0.0125
0.0125
0.0125
0.0125
0.0125
0.0125
0.0125
0.0125
0.0125
0.0125
0.0125
0.0125
0.0125
0.0125
0.0125
0.0125
0.0125
0.0125
0.0125
0.0125
0.0125
0.0125
0.0125
0.0125
0.0125
0.0125
0.0125
0.0125
0.0125
0.0125
0.0125
0.0125
0.0125
0.0125
0.0125
0.0125
0.0125
0.0125
0.0125
0.0125
0.0125
0.0125
0.0125
0.0125
0.0125
0.0125
0.0125
0.0125
0.0125
0.0125
0.0125
0.0125
0.0125
0.0125
0.0125
0.0125
0.0125
0.0125
0.0125
0.0125
0.0125
0.0125
0.0125
0.0125
0.0125
0.0125
0.0125
0.0125
0.0125
0.0125
0.0125
0.0125
0.0125
0.0125
0.0125
0.0125
0.0125
0.0125
0.0125
0.0125
0.0125
0.0125
0.0125
0.0125
0.0125
0.0125
0.0125
0.0125
0.0125
0.0125
0.0125
0.0125
0.0125
0.0125
0.0125
0.0125
0.0125
0.0125
0.0125
0.0125
0.0125
0.0125
0.0125
0.0125
0.0125
0.0125
0.0125
0.0125
0.0125
0.0125
0.0125
0.0125
0.0125
0.0125
0.0125
0.0125
0.0125
0.0125
0.0125
0.0125
0.0125
0.0125
0.0125
0.0125
0.0125
0.0125
0.0125
0.0125
0.0125
0.0125
0.0125
0.0125
0.0125
0.0125
0.0125
0.0125
0.0125
0.0125
0.0125
0.0125
0.0125
0.0125
0.0125
0.0125
0.0125
0.0125
0.0125
0.0125
0.0125
0.0125
0.0125
0.0125
