0.04
0.305
0.385
0.3075
0.2675
0.3075
0.3225
0.3375
0.39
0.3425
0.3
0.2975
0.3075
0.21
0.21
0.225
0.2225
0.245
0.21
0.2175
0.2425
0.2225
0.2075
0.19
0.1475
0.185
0.155
0.1575
0.155
0.1625
0.12
0.1375
0.1425
0.1875
0.1775
0.2475
0.21
0.29
0.2125
0.2275
0.21
0.2
0.205
0.1975
0.155
0.19
0.175
0.2025
0.15
0.1525
0.1475
0.17
0.1475
0.1375
0.1225
0.15
0.145
0.1275
0.11
0.1075
0.0975
0.1075
0.09
0.1075
0.09
0.0875
0.095
0.1025
0.105
0.095
0.125
0.0975
0.09
0.085
0.08
0.075
0.085
0.0775
0.0975
0.0925
0.0975
0.1
0.11
0.12
0.1275
0.155
0.1075
0.1225
0.115
0.13
0.1325
0.1475
0.1525
0.185
0.19
0.2175
0.2025
0.2525
0.1875
0.265
0.21
0.285
0.2525
0.2325
0.1875
0.1825
0.2075
0.2025
0.2025
0.1975
0.2
0.195
0.2225
0.195
0.22
0.18
0.1625
0.1825
0.1625
0.18
0.185
0.175
0.195
0.1875
0.185
0.165
0.1675
0.165
0.1725
0.1775
0.195
0.205
0.1925
0.2025
0.1625
0.145
0.1375
0.1275
0.1425
0.115
0.1175
0.1025
0.1175
0.105
0.0875
0.055
0.06
0.055
0.0675
0.05
0.055
0.0575
0.0625
0.0575
0.065
0.0725
0.0775
0.09
0.0525
0.0475
0.0375
0.0475
0.045
0.04
0.0475
0.0475
0.06
0.06
0.075
0.065
0.0675
0.0775
0.09
0.0875
0.1
0.095
0.0975
0.0975
0.12
0.12
0.0975
0.1075
0.0925
0.085
0.0875
0.085
0.085
0.0925
0.09
0.09
0.0975
0.0825
0.0875
0.0925
0.1
0.105
0.095
0.09
0.08
0.0725
0.0725
0.09
0.0825
0.0975
0.0875
0.1025
0.085
0.09
0.0925
0.1
0.0975
0.1125
0.115
0.1225
0.1325
0.095
0.1175
0.1075
0.1225
0.105
0.125
0.115
0.1425
0.1
0.1275
0.105
0.095
0.095
0.0925
0.1075
0.0975
0.1375
0.08
0.085
0.0775
0.08
0.085
0.0775
0.0625
0.0525
0.0525
0.0525
0.045
0.045
0.05
0.05
0.06
0.06
0.0825
0.0625
0.0775
0.075
0.0925
0.0925
0.1075
0.1
0.1125
0.105
0.1425
0.1125
0.115
0.15
0.12
0.1475
0.1475
0.155
0.16
0.18
0.16
0.175
0.1775
0.135
0.135
0.0875
0.09
0.0925
0.0825
0.085
0.0725
0.075
0.0825
0.0825
0.095
0.1075
0.12
0.1275
0.1075
0.1275
0.12
0.155
0.1275
0.1375
0.135
0.1275
0.14
0.1325
0.1525
0.1575
0.12
0.1325
0.135
0.1425
0.1525
0.19
0.1875
0.1925
0.205
0.23
0.225
0.25
0.2275
0.185
0.18
0.195
0.2075
0.2225
0.2125
0.2375
0.1975
0.26
0.2075
0.2175
0.2325
0.245
0.2325
0.2675
0.2225
0.2425
0.2125
0.2175
0.2275
0.235
0.215
0.205
0.19
0.1875
0.19
0.1975
0.1575
0.2
0.1575
0.1425
0.15
0.1825
0.15
0.18
0.1225
0.115
0.1275
0.1575
0.1525
0.1825
0.2
0.2
0.19
0.1425
0.155
0.1325
0.1325
0.11
0.1025
0.1075
0.1
0.105
0.105
0.1
0.105
0.095
0.115
0.0975
0.1175
0.095
0.1325
0.0875
0.08
0.09
0.0925
0.095
0.085
0.1075
0.1
0.1075
0.12
0.1475
0.1275
0.125
0.15
0.15
0.16
0.1625
0.16
0.1125
0.135
0.0975
0.1075
0.0775
0.0725
0.06
0.0575
0.055
0.065
0.06
0.0675
0.0675
0.05
0.0425
0.0525
0.05
0.06
0.06
0.08
0.06
0.06
0.0625
0.0625
0.0675
0.06
0.06
0.0575
0.055
0.0575
0.055
0.05
0.0475
0.0425
0.0425
0.0425
0.0425
0.0425
0.0425
0.0425
0.0425
0.0425
0.0425
0.0425
0.0425
0.0425
0.0425
0.0425
0.0425
0.0425
0.0425
0.0425
0.0425
0.0425
0.0425
0.0425
0.0425
0.0425
0.0425
0.0425
0.0425
0.0425
0.0425
0.0425
0.0425
0.0425
0.0425
0.0425
0.0425
0.0425
0.0425
0.0425
0.0425
0.0425
0.0425
0.0425
0.0425
0.0425
0.0425
0.0425
0.0425
0.0425
0.0425
0.0425
0.0425
0.0425
0.0425
0.0425
0.0425
0.0425
0.0425
0.0425
0.0425
0.0425
0.0425
0.0425
0.0425
0.0425
0.0425
0.0425
0.0425
0.0425
0.0425
0.0425
0.0425
0.0425
0.0425
0.0425
0.0425
0.0425
0.0425
0.0425
0.0425
0.0425
0.0425
0.0425
0.0425
0.0425
0.0425
0.0425
0.0425
0.0425
0.0425
0.0425
0.0425
0.0425
0.0425
0.0425
0.0425
0.0425
0.0425
0.0425
0.0425
0.0425
0.0425
0.0425
0.0425
0.0425
0.0425
0.0425
0.0425
0.0425
0.0425
0.0425
0.0425
0.0425
0.0425
0.0425
0.0425
0.0425
0.0425
0.0425
0.0425
0.0425
0.0425
0.0425
0.0425
0.0425
0.0425
0.0425
0.0425
0.0425
0.0425
0.0425
0.0425
0.0425
0.0425
0.0425
0.0425
0.0425
0.0425
0.0425
0.0425
0.0425
0.0425
0.0425
0.0425
0.0425
0.0425
0.0425
0.0425
0.0425
0.0425
0.0425
0.0425
0.0425
0.0425
0.0425
0.0425
0.0425
0.0425
0.0425
0.0425
0.0425
0.0425
0.0425
0.0425
0.0425
0.0425
0.0425
0.0425
0.0425
0.0425
0.0425
0.0425
0.0425
0.0425
0.0425
0.0425
0.0425
0.0425
0.0425
0.0425
0.0425
0.0425
0.0425
0.0425
0.0425
0.0425
0.0425
0.0425
0.0425
0.0425
0.0425
0.0425
0.0425
0.0425
0.0425
0.0425
0.0425
0.0425
0.0425
0.0425
0.0425
0.0425
0.0425
0.0425
0.0425
0.0425
0.0425
0.0425
0.0425
0.0425
0.0425
0.0425
0.0425
0.0425
0.0425
0.0425
0.0425
0.0425
0.0425
0.0425
0.0425
0.0425
0.0425
0.0425
0.0425
0.0425
0.0425
0.0425
0.0425
0.0425
0.0425
0.0425
0.0425
0.0425
0.0425
0.0425
0.0425
0.0425
0.0425
0.0425
0.0425
0.0425
0.0425
0.0425
0.0425
0.0425
0.0425
0.0425
0.0425
0.0425
0.0425
0.0425
0.0425
0.0425
0.0425
0.0425
0.0425
0.0425
0.0425
0.0425
0.0425
0.0425
0.0425
0.0425
0.0425
0.0425
0.0425
0.0425
0.0425
0.0425
0.0425
0.0425
0.0425
0.0425
0.0425
0.0425
0.0425
0.0425
0.0425
0.0425
0.0425
0.0425
0.0425
0.0425
0.0425
0.0425
0.0425
0.0425
0.0425
0.0425
0.0425
0.0425
0.0425
0.0425
0.0425
0.0425
0.0425
0.0425
0.0425
0.0425
0.0425
0.0425
0.0425
0.0425
0.0425
0.0425
0.0425
0.0425
0.0425
0.0425
0.0425
0.0425
0.0425
0.0425
0.0425
0.0425
0.0425
0.0425
0.0425
0.0425
0.0425
0.0425
0.0425
0.0425
0.0425
0.0425
0.0425
0.0425
0.0425
0.0425
0.0425
0.0425
0.0425
0.0425
0.0425
0.0425
0.0425
0.0425
0.0425
0.0425
0.0425
0.0425
0.0425
0.0425
0.0425
0.0425
0.0425
0.0425
0.0425
0.0425
0.0425
0.0425
0.0425
0.0425
0.0425
0.0425
0.0425
0.0425
0.0425
0.0425
0.0425
0.0425
0.0425
0.0425
0.0425
0.0425
0.0425
0.0425
0.0425
0.0425
0.0425
0.0425
0.0425
0.0425
0.0425
0.0425
0.0425
0.0425
0.0425
0.0425
0.0425
0.0425
0.0425
0.0425
0.0425
0.0425
0.0425
0.0425
0.0425
0.0425
0.0425
0.0425
0.0425
0.0425
0.0425
0.0425
0.0425
0.0425
0.0425
0.0425
0.0425
0.0425
0.0425
0.0425
0.0425
0.0425
0.0425
0.0425
0.0425
0.0425
0.0425
0.0425
0.0425
0.0425
0.0425
0.0425
0.0425
0.0425
0.0425
0.0425
0.0425
0.0425
0.0425
0.0425
0.0425
0.0425
0.0425
0.0425
0.0425
0.0425
0.0425
0.0425
0.0425
0.0425
0.0425
0.0425
0.0425
0.0425
0.0425
0.0425
0.0425
0.0425
0.0425
0.0425
0.0425
0.0425
0.0425
0.0425
0.0425
0.0425
0.0425
0.0425
0.0425
0.0425
0.0425
0.0425
0.0425
0.0425
0.0425
0.0425
0.0425
0.0425
0.0425
0.0425
0.0425
0.0425
0.0425
0.0425
0.0425
0.0425
0.0425
0.0425
0.0425
0.0425
0.0425
0.0425
0.0425
0.0425
0.0425
0.0425
0.0425
0.0425
0.0425
0.0425
0.0425
0.0425
0.0425
0.0425
0.0425
0.0425
0.0425
0.0425
0.0425
0.0425
0.0425
0.0425
0.0425
0.0425
0.0425
0.0425
0.0425
0.0425
0.0425
0.0425
0.0425
0.0425
0.0425
0.0425
0.0425
0.0425
0.0425
0.0425
0.0425
0.0425
0.0425
0.0425
0.0425
0.0425
0.0425
0.0425
0.0425
0.0425
0.0425
0.0425
0.0425
0.0425
0.0425
0.0425
0.0425
0.0425
0.0425
0.0425
0.0425
0.0425
0.0425
0.0425
0.0425
0.0425
0.0425
0.0425
0.0425
0.0425
0.0425
0.0425
0.0425
0.0425
0.0425
0.0425
0.0425
0.0425
0.0425
0.0425
0.0425
0.0425
0.0425
0.0425
0.0425
0.0425
0.0425
0.0425
0.0425
0.0425
0.0425
0.0425
0.0425
0.0425
0.0425
0.0425
0.0425
0.0425
0.0425
0.0425
0.0425
0.0425
0.0425
0.0425
0.0425
