0.0425
0.3325
0.3475
0.315
0.3625
0.265
0.305
0.2825
0.2525
0.2325
0.2225
0.1925
0.1925
0.215
0.1725
0.1525
0.165
0.155
0.15
0.1725
0.1325
0.115
0.0925
0.1025
0.0925
0.105
0.1125
0.135
0.1275
0.135
0.145
0.145
0.135
0.15
0.165
0.1575
0.14
0.125
0.115
0.1175
0.105
0.0975
0.11
0.1275
0.11
0.1225
0.1225
0.1175
0.145
0.13
0.145
0.105
0.1225
0.1075
0.12
0.12
0.1125
0.115
0.1225
0.1525
0.125
0.1425
0.155
0.175
0.145
0.1375
0.1125
0.1175
0.1225
0.16
0.135
0.165
0.1525
0.145
0.14
0.1875
0.135
0.1375
0.1475
0.1275
0.12
0.1
0.125
0.0925
0.0825
0.0825
0.09
0.1025
0.135
0.0925
0.09
0.0925
0.075
0.075
0.055
0.0525
0.0525
0.06
0.0575
0.055
0.07
0.0675
0.0525
0.0525
0.0575
0.0625
0.085
0.0725
0.0875
0.095
0.0875
0.1025
0.0925
0.1
0.1025
0.11
0.13
0.115
0.1125
0.1075
0.1025
0.1125
0.08
0.0775
0.07
0.0675
0.085
0.075
0.085
0.085
0.0825
0.105
0.08
0.1025
0.0875
0.115
0.09
0.0975
0.1025
0.1
0.1025
0.0925
0.1025
0.105
0.13
0.14
0.1425
0.15
0.1675
0.195
0.1925
0.1925
0.2
0.2275
0.2275
0.22
0.245
0.2725
0.21
0.2225
0.24
0.2225
0.195
0.18
0.1675
0.1825
0.1725
0.1725
0.1875
0.195
0.2075
0.1825
0.185
0.2025
0.1725
0.1625
0.1625
0.175
0.12
0.085
0.06
0.0625
0.0525
0.055
0.06
0.05
0.05
0.045
0.0475
0.0375
0.035
0.03
0.025
0.0225
0.0175
0.0175
0.0175
0.0175
0.0175
0.0175
0.0175
0.0175
0.0175
0.0175
0.0175
0.0175
0.0175
0.0175
0.0175
0.0175
0.0175
0.0175
0.0175
0.0175
0.0175
0.0175
0.0175
0.0175
0.0175
0.0175
0.0175
0.0175
0.0175
0.0175
0.0175
0.0175
0.0175
0.0175
0.0175
0.0175
0.0175
0.0175
0.0175
0.0175
0.0175
0.0175
0.0175
0.0175
0.0175
0.0175
0.0175
0.0175
0.0175
0.0175
0.0175
0.0175
0.0175
0.0175
0.0175
0.0175
0.0175
0.0175
0.0175
0.0175
0.0175
0.0175
0.0175
0.0175
0.0175
0.0175
0.0175
0.0175
0.0175
0.0175
0.0175
0.0175
0.0175
0.0175
0.0175
0.0175
0.0175
0.0175
0.0175
0.0175
0.0175
0.0175
0.0175
0.0175
0.0175
0.0175
0.0175
0.0175
0.0175
0.0175
0.0175
0.0175
0.0175
0.0175
0.0175
0.0175
0.0175
0.0175
0.0175
0.0175
0.0175
0.0175
0.0175
0.0175
0.0175
0.0175
0.0175
0.0175
0.0175
0.0175
0.0175
0.0175
0.0175
0.0175
0.0175
0.0175
0.0175
0.0175
0.0175
0.0175
0.0175
0.0175
0.0175
0.0175
0.0175
0.0175
0.0175
0.0175
0.0175
0.0175
0.0175
0.0175
0.0175
0.0175
0.0175
0.0175
0.0175
0.0175
0.0175
0.0175
0.0175
0.0175
0.0175
0.0175
0.0175
0.0175
0.0175
0.0175
0.0175
0.0175
0.0175
0.0175
0.0175
0.0175
0.0175
0.0175
0.0175
0.0175
0.0175
0.0175
0.0175
0.0175
0.0175
0.0175
0.0175
0.0175
0.0175
0.0175
0.0175
0.0175
0.0175
0.0175
0.0175
0.0175
0.0175
0.0175
0.0175
0.0175
0.0175
0.0175
0.0175
0.0175
0.0175
0.0175
0.0175
0.0175
0.0175
0.0175
0.0175
0.0175
0.0175
0.0175
0.0175
0.0175
0.0175
0.0175
0.0175
0.0175
0.0175
0.0175
0.0175
0.0175
0.0175
0.0175
0.0175
0.0175
0.0175
0.0175
0.0175
0.0175
0.0175
0.0175
0.0175
0.0175
0.0175
0.0175
0.0175
0.0175
0.0175
0.0175
0.0175
0.0175
0.0175
0.0175
0.0175
0.0175
0.0175
0.0175
0.0175
0.0175
0.0175
0.0175
0.0175
0.0175
0.0175
0.0175
0.0175
0.0175
0.0175
0.0175
0.0175
0.0175
0.0175
0.0175
0.0175
0.0175
0.0175
0.0175
0.0175
0.0175
0.0175
0.0175
0.0175
0.0175
0.0175
0.0175
0.0175
0.0175
0.0175
0.0175
0.0175
0.0175
0.0175
0.0175
0.0175
0.0175
0.0175
0.0175
0.0175
0.0175
0.0175
0.0175
0.0175
0.0175
0.0175
0.0175
0.0175
0.0175
0.0175
0.0175
0.0175
0.0175
0.0175
0.0175
0.0175
0.0175
0.0175
0.0175
0.0175
0.0175
0.0175
0.0175
0.0175
0.0175
0.0175
0.0175
0.0175
0.0175
0.0175
0.0175
0.0175
0.0175
0.0175
0.0175
0.0175
0.0175
0.0175
0.0175
0.0175
0.0175
0.0175
0.0175
0.0175
0.0175
0.0175
0.0175
0.0175
0.0175
0.0175
0.0175
0.0175
0.0175
0.0175
0.0175
0.0175
0.0175
0.0175
0.0175
0.0175
0.0175
0.0175
0.0175
0.0175
0.0175
0.0175
0.0175
0.0175
0.0175
0.0175
0.0175
0.0175
0.0175
0.0175
0.0175
0.0175
0.0175
0.0175
0.0175
0.0175
0.0175
0.0175
0.0175
0.0175
0.0175
0.0175
0.0175
0.0175
0.0175
0.0175
0.0175
0.0175
0.0175
0.0175
0.0175
0.0175
0.0175
0.0175
0.0175
0.0175
0.0175
0.0175
0.0175
0.0175
0.0175
0.0175
0.0175
0.0175
0.0175
0.0175
0.0175
0.0175
0.0175
0.0175
0.0175
0.0175
0.0175
0.0175
0.0175
0.0175
0.0175
0.0175
0.0175
0.0175
0.0175
0.0175
0.0175
0.0175
0.0175
0.0175
0.0175
0.0175
0.0175
0.0175
0.0175
0.0175
0.0175
0.0175
0.0175
0.0175
0.0175
0.0175
0.0175
0.0175
0.0175
0.0175
0.0175
0.0175
0.0175
0.0175
0.0175
0.0175
0.0175
0.0175
0.0175
0.0175
0.0175
0.0175
0.0175
0.0175
0.0175
0.0175
0.0175
0.0175
0.0175
0.0175
0.0175
0.0175
0.0175
0.0175
0.0175
0.0175
0.0175
0.0175
0.0175
0.0175
0.0175
0.0175
0.0175
0.0175
0.0175
0.0175
0.0175
0.0175
0.0175
0.0175
0.0175
0.0175
0.0175
0.0175
0.0175
0.0175
0.0175
0.0175
0.0175
0.0175
0.0175
0.0175
0.0175
0.0175
0.0175
0.0175
0.0175
0.0175
0.0175
0.0175
0.0175
0.0175
0.0175
0.0175
0.0175
0.0175
0.0175
0.0175
0.0175
0.0175
0.0175
0.0175
0.0175
0.0175
0.0175
0.0175
0.0175
0.0175
0.0175
0.0175
0.0175
0.0175
0.0175
0.0175
0.0175
0.0175
0.0175
0.0175
0.0175
0.0175
0.0175
0.0175
0.0175
0.0175
0.0175
0.0175
0.0175
0.0175
0.0175
0.0175
0.0175
0.0175
0.0175
0.0175
0.0175
0.0175
0.0175
0.0175
0.0175
0.0175
0.0175
0.0175
0.0175
0.0175
0.0175
0.0175
0.0175
0.0175
0.0175
0.0175
0.0175
0.0175
0.0175
0.0175
0.0175
0.0175
0.0175
0.0175
0.0175
0.0175
0.0175
0.0175
0.0175
0.0175
0.0175
0.0175
0.0175
0.0175
0.0175
0.0175
0.0175
0.0175
0.0175
0.0175
0.0175
0.0175
0.0175
0.0175
0.0175
0.0175
0.0175
0.0175
0.0175
0.0175
0.0175
0.0175
0.0175
0.0175
0.0175
0.0175
0.0175
0.0175
0.0175
0.0175
0.0175
0.0175
0.0175
0.0175
0.0175
0.0175
0.0175
0.0175
0.0175
0.0175
0.0175
0.0175
0.0175
0.0175
0.0175
0.0175
0.0175
0.0175
0.0175
0.0175
0.0175
0.0175
0.0175
0.0175
0.0175
0.0175
0.0175
0.0175
0.0175
0.0175
0.0175
0.0175
0.0175
0.0175
0.0175
0.0175
0.0175
0.0175
0.0175
0.0175
0.0175
0.0175
0.0175
0.0175
0.0175
0.0175
0.0175
0.0175
0.0175
0.0175
0.0175
0.0175
0.0175
0.0175
0.0175
0.0175
0.0175
0.0175
0.0175
0.0175
0.0175
0.0175
0.0175
0.0175
0.0175
0.0175
0.0175
0.0175
0.0175
0.0175
0.0175
0.0175
0.0175
0.0175
0.0175
0.0175
0.0175
0.0175
0.0175
0.0175
0.0175
0.0175
0.0175
0.0175
0.0175
0.0175
0.0175
0.0175
0.0175
0.0175
0.0175
0.0175
0.0175
0.0175
0.0175
0.0175
0.0175
0.0175
0.0175
0.0175
0.0175
0.0175
0.0175
0.0175
0.0175
0.0175
0.0175
0.0175
0.0175
0.0175
0.0175
0.0175
0.0175
0.0175
0.0175
0.0175
0.0175
0.0175
0.0175
0.0175
0.0175
0.0175
0.0175
0.0175
0.0175
0.0175
0.0175
0.0175
0.0175
0.0175
0.0175
0.0175
0.0175
0.0175
0.0175
0.0175
0.0175
0.0175
0.0175
0.0175
0.0175
0.0175
0.0175
0.0175
0.0175
0.0175
0.0175
0.0175
0.0175
0.0175
0.0175
0.0175
0.0175
0.0175
0.0175
0.0175
0.0175
0.0175
0.0175
0.0175
0.0175
0.0175
0.0175
0.0175
0.0175
0.0175
0.0175
0.0175
0.0175
0.0175
0.0175
0.0175
0.0175
0.0175
0.0175
0.0175
0.0175
0.0175
0.0175
0.0175
0.0175
0.0175
0.0175
0.0175
0.0175
0.0175
0.0175
0.0175
0.0175
0.0175
0.0175
0.0175
0.0175
0.0175
0.0175
0.0175
0.0175
0.0175
0.0175
0.0175
0.0175
0.0175
0.0175
0.0175
0.0175
0.0175
0.0175
0.0175
0.0175
0.0175
0.0175
0.0175
0.0175
0.0175
0.0175
0.0175
0.0175
0.0175
0.0175
0.0175
0.0175
0.0175
0.0175
0.0175
0.0175
0.0175
0.0175
0.0175
