0.0175
0.3125
0.38
0.2775
0.24
0.195
0.1975
0.1875
0.2025
0.205
0.2475
0.205
0.205
0.2175
0.1775
0.165
0.16
0.1625
0.1575
0.185
0.1775
0.2175
0.17
0.1575
0.1675
0.1225
0.13
0.1225
0.1225
0.1425
0.115
0.1325
0.13
0.14
0.125
0.095
0.1075
0.11
0.1125
0.14
0.125
0.1175
0.14
0.1175
0.1425
0.1225
0.1425
0.1225
0.1425
0.145
0.155
0.1475
0.145
0.13
0.1475
0.1525
0.155
0.15
0.175
0.1625
0.135
0.115
0.1075
0.12
0.0975
0.0975
0.0825
0.0925
0.1075
0.0975
0.1075
0.1275
0.13
0.1475
0.1675
0.165
0.1975
0.15
0.1375
0.1575
0.12
0.1225
0.1275
0.12
0.1325
0.1125
0.095
0.1
0.1175
0.11
0.1
0.11
0.115
0.105
0.1075
0.1125
0.105
0.1125
0.12
0.135
0.1
0.1075
0.09
0.0975
0.0925
0.0925
0.085
0.0875
0.0975
0.075
0.095
0.08
0.0875
0.0875
0.1075
0.1025
0.1
0.095
0.0775
0.0725
0.07
0.065
0.0675
0.07
0.075
0.0825
0.0775
0.1025
0.0875
0.1325
0.105
0.1375
0.1275
0.155
0.1475
0.1475
0.1675
0.17
0.18
0.1775
0.1625
0.1825
0.18
0.1775
0.1575
0.1975
0.17
0.1625
0.125
0.1475
0.13
0.1275
0.12
0.1325
0.1275
0.105
0.13
0.1225
0.145
0.145
0.1425
0.145
0.135
0.125
0.125
0.115
0.105
0.115
0.125
0.1175
0.1375
0.1375
0.1625
0.155
0.1975
0.19
0.23
0.1775
0.2075
0.1875
0.225
0.1875
0.2175
0.1925
0.225
0.2
0.2175
0.2275
0.2425
0.235
0.225
0.2425
0.2075
0.2675
0.235
0.2425
0.2
0.1775
0.1725
0.1625
0.1575
0.1525
0.1375
0.1375
0.13
0.125
0.1225
0.1
0.1
0.11
0.1
0.1325
0.09
0.0925
0.1
0.1175
0.0975
0.11
0.125
0.1275
0.1375
0.1375
0.16
0.1625
0.1775
0.155
0.165
0.1375
0.1575
0.1675
0.1825
0.17
0.2075
0.135
0.1675
0.145
0.155
0.1525
0.1625
0.165
0.1775
0.17
0.1925
0.21
0.2175
0.2275
0.275
0.1975
0.215
0.25
0.2625
0.215
0.245
0.235
0.2325
0.2075
0.2
0.2025
0.225
0.2225
0.225
0.185
0.1975
0.1825
0.185
0.17
0.21
0.1725
0.1975
0.195
0.21
0.225
0.185
0.2175
0.195
0.21
0.2175
0.235
0.2075
0.17
0.175
0.1675
0.195
0.1725
0.18
0.165
0.1625
0.205
0.2
0.2025
0.175
0.19
0.1475
0.145
0.135
0.1475
0.1625
0.185
0.145
0.1525
0.145
0.1575
0.11
0.09
0.1025
0.0925
0.0975
0.1075
0.105
0.1075
0.1
0.09
0.1125
0.0875
0.08
0.075
0.095
0.0725
0.0875
0.0975
0.105
0.1275
0.1025
0.12
0.1
0.0925
0.0725
0.0475
0.04
0.035
0.035
0.035
0.035
0.035
0.035
0.035
0.035
0.035
0.035
0.035
0.035
0.035
0.035
0.035
0.035
0.035
0.035
0.035
0.035
0.035
0.035
0.035
0.035
0.035
0.035
0.035
0.035
0.035
0.035
0.035
0.035
0.035
0.035
0.035
0.035
0.035
0.035
0.035
0.035
0.035
0.035
0.035
0.035
0.035
0.035
0.035
0.035
0.035
0.035
0.035
0.035
0.035
0.035
0.035
0.035
0.035
0.035
0.035
0.035
0.035
0.035
0.035
0.035
0.035
0.035
0.035
0.035
0.035
0.035
0.035
0.035
0.035
0.035
0.035
0.035
0.035
0.035
0.035
0.035
0.035
0.035
0.035
0.035
0.035
0.035
0.035
0.035
0.035
0.035
0.035
0.035
0.035
0.035
0.035
0.035
0.035
0.035
0.035
0.035
0.035
0.035
0.035
0.035
0.035
0.035
0.035
0.035
0.035
0.035
0.035
0.035
0.035
0.035
0.035
0.035
0.035
0.035
0.035
0.035
0.035
0.035
0.035
0.035
0.035
0.035
0.035
0.035
0.035
0.035
0.035
0.035
0.035
0.035
0.035
0.035
0.035
0.035
0.035
0.035
0.035
0.035
0.035
0.035
0.035
0.035
0.035
0.035
0.035
0.035
0.035
0.035
0.035
0.035
0.035
0.035
0.035
0.035
0.035
0.035
0.035
0.035
0.035
0.035
0.035
0.035
0.035
0.035
0.035
0.035
0.035
0.035
0.035
0.035
0.035
0.035
0.035
0.035
0.035
0.035
0.035
0.035
0.035
0.035
0.035
0.035
0.035
0.035
0.035
0.035
0.035
0.035
0.035
0.035
0.035
0.035
0.035
0.035
0.035
0.035
0.035
0.035
0.035
0.035
0.035
0.035
0.035
0.035
0.035
0.035
0.035
0.035
0.035
0.035
0.035
0.035
0.035
0.035
0.035
0.035
0.035
0.035
0.035
0.035
0.035
0.035
0.035
0.035
0.035
0.035
0.035
0.035
0.035
0.035
0.035
0.035
0.035
0.035
0.035
0.035
0.035
0.035
0.035
0.035
0.035
0.035
0.035
0.035
0.035
0.035
0.035
0.035
0.035
0.035
0.035
0.035
0.035
0.035
0.035
0.035
0.035
0.035
0.035
0.035
0.035
0.035
0.035
0.035
0.035
0.035
0.035
0.035
0.035
0.035
0.035
0.035
0.035
0.035
0.035
0.035
0.035
0.035
0.035
0.035
0.035
0.035
0.035
0.035
0.035
0.035
0.035
0.035
0.035
0.035
0.035
0.035
0.035
0.035
0.035
0.035
0.035
0.035
0.035
0.035
0.035
0.035
0.035
0.035
0.035
0.035
0.035
0.035
0.035
0.035
0.035
0.035
0.035
0.035
0.035
0.035
0.035
0.035
0.035
0.035
0.035
0.035
0.035
0.035
0.035
0.035
0.035
0.035
0.035
0.035
0.035
0.035
0.035
0.035
0.035
0.035
0.035
0.035
0.035
0.035
0.035
0.035
0.035
0.035
0.035
0.035
0.035
0.035
0.035
0.035
0.035
0.035
0.035
0.035
0.035
0.035
0.035
0.035
0.035
0.035
0.035
0.035
0.035
0.035
0.035
0.035
0.035
0.035
0.035
0.035
0.035
0.035
0.035
0.035
0.035
0.035
0.035
0.035
0.035
0.035
0.035
0.035
0.035
0.035
0.035
0.035
0.035
0.035
0.035
0.035
0.035
0.035
0.035
0.035
0.035
0.035
0.035
0.035
0.035
0.035
0.035
0.035
0.035
0.035
0.035
0.035
0.035
0.035
0.035
0.035
0.035
0.035
0.035
0.035
0.035
0.035
0.035
0.035
0.035
0.035
0.035
0.035
0.035
0.035
0.035
0.035
0.035
0.035
0.035
0.035
0.035
0.035
0.035
0.035
0.035
0.035
0.035
0.035
0.035
0.035
0.035
0.035
0.035
0.035
0.035
0.035
0.035
0.035
0.035
0.035
0.035
0.035
0.035
0.035
0.035
0.035
0.035
0.035
0.035
0.035
0.035
0.035
0.035
0.035
0.035
0.035
0.035
0.035
0.035
0.035
0.035
0.035
0.035
0.035
0.035
0.035
0.035
0.035
0.035
0.035
0.035
0.035
0.035
0.035
0.035
0.035
0.035
0.035
0.035
0.035
0.035
0.035
0.035
0.035
0.035
0.035
0.035
0.035
0.035
0.035
0.035
0.035
0.035
0.035
0.035
0.035
0.035
0.035
0.035
0.035
0.035
0.035
0.035
0.035
0.035
0.035
0.035
0.035
0.035
0.035
0.035
0.035
0.035
0.035
0.035
0.035
0.035
0.035
0.035
0.035
0.035
0.035
0.035
0.035
0.035
0.035
0.035
0.035
0.035
0.035
0.035
0.035
0.035
0.035
0.035
0.035
0.035
0.035
0.035
0.035
0.035
0.035
0.035
0.035
0.035
0.035
0.035
0.035
0.035
0.035
0.035
0.035
0.035
0.035
0.035
0.035
0.035
0.035
0.035
0.035
0.035
0.035
0.035
0.035
0.035
0.035
0.035
0.035
0.035
0.035
0.035
0.035
0.035
0.035
0.035
0.035
0.035
0.035
0.035
0.035
0.035
0.035
0.035
0.035
0.035
0.035
0.035
0.035
0.035
0.035
0.035
0.035
0.035
0.035
0.035
0.035
0.035
0.035
0.035
0.035
0.035
0.035
0.035
0.035
0.035
0.035
0.035
0.035
0.035
0.035
0.035
0.035
0.035
0.035
0.035
0.035
0.035
0.035
0.035
0.035
0.035
0.035
0.035
0.035
0.035
0.035
0.035
0.035
0.035
0.035
0.035
0.035
0.035
0.035
0.035
0.035
0.035
0.035
0.035
0.035
0.035
0.035
0.035
0.035
0.035
0.035
0.035
0.035
0.035
0.035
0.035
0.035
0.035
0.035
0.035
0.035
0.035
0.035
