0.025
0.345
0.4575
0.3075
0.285
0.2675
0.2675
0.295
0.2625
0.3
0.1725
0.17
0.1625
0.1775
0.19
0.2275
0.245
0.21
0.2
0.2075
0.2475
0.2225
0.21
0.18
0.165
0.17
0.145
0.1425
0.135
0.175
0.1725
0.2025
0.1925
0.19
0.1675
0.1875
0.195
0.205
0.1775
0.21
0.165
0.1625
0.1775
0.17
0.2025
0.1725
0.17
0.1725
0.1625
0.1775
0.1675
0.1325
0.105
0.0975
0.085
0.09
0.075
0.09
0.08
0.0975
0.1
0.105
0.12
0.1475
0.125
0.1325
0.13
0.1175
0.11
0.12
0.115
0.1325
0.1225
0.115
0.1225
0.13
0.1175
0.1225
0.13
0.13
0.1375
0.1175
0.1075
0.14
0.115
0.1175
0.1175
0.1425
0.1175
0.13
0.11
0.12
0.1225
0.14
0.14
0.15
0.155
0.1275
0.1175
0.1175
0.11
0.1225
0.1525
0.1175
0.125
0.16
0.1225
0.11
0.1075
0.125
0.1225
0.13
0.125
0.1275
0.1225
0.135
0.145
0.1225
0.15
0.1475
0.1625
0.1375
0.1325
0.1125
0.1125
0.105
0.12
0.0925
0.1025
0.1075
0.12
0.13
0.1625
0.1325
0.15
0.17
0.1675
0.1825
0.1675
0.13
0.1075
0.13
0.105
0.125
0.095
0.11
0.115
0.1175
0.1275
0.14
0.1075
0.095
0.095
0.095
0.1
0.085
0.0825
0.0875
0.0825
0.09
0.0975
0.095
0.1
0.1125
0.1075
0.1075
0.1125
0.1075
0.085
0.0925
0.075
0.0875
0.0825
0.0825
0.0975
0.09
0.1075
0.0975
0.11
0.14
0.1
0.0925
0.095
0.11
0.1175
0.1125
0.13
0.115
0.1075
0.11
0.1175
0.115
0.1175
0.125
0.0925
0.11
0.0925
0.0875
0.09
0.0775
0.075
0.07
0.075
0.0825
0.0875
0.1025
0.0875
0.095
0.095
0.105
0.115
0.1225
0.125
0.155
0.1525
0.1925
0.16
0.17
0.12
0.1275
0.13
0.1475
0.115
0.14
0.1325
0.16
0.125
0.1475
0.12
0.14
0.125
0.1625
0.135
0.1125
0.11
0.11
0.11
0.125
0.125
0.115
0.13
0.1325
0.125
0.115
0.1275
0.13
0.1575
0.1925
0.15
0.1575
0.17
0.165
0.2175
0.2075
0.23
0.2275
0.21
0.2125
0.1775
0.2075
0.1775
0.175
0.1725
0.17
0.1775
0.165
0.17
0.1825
0.185
0.19
0.1675
0.2
0.17
0.2125
0.19
0.195
0.19
0.19
0.13
0.14
0.1275
0.135
0.115
0.1325
0.115
0.1375
0.115
0.1075
0.1475
0.09
0.09
0.09
0.1025
0.1075
0.11
0.125
0.1075
0.12
0.1125
0.13
0.11
0.12
0.105
0.115
0.1175
0.1275
0.1225
0.135
0.1525
0.1625
0.1725
0.195
0.1625
0.1525
0.1825
0.1925
0.16
0.18
0.1975
0.1725
0.18
0.17
0.1475
0.1425
0.12
0.125
0.125
0.1025
0.1125
0.1125
0.15
0.1425
0.1725
0.1575
0.195
0.1675
0.1725
0.16
0.1475
0.1425
0.1325
0.1375
0.1475
0.1425
0.1325
0.13
0.125
0.125
0.085
0.07
0.0625
0.0775
0.065
0.0825
0.07
0.065
0.07
0.085
0.075
0.0975
0.085
0.105
0.095
0.115
0.125
0.1175
0.115
0.0825
0.0825
0.0675
0.05
0.0425
0.0425
0.05
0.0475
0.05
0.0575
0.065
0.065
0.0725
0.0825
0.0575
0.0575
0.0575
0.0575
0.06
0.0625
0.0675
0.075
0.07
0.095
0.08
0.12
0.1
0.13
0.12
0.14
0.1325
0.1825
0.1275
0.1375
0.11
0.115
0.0825
0.0925
0.0975
0.0925
0.1125
0.115
0.1175
0.1575
0.14
0.155
0.145
0.1525
0.165
0.16
0.145
0.145
0.1075
0.1
0.0825
0.1025
0.08
0.0675
0.0775
0.055
0.055
0.0375
0.025
0.02
0.02
0.02
0.02
0.02
0.02
0.02
0.02
0.02
0.02
0.02
0.02
0.02
0.02
0.02
0.02
0.02
0.02
0.02
0.02
0.02
0.02
0.02
0.02
0.02
0.02
0.02
0.02
0.02
0.02
0.02
0.02
0.02
0.02
0.02
0.02
0.02
0.02
0.02
0.02
0.02
0.02
0.02
0.02
0.02
0.02
0.02
0.02
0.02
0.02
0.02
0.02
0.02
0.02
0.02
0.02
0.02
0.02
0.02
0.02
0.02
0.02
0.02
0.02
0.02
0.02
0.02
0.02
0.02
0.02
0.02
0.02
0.02
0.02
0.02
0.02
0.02
0.02
0.02
0.02
0.02
0.02
0.02
0.02
0.02
0.02
0.02
0.02
0.02
0.02
0.02
0.02
0.02
0.02
0.02
0.02
0.02
0.02
0.02
0.02
0.02
0.02
0.02
0.02
0.02
0.02
0.02
0.02
0.02
0.02
0.02
0.02
0.02
0.02
0.02
0.02
0.02
0.02
0.02
0.02
0.02
0.02
0.02
0.02
0.02
0.02
0.02
0.02
0.02
0.02
0.02
0.02
0.02
0.02
0.02
0.02
0.02
0.02
0.02
0.02
0.02
0.02
0.02
0.02
0.02
0.02
0.02
0.02
0.02
0.02
0.02
0.02
0.02
0.02
0.02
0.02
0.02
0.02
0.02
0.02
0.02
0.02
0.02
0.02
0.02
0.02
0.02
0.02
0.02
0.02
0.02
0.02
0.02
0.02
0.02
0.02
0.02
0.02
0.02
0.02
0.02
0.02
0.02
0.02
0.02
0.02
0.02
0.02
0.02
0.02
0.02
0.02
0.02
0.02
0.02
0.02
0.02
0.02
0.02
0.02
0.02
0.02
0.02
0.02
0.02
0.02
0.02
0.02
0.02
0.02
0.02
0.02
0.02
0.02
0.02
0.02
0.02
0.02
0.02
0.02
0.02
0.02
0.02
0.02
0.02
0.02
0.02
0.02
0.02
0.02
0.02
0.02
0.02
0.02
0.02
0.02
0.02
0.02
0.02
0.02
0.02
0.02
0.02
0.02
0.02
0.02
0.02
0.02
0.02
0.02
0.02
0.02
0.02
0.02
0.02
0.02
0.02
0.02
0.02
0.02
0.02
0.02
0.02
0.02
0.02
0.02
0.02
0.02
0.02
0.02
0.02
0.02
0.02
0.02
0.02
0.02
0.02
0.02
0.02
0.02
0.02
0.02
0.02
0.02
0.02
0.02
0.02
0.02
0.02
0.02
0.02
0.02
0.02
0.02
0.02
0.02
0.02
0.02
0.02
0.02
0.02
0.02
0.02
0.02
0.02
0.02
0.02
0.02
0.02
0.02
0.02
0.02
0.02
0.02
0.02
0.02
0.02
0.02
0.02
0.02
0.02
0.02
0.02
0.02
0.02
0.02
0.02
0.02
0.02
0.02
0.02
0.02
0.02
0.02
0.02
0.02
0.02
0.02
0.02
0.02
0.02
0.02
0.02
0.02
0.02
0.02
0.02
0.02
0.02
0.02
0.02
0.02
0.02
0.02
0.02
0.02
0.02
0.02
0.02
0.02
0.02
0.02
0.02
0.02
0.02
0.02
0.02
0.02
0.02
0.02
0.02
0.02
0.02
0.02
0.02
0.02
0.02
0.02
0.02
0.02
0.02
0.02
0.02
0.02
0.02
0.02
0.02
0.02
0.02
0.02
0.02
0.02
0.02
0.02
0.02
0.02
0.02
0.02
0.02
0.02
0.02
0.02
0.02
0.02
0.02
0.02
0.02
0.02
0.02
0.02
0.02
0.02
0.02
0.02
0.02
0.02
0.02
0.02
0.02
0.02
0.02
0.02
0.02
0.02
0.02
0.02
0.02
0.02
0.02
0.02
0.02
0.02
0.02
0.02
0.02
0.02
0.02
0.02
0.02
0.02
0.02
0.02
0.02
0.02
0.02
0.02
0.02
0.02
0.02
0.02
0.02
0.02
0.02
0.02
0.02
0.02
0.02
0.02
0.02
0.02
0.02
0.02
0.02
0.02
0.02
0.02
0.02
0.02
0.02
0.02
0.02
0.02
0.02
0.02
0.02
0.02
0.02
0.02
0.02
0.02
0.02
0.02
0.02
0.02
0.02
0.02
0.02
0.02
0.02
0.02
0.02
0.02
0.02
0.02
0.02
0.02
0.02
0.02
0.02
0.02
0.02
0.02
0.02
0.02
0.02
0.02
0.02
0.02
0.02
0.02
0.02
0.02
0.02
0.02
0.02
0.02
0.02
0.02
0.02
0.02
0.02
0.02
0.02
0.02
0.02
0.02
0.02
0.02
0.02
0.02
0.02
0.02
0.02
0.02
0.02
0.02
0.02
0.02
0.02
0.02
0.02
0.02
0.02
0.02
0.02
0.02
0.02
0.02
0.02
0.02
0.02
0.02
0.02
0.02
0.02
0.02
0.02
0.02
0.02
0.02
0.02
0.02
0.02
0.02
0.02
0.02
0.02
0.02
0.02
0.02
0.02
