0.02
0.31
0.3325
0.31
0.2725
0.3075
0.25
0.26
0.21
0.205
0.185
0.24
0.2125
0.265
0.195
0.235
0.1925
0.2475
0.2125
0.1825
0.205
0.1575
0.1625
0.1425
0.165
0.1425
0.175
0.1575
0.17
0.165
0.155
0.1925
0.1775
0.185
0.17
0.205
0.1925
0.22
0.2175
0.21
0.2375
0.2275
0.2275
0.2275
0.1925
0.185
0.175
0.1625
0.195
0.185
0.1775
0.1575
0.1675
0.1575
0.17
0.1525
0.1725
0.18
0.165
0.175
0.1625
0.185
0.1475
0.145
0.15
0.1825
0.185
0.2175
0.175
0.14
0.1575
0.1325
0.1525
0.14
0.1625
0.135
0.135
0.1375
0.1225
0.125
0.13
0.1525
0.1325
0.15
0.1275
0.1425
0.15
0.1475
0.1675
0.185
0.2
0.1775
0.2
0.18
0.2325
0.2
0.2275
0.1875
0.1975
0.23
0.16
0.1725
0.1425
0.1525
0.1425
0.16
0.185
0.1925
0.2225
0.2275
0.205
0.2075
0.245
0.2475
0.25
0.1725
0.18
0.1625
0.155
0.1325
0.1475
0.1175
0.1025
0.1175
0.1175
0.1375
0.11
0.1125
0.0975
0.1075
0.1025
0.09
0.0875
0.095
0.0875
0.0925
0.0925
0.0875
0.0875
0.1
0.0925
0.0875
0.0925
0.075
0.08
0.07
0.0825
0.065
0.065
0.0625
0.07
0.0775
0.085
0.085
0.095
0.1
0.125
0.1
0.12
0.11
0.135
0.125
0.135
0.135
0.1525
0.115
0.1275
0.1325
0.1575
0.165
0.14
0.14
0.1275
0.135
0.105
0.12
0.09
0.0875
0.095
0.1
0.095
0.1175
0.095
0.1275
0.115
0.1525
0.1175
0.1425
0.1325
0.1325
0.12
0.12
0.0975
0.1125
0.1
0.1
0.12
0.125
0.135
0.1025
0.125
0.1075
0.1175
0.11
0.1125
0.1275
0.12
0.1375
0.1125
0.13
0.1075
0.1225
0.1425
0.135
0.135
0.14
0.125
0.13
0.105
0.11
0.07
0.08
0.0825
0.0875
0.095
0.0875
0.1075
0.105
0.125
0.1025
0.12
0.13
0.165
0.1325
0.1525
0.17
0.16
0.165
0.17
0.1675
0.18
0.15
0.165
0.13
0.1275
0.145
0.125
0.1575
0.1325
0.1775
0.135
0.1375
0.1325
0.16
0.16
0.1875
0.1425
0.13
0.1375
0.11
0.1075
0.115
0.1125
0.12
0.1
0.11
0.105
0.14
0.1
0.135
0.1175
0.1225
0.13
0.1175
0.15
0.1125
0.1125
0.125
0.1325
0.14
0.1125
0.1075
0.1025
0.0925
0.1025
0.125
0.11
0.1325
0.12
0.125
0.1525
0.15
0.175
0.1875
0.175
0.1875
0.1875
0.1875
0.1975
0.175
0.14
0.1325
0.11
0.1125
0.1325
0.0975
0.0975
0.0875
0.0925
0.0875
0.08
0.095
0.0975
0.0975
0.07
0.065
0.075
0.0625
0.0675
0.0675
0.08
0.0825
0.085
0.095
0.085
0.075
0.065
0.0675
0.0575
0.0775
0.0575
0.07
0.08
0.075
0.0775
0.085
0.07
0.0725
0.085
0.085
0.0925
0.1025
0.0825
0.11
0.0825
0.09
0.0975
0.105
0.1025
0.125
0.1475
0.1325
0.12
0.1425
0.1275
0.1375
0.15
0.15
0.1775
0.1675
0.195
0.1775
0.1875
0.205
0.22
0.175
0.1475
0.165
0.1575
0.1775
0.2125
0.1725
0.1925
0.16
0.1825
0.15
0.155
0.085
0.0675
0.0575
0.0575
0.0575
0.0625
0.0575
0.065
0.06
0.08
0.065
0.0625
0.07
0.06
0.07
0.06
0.0625
0.0525
0.0575
0.06
0.055
0.0575
0.055
0.055
0.06
0.0525
0.055
0.06
0.0525
0.0525
0.0575
0.065
0.0825
0.0625
0.075
0.0625
0.0525
0.0625
0.06
0.0675
0.07
0.07
0.0725
0.0725
0.0825
0.07
0.0825
0.0625
0.0575
0.055
0.0525
0.0575
0.0575
0.065
0.0625
0.065
0.065
0.0675
0.055
0.055
0.045
0.0375
0.04
0.04
0.04
0.04
0.04
0.04
0.04
0.04
0.04
0.04
0.04
0.04
0.04
0.04
0.04
0.04
0.04
0.04
0.04
0.04
0.04
0.04
0.04
0.04
0.04
0.04
0.04
0.04
0.04
0.04
0.04
0.04
0.04
0.04
0.04
0.04
0.04
0.04
0.04
0.04
0.04
0.04
0.04
0.04
0.04
0.04
0.04
0.04
0.04
0.04
0.04
0.04
0.04
0.04
0.04
0.04
0.04
0.04
0.04
0.04
0.04
0.04
0.04
0.04
0.04
0.04
0.04
0.04
0.04
0.04
0.04
0.04
0.04
0.04
0.04
0.04
0.04
0.04
0.04
0.04
0.04
0.04
0.04
0.04
0.04
0.04
0.04
0.04
0.04
0.04
0.04
0.04
0.04
0.04
0.04
0.04
0.04
0.04
0.04
0.04
0.04
0.04
0.04
0.04
0.04
0.04
0.04
0.04
0.04
0.04
0.04
0.04
0.04
0.04
0.04
0.04
0.04
0.04
0.04
0.04
0.04
0.04
0.04
0.04
0.04
0.04
0.04
0.04
0.04
0.04
0.04
0.04
0.04
0.04
0.04
0.04
0.04
0.04
0.04
0.04
0.04
0.04
0.04
0.04
0.04
0.04
0.04
0.04
0.04
0.04
0.04
0.04
0.04
0.04
0.04
0.04
0.04
0.04
0.04
0.04
0.04
0.04
0.04
0.04
0.04
0.04
0.04
0.04
0.04
0.04
0.04
0.04
0.04
0.04
0.04
0.04
0.04
0.04
0.04
0.04
0.04
0.04
0.04
0.04
0.04
0.04
0.04
0.04
0.04
0.04
0.04
0.04
0.04
0.04
0.04
0.04
0.04
0.04
0.04
0.04
0.04
0.04
0.04
0.04
0.04
0.04
0.04
0.04
0.04
0.04
0.04
0.04
0.04
0.04
0.04
0.04
0.04
0.04
0.04
0.04
0.04
0.04
0.04
0.04
0.04
0.04
0.04
0.04
0.04
0.04
0.04
0.04
0.04
0.04
0.04
0.04
0.04
0.04
0.04
0.04
0.04
0.04
0.04
0.04
0.04
0.04
0.04
0.04
0.04
0.04
0.04
0.04
0.04
0.04
0.04
0.04
0.04
0.04
0.04
0.04
0.04
0.04
0.04
0.04
0.04
0.04
0.04
0.04
0.04
0.04
0.04
0.04
0.04
0.04
0.04
0.04
0.04
0.04
0.04
0.04
0.04
0.04
0.04
0.04
0.04
0.04
0.04
0.04
0.04
0.04
0.04
0.04
0.04
0.04
0.04
0.04
0.04
0.04
0.04
0.04
0.04
0.04
0.04
0.04
0.04
0.04
0.04
0.04
0.04
0.04
0.04
0.04
0.04
0.04
0.04
0.04
0.04
0.04
0.04
0.04
0.04
0.04
0.04
0.04
0.04
0.04
0.04
0.04
0.04
0.04
0.04
0.04
0.04
0.04
0.04
0.04
0.04
0.04
0.04
0.04
0.04
0.04
0.04
0.04
0.04
0.04
0.04
0.04
0.04
0.04
0.04
0.04
0.04
0.04
0.04
0.04
0.04
0.04
0.04
0.04
0.04
0.04
0.04
0.04
0.04
0.04
0.04
0.04
0.04
0.04
0.04
0.04
0.04
0.04
0.04
0.04
0.04
0.04
0.04
0.04
0.04
0.04
0.04
0.04
0.04
0.04
0.04
0.04
0.04
0.04
0.04
0.04
0.04
0.04
0.04
0.04
0.04
0.04
0.04
0.04
0.04
0.04
0.04
0.04
0.04
0.04
0.04
0.04
0.04
0.04
0.04
0.04
0.04
0.04
0.04
0.04
0.04
0.04
0.04
0.04
0.04
0.04
0.04
0.04
0.04
0.04
0.04
0.04
0.04
0.04
0.04
0.04
0.04
0.04
0.04
0.04
0.04
0.04
0.04
0.04
0.04
0.04
0.04
0.04
0.04
0.04
0.04
0.04
0.04
0.04
0.04
0.04
0.04
0.04
0.04
0.04
0.04
0.04
0.04
0.04
0.04
0.04
0.04
0.04
0.04
0.04
0.04
0.04
0.04
0.04
0.04
0.04
0.04
0.04
0.04
0.04
0.04
0.04
0.04
0.04
0.04
0.04
0.04
0.04
0.04
0.04
0.04
0.04
0.04
0.04
0.04
0.04
0.04
0.04
0.04
0.04
0.04
0.04
0.04
0.04
0.04
0.04
0.04
0.04
0.04
0.04
0.04
0.04
0.04
0.04
0.04
0.04
0.04
0.04
0.04
0.04
0.04
0.04
0.04
0.04
0.04
0.04
0.04
0.04
0.04
0.04
0.04
0.04
0.04
0.04
0.04
0.04
0.04
0.04
0.04
0.04
0.04
0.04
0.04
0.04
0.04
0.04
0.04
0.04
0.04
0.04
0.04
0.04
0.04
0.04
0.04
0.04
0.04
0.04
0.04
0.04
0.04
0.04
0.04
0.04
0.04
0.04
