0.025
0.33
0.295
0.2575
0.2675
0.25
0.2375
0.24
0.2225
0.2
0.2425
0.1975
0.225
0.21
0.2025
0.22
0.2025
0.18
0.1925
0.1725
0.17
0.1825
0.1975
0.2275
0.2075
0.2475
0.2275
0.2425
0.2325
0.225
0.2375
0.195
0.1825
0.17
0.1625
0.165
0.1425
0.155
0.1225
0.1275
0.1125
0.12
0.095
0.09
0.085
0.0875
0.1025
0.1
0.0975
0.0825
0.09
0.0825
0.0975
0.0925
0.09
0.095
0.085
0.0975
0.08
0.065
0.07
0.0725
0.08
0.08
0.0775
0.09
0.075
0.1025
0.0775
0.07
0.0775
0.07
0.0775
0.0725
0.0625
0.065
0.06
0.06
0.045
0.04
0.0375
0.045
0.03
0.03
0.0275
0.03
0.0325
0.04
0.03
0.0325
0.0225
0.0175
0.02
0.02
0.025
0.0275
0.025
0.035
0.0275
0.0375
0.0275
0.0325
0.0375
0.035
0.0275
0.0375
0.0375
0.04
0.0475
0.06
0.0625
0.07
0.06
0.075
0.08
0.06
0.0725
0.0675
0.0475
0.0575
0.0625
0.095
0.06
0.0625
0.0475
0.045
0.05
0.045
0.06
0.0525
0.0725
0.0675
0.07
0.06
0.06
0.075
0.055
0.0575
0.0525
0.06
0.065
0.0775
0.0825
0.115
0.0725
0.075
0.08
0.075
0.105
0.0825
0.0975
0.105
0.095
0.08
0.1
0.11
0.1125
0.0925
0.11
0.1025
0.1025
0.1125
0.125
0.1225
0.155
0.1325
0.145
0.145
0.16
0.16
0.145
0.175
0.155
0.1375
0.1225
0.135
0.1
0.1
0.095
0.09
0.09
0.085
0.0975
0.1125
0.115
0.15
0.1425
0.1925
0.16
0.2075
0.1625
0.1925
0.1925
0.17
0.1375
0.1025
0.1175
0.1
0.11
0.1075
0.1
0.1
0.095
0.1275
0.09
0.085
0.09
0.095
0.1025
0.095
0.1025
0.1
0.1075
0.1075
0.1
0.11
0.0925
0.1
0.1125
0.11
0.11
0.1175
0.125
0.1325
0.115
0.1225
0.1175
0.13
0.1425
0.1325
0.115
0.115
0.1225
0.1075
0.11
0.1275
0.0975
0.08
0.08
0.0925
0.105
0.095
0.11
0.125
0.0925
0.1125
0.1
0.1375
0.1225
0.1575
0.1725
0.165
0.2
0.15
0.12
0.12
0.1375
0.105
0.115
0.0925
0.1125
0.1
0.0975
0.105
0.1025
0.11
0.105
0.135
0.09
0.0775
0.0675
0.06
0.0575
0.0575
0.0575
0.0575
0.0575
0.0575
0.0575
0.0575
0.0575
0.0575
0.0575
0.0575
0.0575
0.0575
0.0575
0.0575
0.0575
0.0575
0.0575
0.0575
0.0575
0.0575
0.0575
0.0575
0.0575
0.0575
0.0575
0.0575
0.0575
0.0575
0.0575
0.0575
0.0575
0.0575
0.0575
0.0575
0.0575
0.0575
0.0575
0.0575
0.0575
0.0575
0.0575
0.0575
0.0575
0.0575
0.0575
0.0575
0.0575
0.0575
0.0575
0.0575
0.0575
0.0575
0.0575
0.0575
0.0575
0.0575
0.0575
0.0575
0.0575
0.0575
0.0575
0.0575
0.0575
0.0575
0.0575
0.0575
0.0575
0.0575
0.0575
0.0575
0.0575
0.0575
0.0575
0.0575
0.0575
0.0575
0.0575
0.0575
0.0575
0.0575
0.0575
0.0575
0.0575
0.0575
0.0575
0.0575
0.0575
0.0575
0.0575
0.0575
0.0575
0.0575
0.0575
0.0575
0.0575
0.0575
0.0575
0.0575
0.0575
0.0575
0.0575
0.0575
0.0575
0.0575
0.0575
0.0575
0.0575
0.0575
0.0575
0.0575
0.0575
0.0575
0.0575
0.0575
0.0575
0.0575
0.0575
0.0575
0.0575
0.0575
0.0575
0.0575
0.0575
0.0575
0.0575
0.0575
0.0575
0.0575
0.0575
0.0575
0.0575
0.0575
0.0575
0.0575
0.0575
0.0575
0.0575
0.0575
0.0575
0.0575
0.0575
0.0575
0.0575
0.0575
0.0575
0.0575
0.0575
0.0575
0.0575
0.0575
0.0575
0.0575
0.0575
0.0575
0.0575
0.0575
0.0575
0.0575
0.0575
0.0575
0.0575
0.0575
0.0575
0.0575
0.0575
0.0575
0.0575
0.0575
0.0575
0.0575
0.0575
0.0575
0.0575
0.0575
0.0575
0.0575
0.0575
0.0575
0.0575
0.0575
0.0575
0.0575
0.0575
0.0575
0.0575
0.0575
0.0575
0.0575
0.0575
0.0575
0.0575
0.0575
0.0575
0.0575
0.0575
0.0575
0.0575
0.0575
0.0575
0.0575
0.0575
0.0575
0.0575
0.0575
0.0575
0.0575
0.0575
0.0575
0.0575
0.0575
0.0575
0.0575
0.0575
0.0575
0.0575
0.0575
0.0575
0.0575
0.0575
0.0575
0.0575
0.0575
0.0575
0.0575
0.0575
0.0575
0.0575
0.0575
0.0575
0.0575
0.0575
0.0575
0.0575
0.0575
0.0575
0.0575
0.0575
0.0575
0.0575
0.0575
0.0575
0.0575
0.0575
0.0575
0.0575
0.0575
0.0575
0.0575
0.0575
0.0575
0.0575
0.0575
0.0575
0.0575
0.0575
0.0575
0.0575
0.0575
0.0575
0.0575
0.0575
0.0575
0.0575
0.0575
0.0575
0.0575
0.0575
0.0575
0.0575
0.0575
0.0575
0.0575
0.0575
0.0575
0.0575
0.0575
0.0575
0.0575
0.0575
0.0575
0.0575
0.0575
0.0575
0.0575
0.0575
0.0575
0.0575
0.0575
0.0575
0.0575
0.0575
0.0575
0.0575
0.0575
0.0575
0.0575
0.0575
0.0575
0.0575
0.0575
0.0575
0.0575
0.0575
0.0575
0.0575
0.0575
0.0575
0.0575
0.0575
0.0575
0.0575
0.0575
0.0575
0.0575
0.0575
0.0575
0.0575
0.0575
0.0575
0.0575
0.0575
0.0575
0.0575
0.0575
0.0575
0.0575
0.0575
0.0575
0.0575
0.0575
0.0575
0.0575
0.0575
0.0575
0.0575
0.0575
0.0575
0.0575
0.0575
0.0575
0.0575
0.0575
0.0575
0.0575
0.0575
0.0575
0.0575
0.0575
0.0575
0.0575
0.0575
0.0575
0.0575
0.0575
0.0575
0.0575
0.0575
0.0575
0.0575
0.0575
0.0575
0.0575
0.0575
0.0575
0.0575
0.0575
0.0575
0.0575
0.0575
0.0575
0.0575
0.0575
0.0575
0.0575
0.0575
0.0575
0.0575
0.0575
0.0575
0.0575
0.0575
0.0575
0.0575
0.0575
0.0575
0.0575
0.0575
0.0575
0.0575
0.0575
0.0575
0.0575
0.0575
0.0575
0.0575
0.0575
0.0575
0.0575
0.0575
0.0575
0.0575
0.0575
0.0575
0.0575
0.0575
0.0575
0.0575
0.0575
0.0575
0.0575
0.0575
0.0575
0.0575
0.0575
0.0575
0.0575
0.0575
0.0575
0.0575
0.0575
0.0575
0.0575
0.0575
0.0575
0.0575
0.0575
0.0575
0.0575
0.0575
0.0575
0.0575
0.0575
0.0575
0.0575
0.0575
0.0575
0.0575
0.0575
0.0575
0.0575
0.0575
0.0575
0.0575
0.0575
0.0575
0.0575
0.0575
0.0575
0.0575
0.0575
0.0575
0.0575
0.0575
0.0575
0.0575
0.0575
0.0575
0.0575
0.0575
0.0575
0.0575
0.0575
0.0575
0.0575
0.0575
0.0575
0.0575
0.0575
0.0575
0.0575
0.0575
0.0575
0.0575
0.0575
0.0575
0.0575
0.0575
0.0575
0.0575
0.0575
0.0575
0.0575
0.0575
0.0575
0.0575
0.0575
0.0575
0.0575
0.0575
0.0575
0.0575
0.0575
0.0575
0.0575
0.0575
0.0575
0.0575
0.0575
0.0575
0.0575
0.0575
0.0575
0.0575
0.0575
0.0575
0.0575
0.0575
0.0575
0.0575
0.0575
0.0575
0.0575
0.0575
0.0575
0.0575
0.0575
0.0575
0.0575
0.0575
0.0575
0.0575
0.0575
0.0575
0.0575
0.0575
0.0575
0.0575
0.0575
0.0575
0.0575
0.0575
0.0575
0.0575
0.0575
0.0575
0.0575
0.0575
0.0575
0.0575
0.0575
0.0575
0.0575
0.0575
0.0575
0.0575
0.0575
0.0575
0.0575
0.0575
0.0575
0.0575
0.0575
0.0575
0.0575
0.0575
0.0575
0.0575
0.0575
0.0575
0.0575
0.0575
0.0575
0.0575
0.0575
0.0575
0.0575
0.0575
0.0575
0.0575
0.0575
0.0575
0.0575
0.0575
0.0575
0.0575
0.0575
0.0575
0.0575
0.0575
0.0575
0.0575
0.0575
0.0575
0.0575
0.0575
0.0575
0.0575
0.0575
0.0575
0.0575
0.0575
0.0575
0.0575
0.0575
0.0575
0.0575
0.0575
0.0575
0.0575
0.0575
0.0575
0.0575
0.0575
0.0575
0.0575
0.0575
0.0575
0.0575
0.0575
0.0575
0.0575
0.0575
0.0575
0.0575
0.0575
0.0575
0.0575
0.0575
0.0575
0.0575
0.0575
0.0575
0.0575
0.0575
0.0575
0.0575
0.0575
0.0575
0.0575
0.0575
0.0575
0.0575
0.0575
0.0575
0.0575
0.0575
0.0575
0.0575
0.0575
0.0575
0.0575
0.0575
0.0575
0.0575
0.0575
0.0575
0.0575
0.0575
0.0575
0.0575
0.0575
0.0575
0.0575
0.0575
0.0575
0.0575
0.0575
0.0575
0.0575
0.0575
0.0575
0.0575
0.0575
0.0575
0.0575
0.0575
0.0575
0.0575
0.0575
0.0575
0.0575
0.0575
0.0575
0.0575
0.0575
0.0575
0.0575
0.0575
0.0575
0.0575
0.0575
0.0575
0.0575
0.0575
0.0575
0.0575
0.0575
0.0575
0.0575
0.0575
0.0575
0.0575
0.0575
0.0575
0.0575
0.0575
0.0575
0.0575
0.0575
0.0575
0.0575
0.0575
0.0575
0.0575
0.0575
0.0575
0.0575
0.0575
0.0575
0.0575
0.0575
0.0575
0.0575
0.0575
0.0575
0.0575
0.0575
0.0575
0.0575
0.0575
0.0575
0.0575
0.0575
0.0575
0.0575
0.0575
0.0575
