0.0175
0.2925
0.315
0.3125
0.3175
0.3075
0.2875
0.2975
0.245
0.25
0.2525
0.265
0.2375
0.27
0.245
0.26
0.24
0.24
0.25
0.22
0.205
0.2175
0.2325
0.225
0.2375
0.265
0.26
0.28
0.1875
0.185
0.1575
0.1425
0.17
0.1525
0.145
0.165
0.1325
0.1375
0.1475
0.0925
0.1175
0.12
0.095
0.085
0.0725
0.085
0.0875
0.0825
0.1025
0.0775
0.095
0.0775
0.06
0.0725
0.07
0.09
0.0825
0.105
0.0975
0.125
0.1
0.1475
0.125
0.1625
0.14
0.145
0.13
0.115
0.1075
0.1075
0.0975
0.115
0.08
0.085
0.075
0.0675
0.0725
0.075
0.08
0.0825
0.1
0.085
0.08
0.065
0.0575
0.0525
0.0525
0.05
0.05
0.055
0.0475
0.04
0.035
0.035
0.03
0.0275
0.0225
0.0225
0.0225
0.0225
0.0225
0.0225
0.0225
0.0225
0.0225
0.0225
0.0225
0.0225
0.0225
0.0225
0.0225
0.0225
0.0225
0.0225
0.0225
0.0225
0.0225
0.0225
0.0225
0.0225
0.0225
0.0225
0.0225
0.0225
0.0225
0.0225
0.0225
0.0225
0.0225
0.0225
0.0225
0.0225
0.0225
0.0225
0.0225
0.0225
0.0225
0.0225
0.0225
0.0225
0.0225
0.0225
0.0225
0.0225
0.0225
0.0225
0.0225
0.0225
0.0225
0.0225
0.0225
0.0225
0.0225
0.0225
0.0225
0.0225
0.0225
0.0225
0.0225
0.0225
0.0225
0.0225
0.0225
0.0225
0.0225
0.0225
0.0225
0.0225
0.0225
0.0225
0.0225
0.0225
0.0225
0.0225
0.0225
0.0225
0.0225
0.0225
0.0225
0.0225
0.0225
0.0225
0.0225
0.0225
0.0225
0.0225
0.0225
0.0225
0.0225
0.0225
0.0225
0.0225
0.0225
0.0225
0.0225
0.0225
0.0225
0.0225
0.0225
0.0225
0.0225
0.0225
0.0225
0.0225
0.0225
0.0225
0.0225
0.0225
0.0225
0.0225
0.0225
0.0225
0.0225
0.0225
0.0225
0.0225
0.0225
0.0225
0.0225
0.0225
0.0225
0.0225
0.0225
0.0225
0.0225
0.0225
0.0225
0.0225
0.0225
0.0225
0.0225
0.0225
0.0225
0.0225
0.0225
0.0225
0.0225
0.0225
0.0225
0.0225
0.0225
0.0225
0.0225
0.0225
0.0225
0.0225
0.0225
0.0225
0.0225
0.0225
0.0225
0.0225
0.0225
0.0225
0.0225
0.0225
0.0225
0.0225
0.0225
0.0225
0.0225
0.0225
0.0225
0.0225
0.0225
0.0225
0.0225
0.0225
0.0225
0.0225
0.0225
0.0225
0.0225
0.0225
0.0225
0.0225
0.0225
0.0225
0.0225
0.0225
0.0225
0.0225
0.0225
0.0225
0.0225
0.0225
0.0225
0.0225
0.0225
0.0225
0.0225
0.0225
0.0225
0.0225
0.0225
0.0225
0.0225
0.0225
0.0225
0.0225
0.0225
0.0225
0.0225
0.0225
0.0225
0.0225
0.0225
0.0225
0.0225
0.0225
0.0225
0.0225
0.0225
0.0225
0.0225
0.0225
0.0225
0.0225
0.0225
0.0225
0.0225
0.0225
0.0225
0.0225
0.0225
0.0225
0.0225
0.0225
0.0225
0.0225
0.0225
0.0225
0.0225
0.0225
0.0225
0.0225
0.0225
0.0225
0.0225
0.0225
0.0225
0.0225
0.0225
0.0225
0.0225
0.0225
0.0225
0.0225
0.0225
0.0225
0.0225
0.0225
0.0225
0.0225
0.0225
0.0225
0.0225
0.0225
0.0225
0.0225
0.0225
0.0225
0.0225
0.0225
0.0225
0.0225
0.0225
0.0225
0.0225
0.0225
0.0225
0.0225
0.0225
0.0225
0.0225
0.0225
0.0225
0.0225
0.0225
0.0225
0.0225
0.0225
0.0225
0.0225
0.0225
0.0225
0.0225
0.0225
0.0225
0.0225
0.0225
0.0225
0.0225
0.0225
0.0225
0.0225
0.0225
0.0225
0.0225
0.0225
0.0225
0.0225
0.0225
0.0225
0.0225
0.0225
0.0225
0.0225
0.0225
0.0225
0.0225
0.0225
0.0225
0.0225
0.0225
0.0225
0.0225
0.0225
0.0225
0.0225
0.0225
0.0225
0.0225
0.0225
0.0225
0.0225
0.0225
0.0225
0.0225
0.0225
0.0225
0.0225
0.0225
0.0225
0.0225
0.0225
0.0225
0.0225
0.0225
0.0225
0.0225
0.0225
0.0225
0.0225
0.0225
0.0225
0.0225
0.0225
0.0225
0.0225
0.0225
0.0225
0.0225
0.0225
0.0225
0.0225
0.0225
0.0225
0.0225
0.0225
0.0225
0.0225
0.0225
0.0225
0.0225
0.0225
0.0225
0.0225
0.0225
0.0225
0.0225
0.0225
0.0225
0.0225
0.0225
0.0225
0.0225
0.0225
0.0225
0.0225
0.0225
0.0225
0.0225
0.0225
0.0225
0.0225
0.0225
0.0225
0.0225
0.0225
0.0225
0.0225
0.0225
0.0225
0.0225
0.0225
0.0225
0.0225
0.0225
0.0225
0.0225
0.0225
0.0225
0.0225
0.0225
0.0225
0.0225
0.0225
0.0225
0.0225
0.0225
0.0225
0.0225
0.0225
0.0225
0.0225
0.0225
0.0225
0.0225
0.0225
0.0225
0.0225
0.0225
0.0225
0.0225
0.0225
0.0225
0.0225
0.0225
0.0225
0.0225
0.0225
0.0225
0.0225
0.0225
0.0225
0.0225
0.0225
0.0225
0.0225
0.0225
0.0225
0.0225
0.0225
0.0225
0.0225
0.0225
0.0225
0.0225
0.0225
0.0225
0.0225
0.0225
0.0225
0.0225
0.0225
0.0225
0.0225
0.0225
0.0225
0.0225
0.0225
0.0225
0.0225
0.0225
0.0225
0.0225
0.0225
0.0225
0.0225
0.0225
0.0225
0.0225
0.0225
0.0225
0.0225
0.0225
0.0225
0.0225
0.0225
0.0225
0.0225
0.0225
0.0225
0.0225
0.0225
0.0225
0.0225
0.0225
0.0225
0.0225
0.0225
0.0225
0.0225
0.0225
0.0225
0.0225
0.0225
0.0225
0.0225
0.0225
0.0225
0.0225
0.0225
0.0225
0.0225
0.0225
0.0225
0.0225
0.0225
0.0225
0.0225
0.0225
0.0225
0.0225
0.0225
0.0225
0.0225
0.0225
0.0225
0.0225
0.0225
0.0225
0.0225
0.0225
0.0225
0.0225
0.0225
0.0225
0.0225
0.0225
0.0225
0.0225
0.0225
0.0225
0.0225
0.0225
0.0225
0.0225
0.0225
0.0225
0.0225
0.0225
0.0225
0.0225
0.0225
0.0225
0.0225
0.0225
0.0225
0.0225
0.0225
0.0225
0.0225
0.0225
0.0225
0.0225
0.0225
0.0225
0.0225
0.0225
0.0225
0.0225
0.0225
0.0225
0.0225
0.0225
0.0225
0.0225
0.0225
0.0225
0.0225
0.0225
0.0225
0.0225
0.0225
0.0225
0.0225
0.0225
0.0225
0.0225
0.0225
0.0225
0.0225
0.0225
0.0225
0.0225
0.0225
0.0225
0.0225
0.0225
0.0225
0.0225
0.0225
0.0225
0.0225
0.0225
0.0225
0.0225
0.0225
0.0225
0.0225
0.0225
0.0225
0.0225
0.0225
0.0225
0.0225
0.0225
0.0225
0.0225
0.0225
0.0225
0.0225
0.0225
0.0225
0.0225
0.0225
0.0225
0.0225
0.0225
0.0225
0.0225
0.0225
0.0225
0.0225
0.0225
0.0225
0.0225
0.0225
0.0225
0.0225
0.0225
0.0225
0.0225
0.0225
0.0225
0.0225
0.0225
0.0225
0.0225
0.0225
0.0225
0.0225
0.0225
0.0225
0.0225
0.0225
0.0225
0.0225
0.0225
0.0225
0.0225
0.0225
0.0225
0.0225
0.0225
0.0225
0.0225
0.0225
0.0225
0.0225
0.0225
0.0225
0.0225
0.0225
0.0225
0.0225
0.0225
0.0225
0.0225
0.0225
0.0225
0.0225
0.0225
0.0225
0.0225
0.0225
0.0225
0.0225
0.0225
0.0225
0.0225
0.0225
0.0225
0.0225
0.0225
0.0225
0.0225
0.0225
0.0225
0.0225
0.0225
0.0225
0.0225
0.0225
0.0225
0.0225
0.0225
0.0225
0.0225
0.0225
0.0225
0.0225
0.0225
0.0225
0.0225
0.0225
0.0225
0.0225
0.0225
0.0225
0.0225
0.0225
0.0225
0.0225
0.0225
0.0225
0.0225
0.0225
0.0225
0.0225
0.0225
0.0225
0.0225
0.0225
0.0225
0.0225
0.0225
0.0225
0.0225
0.0225
0.0225
0.0225
0.0225
0.0225
0.0225
0.0225
0.0225
0.0225
0.0225
0.0225
0.0225
0.0225
0.0225
0.0225
0.0225
0.0225
0.0225
0.0225
0.0225
0.0225
0.0225
0.0225
0.0225
0.0225
0.0225
0.0225
0.0225
0.0225
0.0225
0.0225
0.0225
0.0225
0.0225
0.0225
0.0225
0.0225
0.0225
0.0225
0.0225
0.0225
0.0225
0.0225
0.0225
0.0225
0.0225
0.0225
0.0225
0.0225
0.0225
0.0225
0.0225
0.0225
0.0225
0.0225
0.0225
0.0225
0.0225
0.0225
0.0225
0.0225
0.0225
0.0225
0.0225
0.0225
0.0225
0.0225
0.0225
0.0225
0.0225
0.0225
0.0225
0.0225
0.0225
0.0225
0.0225
0.0225
0.0225
0.0225
0.0225
0.0225
0.0225
0.0225
0.0225
0.0225
0.0225
0.0225
0.0225
0.0225
0.0225
0.0225
0.0225
0.0225
0.0225
0.0225
0.0225
0.0225
0.0225
0.0225
0.0225
0.0225
0.0225
0.0225
0.0225
0.0225
0.0225
0.0225
0.0225
0.0225
0.0225
0.0225
0.0225
0.0225
0.0225
0.0225
0.0225
0.0225
0.0225
0.0225
0.0225
0.0225
0.0225
0.0225
0.0225
0.0225
0.0225
0.0225
0.0225
0.0225
0.0225
0.0225
0.0225
0.0225
0.0225
0.0225
0.0225
0.0225
0.0225
0.0225
0.0225
0.0225
0.0225
0.0225
0.0225
0.0225
0.0225
0.0225
0.0225
0.0225
0.0225
0.0225
0.0225
0.0225
0.0225
0.0225
0.0225
0.0225
0.0225
0.0225
0.0225
0.0225
0.0225
0.0225
0.0225
0.0225
0.0225
0.0225
0.0225
0.0225
0.0225
