0.075
0.3025
0.315
0.255
0.25
0.1875
0.165
0.1575
0.1225
0.0925
0.0925
0.085
0.0975
0.0975
0.115
0.1175
0.09
0.0875
0.1025
0.095
0.0975
0.0825
0.075
0.075
0.0825
0.105
0.11
0.14
0.11
0.145
0.115
0.1125
0.1175
0.105
0.1075
0.1075
0.1275
0.1125
0.1175
0.125
0.125
0.1225
0.1125
0.1125
0.125
0.155
0.155
0.185
0.17
0.215
0.1925
0.1725
0.195
0.2075
0.2225
0.22
0.25
0.1975
0.21
0.1875
0.21
0.185
0.21
0.19
0.1825
0.2475
0.1675
0.1825
0.145
0.1475
0.1625
0.1525
0.1775
0.14
0.155
0.1825
0.1775
0.185
0.17
0.1975
0.1725
0.1925
0.1575
0.1925
0.1475
0.1975
0.1425
0.185
0.165
0.225
0.195
0.2175
0.18
0.155
0.195
0.12
0.1175
0.13
0.135
0.13
0.1275
0.125
0.1625
0.1575
0.175
0.1725
0.2
0.22
0.225
0.25
0.2425
0.2425
0.255
0.23
0.24
0.2475
0.2275
0.2075
0.23
0.2175
0.2525
0.22
0.2675
0.2175
0.2375
0.2275
0.24
0.2375
0.2575
0.285
0.225
0.27
0.3
0.22
0.23
0.225
0.18
0.185
0.18
0.16
0.16
0.15
0.16
0.1825
0.195
0.1825
0.18
0.15
0.1625
0.155
0.145
0.1375
0.1275
0.14
0.1125
0.12
0.12
0.1425
0.1325
0.13
0.1325
0.1325
0.145
0.16
0.175
0.1725
0.19
0.2075
0.21
0.2075
0.2025
0.205
0.2325
0.2175
0.19
0.195
0.165
0.1875
0.16
0.1575
0.155
0.125
0.1125
0.12
0.13
0.115
0.1425
0.135
0.165
0.155
0.1675
0.16
0.1825
0.2075
0.2175
0.18
0.2025
0.1725
0.165
0.1875
0.145
0.1625
0.165
0.1725
0.1825
0.2
0.1925
0.17
0.1575
0.1475
0.1375
0.1175
0.12
0.1275
0.09
0.06
0.0475
0.0675
0.0525
0.085
0.06
0.0825
0.045
0.025
0.02
0.0175
0.0225
0.02
0.0225
0.03
0.0275
0.045
0.0275
0.0275
0.025
0.0325
0.04
0.0475
0.0475
0.0575
0.0625
0.0875
0.0625
0.08
0.0675
0.0925
0.075
0.115
0.0975
0.1125
0.075
0.0775
0.0725
0.0675
0.08
0.08
0.0975
0.085
0.075
0.095
0.0775
0.0825
0.085
0.085
0.0775
0.07
0.09
0.0875
0.09
0.1025
0.07
0.06
0.05
0.05
0.0475
0.0525
0.0425
0.0425
0.0375
0.0375
0.0525
0.0325
0.0275
0.0175
0.0175
0.0175
0.0175
0.0175
0.0175
0.0175
0.0175
0.0175
0.0175
0.0175
0.0175
0.0175
0.0175
0.0175
0.0175
0.0175
0.0175
0.0175
0.0175
0.0175
0.0175
0.0175
0.0175
0.0175
0.0175
0.0175
0.0175
0.0175
0.0175
0.0175
0.0175
0.0175
0.0175
0.0175
0.0175
0.0175
0.0175
0.0175
0.0175
0.0175
0.0175
0.0175
0.0175
0.0175
0.0175
0.0175
0.0175
0.0175
0.0175
0.0175
0.0175
0.0175
0.0175
0.0175
0.0175
0.0175
0.0175
0.0175
0.0175
0.0175
0.0175
0.0175
0.0175
0.0175
0.0175
0.0175
0.0175
0.0175
0.0175
0.0175
0.0175
0.0175
0.0175
0.0175
0.0175
0.0175
0.0175
0.0175
0.0175
0.0175
0.0175
0.0175
0.0175
0.0175
0.0175
0.0175
0.0175
0.0175
0.0175
0.0175
0.0175
0.0175
0.0175
0.0175
0.0175
0.0175
0.0175
0.0175
0.0175
0.0175
0.0175
0.0175
0.0175
0.0175
0.0175
0.0175
0.0175
0.0175
0.0175
0.0175
0.0175
0.0175
0.0175
0.0175
0.0175
0.0175
0.0175
0.0175
0.0175
0.0175
0.0175
0.0175
0.0175
0.0175
0.0175
0.0175
0.0175
0.0175
0.0175
0.0175
0.0175
0.0175
0.0175
0.0175
0.0175
0.0175
0.0175
0.0175
0.0175
0.0175
0.0175
0.0175
0.0175
0.0175
0.0175
0.0175
0.0175
0.0175
0.0175
0.0175
0.0175
0.0175
0.0175
0.0175
0.0175
0.0175
0.0175
0.0175
0.0175
0.0175
0.0175
0.0175
0.0175
0.0175
0.0175
0.0175
0.0175
0.0175
0.0175
0.0175
0.0175
0.0175
0.0175
0.0175
0.0175
0.0175
0.0175
0.0175
0.0175
0.0175
0.0175
0.0175
0.0175
0.0175
0.0175
0.0175
0.0175
0.0175
0.0175
0.0175
0.0175
0.0175
0.0175
0.0175
0.0175
0.0175
0.0175
0.0175
0.0175
0.0175
0.0175
0.0175
0.0175
0.0175
0.0175
0.0175
0.0175
0.0175
0.0175
0.0175
0.0175
0.0175
0.0175
0.0175
0.0175
0.0175
0.0175
0.0175
0.0175
0.0175
0.0175
0.0175
0.0175
0.0175
0.0175
0.0175
0.0175
0.0175
0.0175
0.0175
0.0175
0.0175
0.0175
0.0175
0.0175
0.0175
0.0175
0.0175
0.0175
0.0175
0.0175
0.0175
0.0175
0.0175
0.0175
0.0175
0.0175
0.0175
0.0175
0.0175
0.0175
0.0175
0.0175
0.0175
0.0175
0.0175
0.0175
0.0175
0.0175
0.0175
0.0175
0.0175
0.0175
0.0175
0.0175
0.0175
0.0175
0.0175
0.0175
0.0175
0.0175
0.0175
0.0175
0.0175
0.0175
0.0175
0.0175
0.0175
0.0175
0.0175
0.0175
0.0175
0.0175
0.0175
0.0175
0.0175
0.0175
0.0175
0.0175
0.0175
0.0175
0.0175
0.0175
0.0175
0.0175
0.0175
0.0175
0.0175
0.0175
0.0175
0.0175
0.0175
0.0175
0.0175
0.0175
0.0175
0.0175
0.0175
0.0175
0.0175
0.0175
0.0175
0.0175
0.0175
0.0175
0.0175
0.0175
0.0175
0.0175
0.0175
0.0175
0.0175
0.0175
0.0175
0.0175
0.0175
0.0175
0.0175
0.0175
0.0175
0.0175
0.0175
0.0175
0.0175
0.0175
0.0175
0.0175
0.0175
0.0175
0.0175
0.0175
0.0175
0.0175
0.0175
0.0175
0.0175
0.0175
0.0175
0.0175
0.0175
0.0175
0.0175
0.0175
0.0175
0.0175
0.0175
0.0175
0.0175
0.0175
0.0175
0.0175
0.0175
0.0175
0.0175
0.0175
0.0175
0.0175
0.0175
0.0175
0.0175
0.0175
0.0175
0.0175
0.0175
0.0175
0.0175
0.0175
0.0175
0.0175
0.0175
0.0175
0.0175
0.0175
0.0175
0.0175
0.0175
0.0175
0.0175
0.0175
0.0175
0.0175
0.0175
0.0175
0.0175
0.0175
0.0175
0.0175
0.0175
0.0175
0.0175
0.0175
0.0175
0.0175
0.0175
0.0175
0.0175
0.0175
0.0175
0.0175
0.0175
0.0175
0.0175
0.0175
0.0175
0.0175
0.0175
0.0175
0.0175
0.0175
0.0175
0.0175
0.0175
0.0175
0.0175
0.0175
0.0175
0.0175
0.0175
0.0175
0.0175
0.0175
0.0175
0.0175
0.0175
0.0175
0.0175
0.0175
0.0175
0.0175
0.0175
0.0175
0.0175
0.0175
0.0175
0.0175
0.0175
0.0175
0.0175
0.0175
0.0175
0.0175
0.0175
0.0175
0.0175
0.0175
0.0175
0.0175
0.0175
0.0175
0.0175
0.0175
0.0175
0.0175
0.0175
0.0175
0.0175
0.0175
0.0175
0.0175
0.0175
0.0175
0.0175
0.0175
0.0175
0.0175
0.0175
0.0175
0.0175
0.0175
0.0175
0.0175
0.0175
0.0175
0.0175
0.0175
0.0175
0.0175
0.0175
0.0175
0.0175
0.0175
0.0175
0.0175
0.0175
0.0175
0.0175
0.0175
0.0175
0.0175
0.0175
0.0175
0.0175
0.0175
0.0175
0.0175
0.0175
0.0175
0.0175
0.0175
0.0175
0.0175
0.0175
0.0175
0.0175
0.0175
0.0175
0.0175
0.0175
0.0175
0.0175
0.0175
0.0175
0.0175
0.0175
0.0175
0.0175
0.0175
0.0175
0.0175
0.0175
0.0175
0.0175
0.0175
0.0175
0.0175
0.0175
0.0175
0.0175
0.0175
0.0175
0.0175
0.0175
0.0175
0.0175
0.0175
0.0175
0.0175
0.0175
0.0175
0.0175
0.0175
0.0175
0.0175
0.0175
0.0175
0.0175
0.0175
0.0175
0.0175
0.0175
0.0175
0.0175
0.0175
0.0175
0.0175
0.0175
0.0175
0.0175
0.0175
0.0175
0.0175
0.0175
0.0175
0.0175
0.0175
0.0175
0.0175
0.0175
0.0175
0.0175
0.0175
0.0175
0.0175
0.0175
0.0175
0.0175
0.0175
0.0175
0.0175
0.0175
0.0175
0.0175
0.0175
0.0175
0.0175
0.0175
0.0175
0.0175
0.0175
0.0175
0.0175
0.0175
0.0175
0.0175
0.0175
0.0175
0.0175
0.0175
0.0175
0.0175
0.0175
0.0175
0.0175
0.0175
0.0175
0.0175
0.0175
0.0175
0.0175
0.0175
0.0175
0.0175
0.0175
0.0175
0.0175
0.0175
0.0175
0.0175
0.0175
0.0175
0.0175
0.0175
0.0175
0.0175
0.0175
0.0175
0.0175
0.0175
0.0175
0.0175
0.0175
0.0175
0.0175
0.0175
0.0175
0.0175
0.0175
0.0175
0.0175
0.0175
0.0175
0.0175
0.0175
0.0175
0.0175
0.0175
0.0175
0.0175
0.0175
0.0175
0.0175
0.0175
0.0175
0.0175
0.0175
0.0175
0.0175
0.0175
0.0175
0.0175
0.0175
0.0175
0.0175
0.0175
0.0175
0.0175
0.0175
0.0175
0.0175
0.0175
0.0175
0.0175
0.0175
0.0175
0.0175
0.0175
0.0175
0.0175
0.0175
0.0175
0.0175
0.0175
0.0175
0.0175
0.0175
0.0175
0.0175
0.0175
0.0175
0.0175
0.0175
0.0175
0.0175
0.0175
0.0175
0.0175
0.0175
0.0175
0.0175
0.0175
0.0175
0.0175
0.0175
0.0175
0.0175
0.0175
0.0175
