0.01
0.29
0.325
0.295
0.2775
0.25
0.2525
0.24
0.27
0.2325
0.2525
0.245
0.295
0.245
0.22
0.2375
0.1925
0.1875
0.1825
0.1675
0.1375
0.15
0.115
0.1
0.0875
0.085
0.08
0.0725
0.0725
0.07
0.07
0.06
0.07
0.0625
0.07
0.0575
0.0575
0.05
0.0475
0.0525
0.0525
0.055
0.0575
0.0625
0.0725
0.065
0.0875
0.07
0.09
0.065
0.0725
0.0825
0.0875
0.0975
0.1075
0.065
0.055
0.06
0.055
0.05
0.045
0.045
0.045
0.045
0.045
0.045
0.045
0.045
0.045
0.045
0.045
0.045
0.045
0.045
0.045
0.045
0.045
0.045
0.045
0.045
0.045
0.045
0.045
0.045
0.045
0.045
0.045
0.045
0.045
0.045
0.045
0.045
0.045
0.045
0.045
0.045
0.045
0.045
0.045
0.045
0.045
0.045
0.045
0.045
0.045
0.045
0.045
0.045
0.045
0.045
0.045
0.045
0.045
0.05
0.0425
0.0375
0.0325
0.0325
0.04
0.0325
0.035
0.03
0.0325
0.0375
0.04
0.0575
0.04
0.05
0.045
0.0425
0.0375
0.0475
0.035
0.03
0.0225
0.0175
0.0175
0.0175
0.0175
0.0175
0.0175
0.0175
0.0175
0.0175
0.0175
0.0175
0.0175
0.0175
0.0175
0.0175
0.0175
0.0175
0.0175
0.0175
0.0175
0.0175
0.0175
0.0175
0.0175
0.0175
0.0175
0.0175
0.0175
0.0175
0.0175
0.0175
0.0175
0.0175
0.0175
0.0175
0.0175
0.0175
0.0175
0.0175
0.0175
0.0175
0.0175
0.0175
0.0175
0.0175
0.0175
0.0175
0.0175
0.0175
0.0175
0.0175
0.0175
0.0175
0.0175
0.0175
0.0175
0.0175
0.0175
0.0175
0.0175
0.0175
0.0175
0.0175
0.0175
0.0175
0.0175
0.0175
0.0175
0.0175
0.0175
0.0175
0.0175
0.0175
0.0175
0.0175
0.0175
0.0175
0.0175
0.0175
0.0175
0.0175
0.0175
0.0175
0.0175
0.0175
0.0175
0.0175
0.0175
0.0175
0.0175
0.0175
0.0175
0.0175
0.0175
0.0175
0.0175
0.0175
0.0175
0.0175
0.0175
0.0175
0.0175
0.0175
0.0175
0.0175
0.0175
0.0175
0.0175
0.0175
0.0175
0.0175
0.0175
0.0175
0.0175
0.0175
0.0175
0.0175
0.0175
0.0175
0.0175
0.0175
0.0175
0.0175
0.0175
0.0175
0.0175
0.0175
0.0175
0.0175
0.0175
0.0175
0.0175
0.0175
0.0175
0.0175
0.0175
0.0175
0.0175
0.0175
0.0175
0.0175
0.0175
0.0175
0.0175
0.0175
0.0175
0.0175
0.0175
0.0175
0.0175
0.0175
0.0175
0.0175
0.0175
0.0175
0.0175
0.0175
0.0175
0.0175
0.0175
0.0175
0.0175
0.0175
0.0175
0.0175
0.0175
0.0175
0.0175
0.0175
0.0175
0.0175
0.0175
0.0175
0.0175
0.0175
0.0175
0.0175
0.0175
0.0175
0.0175
0.0175
0.0175
0.0175
0.0175
0.0175
0.0175
0.0175
0.0175
0.0175
0.0175
0.0175
0.0175
0.0175
0.0175
0.0175
0.0175
0.0175
0.0175
0.0175
0.0175
0.0175
0.0175
0.0175
0.0175
0.0175
0.0175
0.0175
0.0175
0.0175
0.0175
0.0175
0.0175
0.0175
0.0175
0.0175
0.0175
0.0175
0.0175
0.0175
0.0175
0.0175
0.0175
0.0175
0.0175
0.0175
0.0175
0.0175
0.0175
0.0175
0.0175
0.0175
0.0175
0.0175
0.0175
0.0175
0.0175
0.0175
0.0175
0.0175
0.0175
0.0175
0.0175
0.0175
0.0175
0.0175
0.0175
0.0175
0.0175
0.0175
0.0175
0.0175
0.0175
0.0175
0.0175
0.0175
0.0175
0.0175
0.0175
0.0175
0.0175
0.0175
0.0175
0.0175
0.0175
0.0175
0.0175
0.0175
0.0175
0.0175
0.0175
0.0175
0.0175
0.0175
0.0175
0.0175
0.0175
0.0175
0.0175
0.0175
0.0175
0.0175
0.0175
0.0175
0.0175
0.0175
0.0175
0.0175
0.0175
0.0175
0.0175
0.0175
0.0175
0.0175
0.0175
0.0175
0.0175
0.0175
0.0175
0.0175
0.0175
0.0175
0.0175
0.0175
0.0175
0.0175
0.0175
0.0175
0.0175
0.0175
0.0175
0.0175
0.0175
0.0175
0.0175
0.0175
0.0175
0.0175
0.0175
0.0175
0.0175
0.0175
0.0175
0.0175
0.0175
0.0175
0.0175
0.0175
0.0175
0.0175
0.0175
0.0175
0.0175
0.0175
0.0175
0.0175
0.0175
0.0175
0.0175
0.0175
0.0175
0.0175
0.0175
0.0175
0.0175
0.0175
0.0175
0.0175
0.0175
0.0175
0.0175
0.0175
0.0175
0.0175
0.0175
0.0175
0.0175
0.0175
0.0175
0.0175
0.0175
0.0175
0.0175
0.0175
0.0175
0.0175
0.0175
0.0175
0.0175
0.0175
0.0175
0.0175
0.0175
0.0175
0.0175
0.0175
0.0175
0.0175
0.0175
0.0175
0.0175
0.0175
0.0175
0.0175
0.0175
0.0175
0.0175
0.0175
0.0175
0.0175
0.0175
0.0175
0.0175
0.0175
0.0175
0.0175
0.0175
0.0175
0.0175
0.0175
0.0175
0.0175
0.0175
0.0175
0.0175
0.0175
0.0175
0.0175
0.0175
0.0175
0.0175
0.0175
0.0175
0.0175
0.0175
0.0175
0.0175
0.0175
0.0175
0.0175
0.0175
0.0175
0.0175
0.0175
0.0175
0.0175
0.0175
0.0175
0.0175
0.0175
0.0175
0.0175
0.0175
0.0175
0.0175
0.0175
0.0175
0.0175
0.0175
0.0175
0.0175
0.0175
0.0175
0.0175
0.0175
0.0175
0.0175
0.0175
0.0175
0.0175
0.0175
0.0175
0.0175
0.0175
0.0175
0.0175
0.0175
0.0175
0.0175
0.0175
0.0175
0.0175
0.0175
0.0175
0.0175
0.0175
0.0175
0.0175
0.0175
0.0175
0.0175
0.0175
0.0175
0.0175
0.0175
0.0175
0.0175
0.0175
0.0175
0.0175
0.0175
0.0175
0.0175
0.0175
0.0175
0.0175
0.0175
0.0175
0.0175
0.0175
0.0175
0.0175
0.0175
0.0175
0.0175
0.0175
0.0175
0.0175
0.0175
0.0175
0.0175
0.0175
0.0175
0.0175
0.0175
0.0175
0.0175
0.0175
0.0175
0.0175
0.0175
0.0175
0.0175
0.0175
0.0175
0.0175
0.0175
0.0175
0.0175
0.0175
0.0175
0.0175
0.0175
0.0175
0.0175
0.0175
0.0175
0.0175
0.0175
0.0175
0.0175
0.0175
0.0175
0.0175
0.0175
0.0175
0.0175
0.0175
0.0175
0.0175
0.0175
0.0175
0.0175
0.0175
0.0175
0.0175
0.0175
0.0175
0.0175
0.0175
0.0175
0.0175
0.0175
0.0175
0.0175
0.0175
0.0175
0.0175
0.0175
0.0175
0.0175
0.0175
0.0175
0.0175
0.0175
0.0175
0.0175
0.0175
0.0175
0.0175
0.0175
0.0175
0.0175
0.0175
0.0175
0.0175
0.0175
0.0175
0.0175
0.0175
0.0175
0.0175
0.0175
0.0175
0.0175
0.0175
0.0175
0.0175
0.0175
0.0175
0.0175
0.0175
0.0175
0.0175
0.0175
0.0175
0.0175
0.0175
0.0175
0.0175
0.0175
0.0175
0.0175
0.0175
0.0175
0.0175
0.0175
0.0175
0.0175
0.0175
0.0175
0.0175
0.0175
0.0175
0.0175
0.0175
0.0175
0.0175
0.0175
0.0175
0.0175
0.0175
0.0175
0.0175
0.0175
0.0175
0.0175
0.0175
0.0175
0.0175
0.0175
0.0175
0.0175
0.0175
0.0175
0.0175
0.0175
0.0175
0.0175
0.0175
0.0175
0.0175
0.0175
0.0175
0.0175
0.0175
0.0175
0.0175
0.0175
0.0175
0.0175
0.0175
0.0175
0.0175
0.0175
0.0175
0.0175
0.0175
0.0175
0.0175
0.0175
0.0175
0.0175
0.0175
0.0175
0.0175
0.0175
0.0175
0.0175
0.0175
0.0175
0.0175
0.0175
0.0175
0.0175
0.0175
0.0175
0.0175
0.0175
0.0175
0.0175
0.0175
0.0175
0.0175
0.0175
0.0175
0.0175
0.0175
0.0175
0.0175
0.0175
0.0175
0.0175
0.0175
0.0175
0.0175
0.0175
0.0175
0.0175
0.0175
0.0175
0.0175
0.0175
0.0175
0.0175
0.0175
0.0175
0.0175
0.0175
0.0175
0.0175
0.0175
0.0175
0.0175
0.0175
0.0175
0.0175
0.0175
0.0175
0.0175
0.0175
0.0175
0.0175
0.0175
0.0175
0.0175
0.0175
0.0175
0.0175
0.0175
0.0175
0.0175
0.0175
0.0175
0.0175
0.0175
0.0175
0.0175
0.0175
0.0175
0.0175
0.0175
0.0175
0.0175
0.0175
0.0175
0.0175
0.0175
0.0175
0.0175
0.0175
0.0175
0.0175
0.0175
0.0175
0.0175
0.0175
0.0175
0.0175
0.0175
0.0175
0.0175
0.0175
0.0175
0.0175
0.0175
0.0175
0.0175
0.0175
0.0175
0.0175
0.0175
0.0175
0.0175
0.0175
0.0175
0.0175
0.0175
0.0175
0.0175
0.0175
0.0175
0.0175
0.0175
0.0175
0.0175
0.0175
0.0175
0.0175
0.0175
0.0175
0.0175
0.0175
0.0175
0.0175
0.0175
0.0175
0.0175
0.0175
0.0175
0.0175
0.0175
0.0175
0.0175
0.0175
0.0175
0.0175
0.0175
0.0175
0.0175
0.0175
0.0175
0.0175
0.0175
0.0175
0.0175
0.0175
0.0175
0.0175
0.0175
0.0175
0.0175
0.0175
0.0175
0.0175
0.0175
0.0175
0.0175
0.0175
0.0175
0.0175
0.0175
0.0175
0.0175
0.0175
0.0175
0.0175
0.0175
0.0175
0.0175
0.0175
0.0175
0.0175
0.0175
0.0175
0.0175
0.0175
0.0175
0.0175
0.0175
0.0175
0.0175
0.0175
0.0175
0.0175
0.0175
0.0175
0.0175
0.0175
0.0175
0.0175
0.0175
0.0175
0.0175
0.0175
0.0175
0.0175
