0.02
0.2975
0.3975
0.2425
0.245
0.255
0.2575
0.2275
0.2175
0.2075
0.21
0.2325
0.1925
0.1725
0.165
0.16
0.1725
0.19
0.1575
0.1425
0.15
0.1425
0.1325
0.135
0.1275
0.0925
0.0825
0.0575
0.0475
0.0475
0.05
0.0525
0.0525
0.06
0.0575
0.075
0.06
0.0775
0.08
0.0675
0.08
0.0875
0.085
0.0825
0.09
0.0825
0.0975
0.0925
0.1075
0.0875
0.1125
0.1025
0.0975
0.1
0.0875
0.095
0.0975
0.1075
0.1275
0.1075
0.1275
0.115
0.1275
0.1625
0.1575
0.1725
0.1475
0.18
0.1575
0.17
0.175
0.1725
0.16
0.175
0.1625
0.1475
0.175
0.17
0.1625
0.16
0.1425
0.14
0.1275
0.12
0.1225
0.095
0.085
0.0775
0.0725
0.075
0.075
0.075
0.0825
0.0875
0.0675
0.0775
0.06
0.07
0.0575
0.0575
0.0425
0.04
0.04
0.045
0.0475
0.05
0.0575
0.055
0.07
0.0575
0.075
0.07
0.0825
0.095
0.0975
0.0975
0.1125
0.085
0.0975
0.09
0.095
0.1
0.095
0.1025
0.1125
0.0925
0.1025
0.0925
0.0875
0.085
0.075
0.085
0.0775
0.1025
0.0775
0.1125
0.0975
0.12
0.1025
0.1275
0.1125
0.0825
0.095
0.0575
0.055
0.0575
0.0675
0.065
0.0925
0.0725
0.0725
0.085
0.0975
0.1025
0.1325
0.1225
0.0975
0.0925
0.0975
0.0775
0.0875
0.0625
0.0675
0.0725
0.075
0.0725
0.0775
0.085
0.095
0.095
0.0875
0.0875
0.1025
0.0775
0.0875
0.0825
0.1025
0.0975
0.095
0.0925
0.0825
0.09
0.095
0.1075
0.12
0.105
0.1025
0.095
0.0725
0.08
0.075
0.09
0.085
0.06
0.07
0.0675
0.055
0.0575
0.065
0.07
0.0775
0.07
0.0575
0.0475
0.065
0.035
0.045
0.0475
0.055
0.045
0.045
0.05
0.055
0.055
0.07
0.065
0.0625
0.05
0.06
0.0575
0.06
0.0625
0.0825
0.07
0.0825
0.065
0.0525
0.045
0.035
0.035
0.05
0.0375
0.05
0.0325
0.025
0.0275
0.0325
0.0375
0.0425
0.0525
0.0475
0.055
0.065
0.055
0.0625
0.06
0.0625
0.06
0.045
0.0575
0.0475
0.065
0.045
0.0375
0.035
0.0375
0.05
0.045
0.065
0.0475
0.06
0.055
0.0575
0.0775
0.0675
0.0725
0.0725
0.0625
0.0575
0.0525
0.055
0.0475
0.0525
0.0525
0.0575
0.0525
0.055
0.0625
0.0675
0.0775
0.0875
0.0875
0.075
0.0975
0.065
0.07
0.0525
0.0575
0.0575
0.07
0.0675
0.0775
0.0925
0.0775
0.08
0.07
0.0775
0.08
0.0925
0.1
0.1025
0.105
0.0925
0.09
0.0925
0.0975
0.115
0.1075
0.125
0.0975
0.1175
0.1025
0.1225
0.1
0.115
0.12
0.105
0.125
0.1125
0.12
0.1075
0.1175
0.095
0.1025
0.11
0.0825
0.0875
0.0925
0.08
0.0825
0.085
0.1
0.1
0.08
0.08
0.0675
0.09
0.08
0.105
0.1225
0.1325
0.105
0.125
0.135
0.1325
0.1275
0.11
0.11
0.095
0.105
0.1025
0.0875
0.095
0.1025
0.0925
0.12
0.0875
0.13
0.11
0.1525
0.14
0.1475
0.175
0.195
0.1275
0.1125
0.1325
0.12
0.155
0.125
0.18
0.1175
0.1425
0.11
0.125
0.105
0.12
0.0975
0.09
0.1075
0.0775
0.0775
0.085
0.1025
0.09
0.1025
0.0725
0.065
0.065
0.0525
0.06
0.06
0.055
0.0525
0.06
0.0575
0.0675
0.07
0.06
0.0725
0.0775
0.0925
0.0775
0.0925
0.0875
0.1175
0.09
0.1075
0.1025
0.0975
0.11
0.105
0.1225
0.14
0.105
0.115
0.11
0.1025
0.0925
0.095
0.0825
0.0975
0.1025
0.105
0.09
0.08
0.06
0.055
0.055
0.055
0.0525
0.0475
0.0475
0.0475
0.0475
0.0475
0.0475
0.0475
0.0475
0.0475
0.0475
0.0475
0.0475
0.0475
0.0475
0.0475
0.0475
0.0475
0.0475
0.0475
0.0475
0.0475
0.0475
0.0475
0.0475
0.0475
0.0475
0.0475
0.0475
0.0475
0.0475
0.0475
0.0475
0.0475
0.0475
0.0475
0.0475
0.0475
0.0475
0.0475
0.0475
0.0475
0.0475
0.0475
0.0475
0.0475
0.0475
0.0475
0.0475
0.0475
0.0475
0.0475
0.0475
0.0475
0.0475
0.0475
0.0475
0.0475
0.0475
0.0475
0.0475
0.0475
0.0475
0.0475
0.0475
0.0475
0.0475
0.0475
0.0475
0.0475
0.0475
0.0475
0.0475
0.0475
0.0475
0.0475
0.0475
0.0475
0.0475
0.0475
0.0475
0.0475
0.0475
0.0475
0.0475
0.0475
0.0475
0.0475
0.0475
0.0475
0.0475
0.0475
0.0475
0.0475
0.0475
0.0475
0.0475
0.0475
0.0475
0.0475
0.0475
0.0475
0.0475
0.0475
0.0475
0.0475
0.0475
0.0475
0.0475
0.0475
0.0475
0.0475
0.0475
0.0475
0.0475
0.0475
0.0475
0.0475
0.0475
0.0475
0.0475
0.0475
0.0475
0.0475
0.0475
0.0475
0.0475
0.0475
0.0475
0.0475
0.0475
0.0475
0.0475
0.0475
0.0475
0.0475
0.0475
0.0475
0.0475
0.0475
0.0475
0.0475
0.0475
0.0475
0.0475
0.0475
0.0475
0.0475
0.0475
0.0475
0.0475
0.0475
0.0475
0.0475
0.0475
0.0475
0.0475
0.0475
0.0475
0.0475
0.0475
0.0475
0.0475
0.0475
0.0475
0.0475
0.0475
0.0475
0.0475
0.0475
0.0475
0.0475
0.0475
0.0475
0.0475
0.0475
0.0475
0.0475
0.0475
0.0475
0.0475
0.0475
0.0475
0.0475
0.0475
0.0475
0.0475
0.0475
0.0475
0.0475
0.0475
0.0475
0.0475
0.0475
0.0475
0.0475
0.0475
0.0475
0.0475
0.0475
0.0475
0.0475
0.0475
0.0475
0.0475
0.0475
0.0475
0.0475
0.0475
0.0475
0.0475
0.0475
0.0475
0.0475
0.0475
0.0475
0.0475
0.0475
0.0475
0.0475
0.0475
0.0475
0.0475
0.0475
0.0475
0.0475
0.0475
0.0475
0.0475
0.0475
0.0475
0.0475
0.0475
0.0475
0.0475
0.0475
0.0475
0.0475
0.0475
0.0475
0.0475
0.0475
0.0475
0.0475
0.0475
0.0475
0.0475
0.0475
0.0475
0.0475
0.0475
0.0475
0.0475
0.0475
0.0475
0.0475
0.0475
0.0475
0.0475
0.0475
0.0475
0.0475
0.0475
0.0475
0.0475
0.0475
0.0475
0.0475
0.0475
0.0475
0.0475
0.0475
0.0475
0.0475
0.0475
0.0475
0.0475
0.0475
0.0475
0.0475
0.0475
0.0475
0.0475
0.0475
0.0475
0.0475
0.0475
0.0475
0.0475
0.0475
0.0475
0.0475
0.0475
0.0475
0.0475
0.0475
0.0475
0.0475
0.0475
0.0475
0.0475
0.0475
0.0475
0.0475
0.0475
0.0475
0.0475
0.0475
0.0475
0.0475
0.0475
0.0475
0.0475
0.0475
0.0475
0.0475
0.0475
0.0475
0.0475
0.0475
0.0475
0.0475
0.0475
0.0475
0.0475
0.0475
0.0475
0.0475
0.0475
0.0475
0.0475
0.0475
0.0475
0.0475
0.0475
0.0475
0.0475
0.0475
0.0475
0.0475
0.0475
0.0475
0.0475
0.0475
0.0475
0.0475
0.0475
0.0475
0.0475
0.0475
0.0475
0.0475
0.0475
0.0475
0.0475
0.0475
0.0475
0.0475
0.0475
0.0475
0.0475
0.0475
0.0475
0.0475
0.0475
0.0475
0.0475
0.0475
0.0475
0.0475
0.0475
0.0475
0.0475
0.0475
0.0475
0.0475
0.0475
0.0475
0.0475
0.0475
0.0475
0.0475
0.0475
0.0475
0.0475
0.0475
0.0475
0.0475
0.0475
0.0475
0.0475
0.0475
0.0475
0.0475
0.0475
0.0475
0.0475
0.0475
0.0475
0.0475
0.0475
0.0475
0.0475
0.0475
0.0475
0.0475
0.0475
0.0475
0.0475
0.0475
0.0475
0.0475
0.0475
0.0475
0.0475
0.0475
0.0475
0.0475
0.0475
0.0475
0.0475
0.0475
0.0475
0.0475
0.0475
0.0475
0.0475
0.0475
0.0475
0.0475
0.0475
0.0475
0.0475
0.0475
0.0475
0.0475
0.0475
0.0475
0.0475
0.0475
0.0475
0.0475
0.0475
0.0475
0.0475
0.0475
0.0475
0.0475
0.0475
0.0475
0.0475
0.0475
0.0475
0.0475
0.0475
0.0475
0.0475
0.0475
0.0475
0.0475
0.0475
0.0475
0.0475
0.0475
0.0475
0.0475
0.0475
0.0475
0.0475
0.0475
0.0475
0.0475
0.0475
0.0475
0.0475
0.0475
0.0475
0.0475
0.0475
0.0475
0.0475
0.0475
0.0475
0.0475
0.0475
0.0475
0.0475
0.0475
0.0475
0.0475
0.0475
0.0475
0.0475
0.0475
0.0475
0.0475
0.0475
0.0475
0.0475
0.0475
0.0475
0.0475
0.0475
0.0475
0.0475
0.0475
0.0475
0.0475
0.0475
0.0475
0.0475
0.0475
0.0475
0.0475
0.0475
0.0475
0.0475
0.0475
0.0475
0.0475
0.0475
0.0475
0.0475
0.0475
0.0475
0.0475
0.0475
0.0475
0.0475
0.0475
0.0475
0.0475
0.0475
0.0475
0.0475
0.0475
0.0475
0.0475
0.0475
0.0475
0.0475
0.0475
0.0475
0.0475
0.0475
0.0475
0.0475
0.0475
0.0475
0.0475
0.0475
0.0475
0.0475
0.0475
0.0475
0.0475
0.0475
0.0475
0.0475
0.0475
0.0475
0.0475
0.0475
0.0475
0.0475
0.0475
0.0475
0.0475
0.0475
0.0475
0.0475
