0.04
0.2825
0.35
0.31
0.255
0.3075
0.29
0.2375
0.22
0.2375
0.2025
0.19
0.1975
0.1975
0.2275
0.1775
0.1975
0.1775
0.1825
0.17
0.185
0.17
0.1275
0.1175
0.08
0.095
0.085
0.115
0.1075
0.1225
0.115
0.0925
0.0875
0.0925
0.0725
0.075
0.0775
0.085
0.095
0.11
0.09
0.0875
0.095
0.095
0.1075
0.1075
0.1275
0.1075
0.125
0.1175
0.1225
0.1225
0.145
0.1175
0.1475
0.1275
0.125
0.125
0.1225
0.1325
0.15
0.15
0.125
0.14
0.1225
0.1225
0.11
0.1275
0.105
0.0775
0.075
0.095
0.1
0.095
0.0925
0.1075
0.09
0.085
0.08
0.08
0.1075
0.08
0.0725
0.06
0.0675
0.065
0.08
0.0725
0.1
0.09
0.1025
0.08
0.0625
0.065
0.065
0.0525
0.0425
0.0375
0.0375
0.0375
0.0375
0.0375
0.0375
0.0375
0.0375
0.0375
0.0375
0.0375
0.0375
0.0375
0.0375
0.0375
0.0375
0.0375
0.0375
0.0375
0.0375
0.0375
0.0375
0.0375
0.0375
0.0375
0.0375
0.0375
0.0375
0.0375
0.0375
0.0375
0.0375
0.0375
0.0375
0.0375
0.0375
0.0375
0.0375
0.0375
0.0375
0.0375
0.0375
0.0375
0.0375
0.0375
0.0375
0.0375
0.0375
0.0375
0.0375
0.0375
0.0375
0.0375
0.0375
0.0375
0.0375
0.0375
0.0375
0.0375
0.0375
0.0375
0.0375
0.0375
0.0375
0.0375
0.0375
0.0375
0.0375
0.0375
0.0375
0.0375
0.0375
0.0375
0.0375
0.0375
0.0375
0.0375
0.0375
0.0375
0.0375
0.0375
0.0375
0.0375
0.0375
0.0375
0.0375
0.0375
0.0375
0.0375
0.0375
0.0375
0.0375
0.0375
0.0375
0.0375
0.0375
0.0375
0.0375
0.0375
0.0375
0.0375
0.0375
0.0375
0.0375
0.0375
0.0375
0.0375
0.0375
0.0375
0.0375
0.0375
0.0375
0.0375
0.0375
0.0375
0.0375
0.0375
0.0375
0.0375
0.0375
0.0375
0.0375
0.0375
0.0375
0.0375
0.0375
0.0375
0.0375
0.0375
0.0375
0.0375
0.0375
0.0375
0.0375
0.0375
0.0375
0.0375
0.0375
0.0375
0.0375
0.0375
0.0375
0.0375
0.0375
0.0375
0.0375
0.0375
0.0375
0.0375
0.0375
0.0375
0.0375
0.0375
0.0375
0.0375
0.0375
0.0375
0.0375
0.0375
0.0375
0.0375
0.0375
0.0375
0.0375
0.0375
0.0375
0.0375
0.0375
0.0375
0.0375
0.0375
0.0375
0.0375
0.0375
0.0375
0.0375
0.0375
0.0375
0.0375
0.0375
0.0375
0.0375
0.0375
0.0375
0.0375
0.0375
0.0375
0.0375
0.0375
0.0375
0.0375
0.0375
0.0375
0.0375
0.0375
0.0375
0.0375
0.0375
0.0375
0.0375
0.0375
0.0375
0.0375
0.0375
0.0375
0.0375
0.0375
0.0375
0.0375
0.0375
0.0375
0.0375
0.0375
0.0375
0.0375
0.0375
0.0375
0.0375
0.0375
0.0375
0.0375
0.0375
0.0375
0.0375
0.0375
0.0375
0.0375
0.0375
0.0375
0.0375
0.0375
0.0375
0.0375
0.0375
0.0375
0.0375
0.0375
0.0375
0.0375
0.0375
0.0375
0.0375
0.0375
0.0375
0.0375
0.0375
0.0375
0.0375
0.0375
0.0375
0.0375
0.0375
0.0375
0.0375
0.0375
0.0375
0.0375
0.0375
0.0375
0.0375
0.0375
0.0375
0.0375
0.0375
0.0375
0.0375
0.0375
0.0375
0.0375
0.0375
0.0375
0.0375
0.0375
0.0375
0.0375
0.0375
0.0375
0.0375
0.0375
0.0375
0.0375
0.0375
0.0375
0.0375
0.0375
0.0375
0.0375
0.0375
0.0375
0.0375
0.0375
0.0375
0.0375
0.0375
0.0375
0.0375
0.0375
0.0375
0.0375
0.0375
0.0375
0.0375
0.0375
0.0375
0.0375
0.0375
0.0375
0.0375
0.0375
0.0375
0.0375
0.0375
0.0375
0.0375
0.0375
0.0375
0.0375
0.0375
0.0375
0.0375
0.0375
0.0375
0.0375
0.0375
0.0375
0.0375
0.0375
0.0375
0.0375
0.0375
0.0375
0.0375
0.0375
0.0375
0.0375
0.0375
0.0375
0.0375
0.0375
0.0375
0.0375
0.0375
0.0375
0.0375
0.0375
0.0375
0.0375
0.0375
0.0375
0.0375
0.0375
0.0375
0.0375
0.0375
0.0375
0.0375
0.0375
0.0375
0.0375
0.0375
0.0375
0.0375
0.0375
0.0375
0.0375
0.0375
0.0375
0.0375
0.0375
0.0375
0.0375
0.0375
0.0375
0.0375
0.0375
0.0375
0.0375
0.0375
0.0375
0.0375
0.0375
0.0375
0.0375
0.0375
0.0375
0.0375
0.0375
0.0375
0.0375
0.0375
0.0375
0.0375
0.0375
0.0375
0.0375
0.0375
0.0375
0.0375
0.0375
0.0375
0.0375
0.0375
0.0375
0.0375
0.0375
0.0375
0.0375
0.0375
0.0375
0.0375
0.0375
0.0375
0.0375
0.0375
0.0375
0.0375
0.0375
0.0375
0.0375
0.0375
0.0375
0.0375
0.0375
0.0375
0.0375
0.0375
0.0375
0.0375
0.0375
0.0375
0.0375
0.0375
0.0375
0.0375
0.0375
0.0375
0.0375
0.0375
0.0375
0.0375
0.0375
0.0375
0.0375
0.0375
0.0375
0.0375
0.0375
0.0375
0.0375
0.0375
0.0375
0.0375
0.0375
0.0375
0.0375
0.0375
0.0375
0.0375
0.0375
0.0375
0.0375
0.0375
0.0375
0.0375
0.0375
0.0375
0.0375
0.0375
0.0375
0.0375
0.0375
0.0375
0.0375
0.0375
0.0375
0.0375
0.0375
0.0375
0.0375
0.0375
0.0375
0.0375
0.0375
0.0375
0.0375
0.0375
0.0375
0.0375
0.0375
0.0375
0.0375
0.0375
0.0375
0.0375
0.0375
0.0375
0.0375
0.0375
0.0375
0.0375
0.0375
0.0375
0.0375
0.0375
0.0375
0.0375
0.0375
0.0375
0.0375
0.0375
0.0375
0.0375
0.0375
0.0375
0.0375
0.0375
0.0375
0.0375
0.0375
0.0375
0.0375
0.0375
0.0375
0.0375
0.0375
0.0375
0.0375
0.0375
0.0375
0.0375
0.0375
0.0375
0.0375
0.0375
0.0375
0.0375
0.0375
0.0375
0.0375
0.0375
0.0375
0.0375
0.0375
0.0375
0.0375
0.0375
0.0375
0.0375
0.0375
0.0375
0.0375
0.0375
0.0375
0.0375
0.0375
0.0375
0.0375
0.0375
0.0375
0.0375
0.0375
0.0375
0.0375
0.0375
0.0375
0.0375
0.0375
0.0375
0.0375
0.0375
0.0375
0.0375
0.0375
0.0375
0.0375
0.0375
0.0375
0.0375
0.0375
0.0375
0.0375
0.0375
0.0375
0.0375
0.0375
0.0375
0.0375
0.0375
0.0375
0.0375
0.0375
0.0375
0.0375
0.0375
0.0375
0.0375
0.0375
0.0375
0.0375
0.0375
0.0375
0.0375
0.0375
0.0375
0.0375
0.0375
0.0375
0.0375
0.0375
0.0375
0.0375
0.0375
0.0375
0.0375
0.0375
0.0375
0.0375
0.0375
0.0375
0.0375
0.0375
0.0375
0.0375
0.0375
0.0375
0.0375
0.0375
0.0375
0.0375
0.0375
0.0375
0.0375
0.0375
0.0375
0.0375
0.0375
0.0375
0.0375
0.0375
0.0375
0.0375
0.0375
0.0375
0.0375
0.0375
0.0375
0.0375
0.0375
0.0375
0.0375
0.0375
0.0375
0.0375
0.0375
0.0375
0.0375
0.0375
0.0375
0.0375
0.0375
0.0375
0.0375
0.0375
0.0375
0.0375
0.0375
0.0375
0.0375
0.0375
0.0375
0.0375
0.0375
0.0375
0.0375
0.0375
0.0375
0.0375
0.0375
0.0375
0.0375
0.0375
0.0375
0.0375
0.0375
0.0375
0.0375
0.0375
0.0375
0.0375
0.0375
0.0375
0.0375
0.0375
0.0375
0.0375
0.0375
0.0375
0.0375
0.0375
0.0375
0.0375
0.0375
0.0375
0.0375
0.0375
0.0375
0.0375
0.0375
0.0375
0.0375
0.0375
0.0375
0.0375
0.0375
0.0375
0.0375
0.0375
0.0375
0.0375
0.0375
0.0375
0.0375
0.0375
0.0375
0.0375
0.0375
0.0375
0.0375
0.0375
0.0375
0.0375
0.0375
0.0375
0.0375
0.0375
0.0375
0.0375
0.0375
0.0375
0.0375
0.0375
0.0375
0.0375
0.0375
0.0375
0.0375
0.0375
0.0375
0.0375
0.0375
0.0375
0.0375
0.0375
0.0375
0.0375
0.0375
0.0375
0.0375
0.0375
0.0375
0.0375
0.0375
0.0375
0.0375
0.0375
0.0375
0.0375
0.0375
0.0375
0.0375
0.0375
0.0375
0.0375
0.0375
0.0375
0.0375
0.0375
0.0375
0.0375
0.0375
0.0375
0.0375
0.0375
0.0375
0.0375
0.0375
0.0375
0.0375
0.0375
0.0375
0.0375
0.0375
0.0375
0.0375
0.0375
0.0375
0.0375
0.0375
0.0375
0.0375
0.0375
0.0375
0.0375
0.0375
0.0375
0.0375
0.0375
0.0375
0.0375
0.0375
0.0375
0.0375
0.0375
0.0375
0.0375
0.0375
0.0375
0.0375
0.0375
0.0375
0.0375
0.0375
0.0375
0.0375
0.0375
0.0375
0.0375
0.0375
0.0375
0.0375
0.0375
0.0375
0.0375
0.0375
0.0375
0.0375
0.0375
0.0375
0.0375
0.0375
0.0375
0.0375
0.0375
0.0375
0.0375
0.0375
0.0375
0.0375
0.0375
0.0375
0.0375
0.0375
0.0375
0.0375
0.0375
0.0375
0.0375
0.0375
0.0375
0.0375
0.0375
0.0375
0.0375
0.0375
0.0375
0.0375
0.0375
0.0375
0.0375
0.0375
0.0375
0.0375
0.0375
0.0375
0.0375
0.0375
0.0375
0.0375
0.0375
0.0375
0.0375
0.0375
0.0375
0.0375
0.0375
0.0375
0.0375
0.0375
0.0375
0.0375
0.0375
0.0375
0.0375
0.0375
0.0375
0.0375
0.0375
0.0375
0.0375
0.0375
0.0375
0.0375
0.0375
0.0375
