0.06
0.2725
0.3525
0.2775
0.2875
0.265
0.305
0.2675
0.315
0.24
0.2675
0.22
0.205
0.1725
0.2175
0.16
0.17
0.1775
0.145
0.175
0.1475
0.1625
0.155
0.15
0.15
0.1575
0.1525
0.1625
0.1625
0.1775
0.2
0.1775
0.2125
0.19
0.19
0.18
0.1625
0.1875
0.165
0.1725
0.1775
0.1825
0.155
0.1575
0.1625
0.1325
0.1225
0.12
0.1275
0.1375
0.1525
0.1825
0.18
0.1975
0.19
0.1925
0.18
0.1825
0.1625
0.165
0.1925
0.195
0.215
0.2
0.2425
0.195
0.2
0.185
0.19
0.1725
0.1725
0.165
0.155
0.1675
0.175
0.195
0.1725
0.135
0.1175
0.12
0.1175
0.125
0.12
0.12
0.1425
0.1425
0.1675
0.1575
0.16
0.16
0.1525
0.1675
0.1675
0.1525
0.1625
0.19
0.15
0.1825
0.15
0.165
0.1775
0.1875
0.15
0.1475
0.1275
0.13
0.1125
0.125
0.13
0.125
0.1275
0.1225
0.105
0.11
0.09
0.11
0.13
0.0975
0.1075
0.1075
0.105
0.125
0.105
0.1325
0.1025
0.115
0.125
0.1375
0.145
0.155
0.165
0.1725
0.1225
0.1225
0.11
0.1025
0.1075
0.115
0.11
0.1125
0.115
0.12
0.13
0.145
0.1375
0.115
0.1275
0.1075
0.1025
0.095
0.095
0.1075
0.095
0.0825
0.08
0.09
0.08
0.09
0.0775
0.09
0.0975
0.1225
0.12
0.145
0.16
0.1775
0.1625
0.1675
0.1825
0.2175
0.2075
0.2125
0.2425
0.25
0.2175
0.1925
0.1725
0.185
0.16
0.1525
0.1925
0.18
0.205
0.2425
0.215
0.2625
0.1775
0.185
0.1725
0.1825
0.19
0.175
0.165
0.17
0.21
0.1775
0.1625
0.18
0.165
0.165
0.1625
0.1775
0.15
0.165
0.1625
0.155
0.1775
0.165
0.1675
0.1575
0.225
0.175
0.215
0.2025
0.1975
0.215
0.1875
0.18
0.195
0.19
0.1925
0.2125
0.2025
0.18
0.1975
0.205
0.2125
0.2325
0.25
0.2125
0.22
0.23
0.2425
0.235
0.2425
0.25
0.2225
0.2525
0.215
0.24
0.2225
0.2325
0.1775
0.2075
0.1925
0.205
0.1975
0.2225
0.2
0.1925
0.205
0.17
0.2
0.165
0.145
0.1925
0.11
0.1175
0.1175
0.13
0.1525
0.1575
0.17
0.19
0.17
0.1675
0.155
0.135
0.1225
0.145
0.125
0.145
0.1425
0.17
0.1575
0.195
0.16
0.1925
0.21
0.195
0.1825
0.2175
0.225
0.19
0.2475
0.245
0.2225
0.21
0.1875
0.1775
0.1675
0.2
0.165
0.205
0.1725
0.19
0.175
0.22
0.195
0.1925
0.155
0.1675
0.1475
0.145
0.155
0.125
0.14
0.1075
0.07
0.07
0.065
0.07
0.0675
0.0775
0.07
0.0725
0.07
0.0775
0.075
0.095
0.0675
0.065
0.07
0.07
0.0725
0.08
0.0775
0.1
0.08
0.0925
0.085
0.0725
0.08
0.0675
0.0725
0.075
0.07
0.0725
0.0775
0.0825
0.0925
0.09
0.0775
0.1025
0.085
0.0875
0.07
0.0725
0.0825
0.0725
0.08
0.0825
0.0975
0.0975
0.1225
0.1025
0.11
0.095
0.0825
0.0875
0.0675
0.07
0.0725
0.0775
0.085
0.1025
0.0825
0.06
0.07
0.055
0.06
0.04
0.0475
0.0425
0.0375
0.04
0.0425
0.0475
0.065
0.05
0.055
0.0625
0.0675
0.075
0.09
0.075
0.09
0.0775
0.095
0.0925
0.1
0.095
0.08
0.0775
0.075
0.065
0.06
0.06
0.0575
0.0625
0.0625
0.085
0.05
0.0475
0.045
0.0575
0.0575
0.0825
0.065
0.085
0.07
0.07
0.08
0.08
0.0775
0.0775
0.065
0.0625
0.0625
0.0675
0.0825
0.075
0.075
0.0875
0.0825
0.1175
0.08
0.0725
0.0675
0.0725
0.055
0.0575
0.06
0.05
0.0375
0.05
0.04
0.04
0.045
0.0525
0.0725
0.0575
0.0725
0.0775
0.0775
0.0825
0.0775
0.0775
0.0675
0.0725
0.0775
0.0975
0.085
0.11
0.105
0.1125
0.1225
0.105
0.1175
0.135
0.12
0.14
0.14
0.155
0.155
0.1475
0.16
0.165
0.1425
0.1525
0.1475
0.1825
0.1875
0.175
0.2
0.1875
0.195
0.22
0.1525
0.15
0.1375
0.15
0.14
0.125
0.145
0.1275
0.1325
0.14
0.15
0.185
0.1475
0.15
0.1825
0.1625
0.17
0.1525
0.15
0.1525
0.1525
0.1725
0.1625
0.1875
0.16
0.1525
0.18
0.16
0.1725
0.205
0.19
0.19
0.215
0.2025
0.2225
0.2225
0.2275
0.19
0.2
0.2225
0.1925
0.2125
0.21
0.2225
0.1975
0.1625
0.1725
0.155
0.16
0.15
0.1375
0.145
0.135
0.1275
0.115
0.1275
0.125
0.14
0.105
0.1225
0.09
0.0925
0.0825
0.0875
0.085
0.0825
0.095
0.0875
0.0975
0.0925
0.095
0.1025
0.1225
0.1
0.1025
0.0925
0.08
0.0925
0.0925
0.0875
0.1025
0.095
0.12
0.1125
0.13
0.1425
0.13
0.1525
0.135
0.1325
0.165
0.1525
0.125
0.1475
0.1375
0.13
0.1425
0.1375
0.13
0.1325
0.1125
0.125
0.125
0.1375
0.1325
0.1525
0.135
0.09
0.0725
0.0575
0.055
0.05
0.0525
0.05
0.04
0.035
0.025
0.025
0.025
0.025
0.025
0.025
0.025
0.025
0.025
0.025
0.025
0.025
0.025
0.025
0.025
0.025
0.025
0.025
0.025
0.025
0.025
0.025
0.025
0.025
0.025
0.025
0.025
0.025
0.025
0.025
0.025
0.025
0.025
0.025
0.025
0.025
0.025
0.025
0.025
0.025
0.025
0.025
0.025
0.025
0.025
0.025
0.025
0.025
0.025
0.025
0.025
0.025
0.025
0.025
0.025
0.025
0.025
0.025
0.025
0.025
0.025
0.025
0.025
0.025
0.025
0.025
0.025
0.025
0.025
0.025
0.025
0.025
0.025
0.025
0.025
0.025
0.025
0.025
0.025
0.025
0.025
0.025
0.025
0.025
0.025
0.025
0.025
0.025
0.025
0.025
0.025
0.025
0.025
0.025
0.025
0.025
0.025
0.025
0.025
0.025
0.025
0.025
0.025
0.025
0.025
0.025
0.025
0.025
0.025
0.025
0.025
0.025
0.025
0.025
0.025
0.025
0.025
0.025
0.025
0.025
0.025
0.025
0.025
0.025
0.025
0.025
0.025
0.025
0.025
0.025
0.025
0.025
0.025
0.025
0.025
0.025
0.025
0.025
0.025
0.025
0.025
0.025
0.025
0.025
0.025
0.025
0.025
0.025
0.025
0.025
0.025
0.025
0.025
0.025
0.025
0.025
0.025
0.025
0.025
0.025
0.025
0.025
0.025
0.025
0.025
0.025
0.025
0.025
0.025
0.025
0.025
0.025
0.025
0.025
0.025
0.025
0.025
0.025
0.025
0.025
0.025
0.025
0.025
0.025
0.025
0.025
0.025
0.025
0.025
0.025
0.025
0.025
0.025
0.025
0.025
0.025
0.025
0.025
0.025
0.025
0.025
0.025
0.025
0.025
0.025
0.025
0.025
0.025
0.025
0.025
0.025
0.025
0.025
0.025
0.025
0.025
0.025
0.025
0.025
0.025
0.025
0.025
0.025
0.025
0.025
0.025
0.025
0.025
0.025
0.025
0.025
0.025
0.025
0.025
0.025
0.025
0.025
0.025
0.025
0.025
0.025
0.025
0.025
0.025
0.025
0.025
0.025
0.025
0.025
0.025
0.025
0.025
0.025
0.025
0.025
0.025
0.025
0.025
0.025
0.025
0.025
0.025
0.025
0.025
0.025
0.025
0.025
0.025
0.025
0.025
0.025
0.025
0.025
0.025
0.025
0.025
0.025
0.025
0.025
0.025
0.025
0.025
0.025
0.025
0.025
0.025
0.025
0.025
0.025
0.025
0.025
0.025
0.025
0.025
0.025
0.025
0.025
0.025
0.025
0.025
0.025
0.025
0.025
0.025
0.025
0.025
0.025
0.025
0.025
0.025
0.025
0.025
0.025
0.025
0.025
0.025
0.025
0.025
0.025
0.025
0.025
0.025
0.025
0.025
0.025
0.025
0.025
0.025
0.025
0.025
0.025
0.025
0.025
0.025
0.025
0.025
0.025
0.025
0.025
0.025
0.025
0.025
0.025
0.025
0.025
0.025
0.025
0.025
0.025
0.025
0.025
0.025
0.025
0.025
0.025
0.025
0.025
0.025
0.025
0.025
0.025
0.025
0.025
0.025
0.025
0.025
0.025
0.025
0.025
0.025
0.025
0.025
0.025
0.025
0.025
0.025
0.025
0.025
0.025
0.025
0.025
0.025
0.025
0.025
0.025
0.025
0.025
0.025
0.025
0.025
0.025
0.025
0.025
0.025
0.025
0.025
0.025
0.025
0.025
0.025
0.025
0.025
0.025
0.025
0.025
0.025
0.025
