0.0275
0.3325
0.3475
0.36
0.31
0.3375
0.2625
0.2675
0.2375
0.2375
0.2625
0.235
0.1925
0.1925
0.1825
0.195
0.1825
0.2025
0.1675
0.1825
0.1625
0.1575
0.165
0.1575
0.17
0.145
0.165
0.17
0.165
0.175
0.1725
0.1975
0.21
0.1775
0.185
0.1525
0.1525
0.1675
0.16
0.1675
0.1525
0.1475
0.1525
0.1675
0.16
0.1825
0.18
0.1475
0.1575
0.17
0.195
0.1975
0.195
0.2
0.1775
0.185
0.2075
0.195
0.2225
0.15
0.1625
0.145
0.175
0.1575
0.16
0.1525
0.14
0.165
0.1275
0.115
0.08
0.085
0.0775
0.0925
0.1
0.125
0.1325
0.1375
0.1575
0.15
0.15
0.1575
0.1825
0.17
0.1375
0.1425
0.145
0.16
0.1675
0.1425
0.1475
0.1075
0.1125
0.1075
0.1175
0.1125
0.115
0.105
0.1325
0.0975
0.0825
0.0825
0.0675
0.07
0.0675
0.09
0.08
0.12
0.0875
0.1075
0.1075
0.1225
0.13
0.1325
0.0925
0.08
0.1
0.105
0.09
0.1075
0.09
0.0975
0.095
0.0975
0.1075
0.1025
0.105
0.1025
0.1225
0.105
0.115
0.0825
0.08
0.0875
0.0825
0.1
0.115
0.0975
0.1075
0.1
0.12
0.11
0.125
0.1225
0.1225
0.1325
0.14
0.1325
0.0925
0.095
0.09
0.095
0.1125
0.1125
0.1275
0.1375
0.1175
0.1375
0.1275
0.1525
0.13
0.15
0.1325
0.145
0.16
0.175
0.1725
0.1525
0.1425
0.1575
0.1575
0.1675
0.14
0.1475
0.155
0.1625
0.17
0.165
0.1625
0.1825
0.17
0.22
0.1825
0.2
0.185
0.165
0.1575
0.1575
0.1425
0.165
0.195
0.2
0.19
0.135
0.14
0.13
0.165
0.1125
0.1175
0.0975
0.0925
0.1075
0.1075
0.1225
0.135
0.125
0.1375
0.12
0.14
0.1125
0.1425
0.115
0.075
0.075
0.0725
0.0975
0.065
0.0775
0.065
0.075
0.0675
0.0725
0.0825
0.09
0.13
0.1
0.11
0.105
0.105
0.1025
0.0925
0.1125
0.115
0.1225
0.1175
0.1275
0.11
0.125
0.105
0.1125
0.1125
0.1025
0.115
0.1075
0.1225
0.12
0.1325
0.13
0.1325
0.1275
0.1475
0.16
0.1275
0.15
0.12
0.12
0.11
0.1125
0.13
0.1275
0.115
0.12
0.115
0.115
0.1225
0.13
0.1225
0.1025
0.1025
0.1125
0.1075
0.1075
0.11
0.1075
0.115
0.1075
0.1175
0.1125
0.105
0.0875
0.1075
0.11
0.135
0.1375
0.1875
0.14
0.18
0.1525
0.145
0.1575
0.145
0.1525
0.125
0.1125
0.1175
0.11
0.1375
0.145
0.1675
0.1475
0.13
0.1375
0.1525
0.1375
0.1525
0.18
0.1475
0.1725
0.145
0.14
0.12
0.1175
0.1325
0.1475
0.13
0.145
0.14
0.15
0.17
0.1525
0.16
0.135
0.1325
0.165
0.105
0.1025
0.0875
0.1
0.09
0.11
0.1125
0.12
0.1175
0.1175
0.13
0.125
0.1625
0.135
0.14
0.1425
0.1475
0.15
0.14
0.1425
0.135
0.1375
0.1125
0.1025
0.1025
0.09
0.0925
0.09
0.1
0.095
0.13
0.0825
0.0875
0.0775
0.0825
0.0725
0.075
0.07
0.0825
0.0725
0.0825
0.0775
0.075
0.0925
0.0675
0.07
0.075
0.075
0.0725
0.085
0.0825
0.085
0.08
0.08
0.0925
0.09
0.1025
0.0975
0.11
0.105
0.1
0.12
0.14
0.115
0.1025
0.13
0.12
0.145
0.1325
0.1425
0.1675
0.1625
0.1475
0.1875
0.14
0.135
0.155
0.1225
0.145
0.105
0.0975
0.0975
0.1125
0.0975
0.0975
0.1
0.1
0.095
0.0925
0.1025
0.1
0.125
0.1275
0.1375
0.1125
0.1
0.12
0.1125
0.155
0.0925
0.1025
0.0975
0.1125
0.0975
0.125
0.0875
0.095
0.105
0.115
0.1025
0.1175
0.1075
0.1125
0.105
0.1175
0.125
0.125
0.1425
0.14
0.195
0.18
0.1625
0.155
0.155
0.1625
0.1475
0.1325
0.1225
0.1325
0.1375
0.1425
0.155
0.1275
0.15
0.1325
0.1525
0.145
0.155
0.155
0.15
0.1475
0.1275
0.145
0.13
0.17
0.13
0.17
0.09
0.0675
0.0625
0.06
0.07
0.06
0.07
0.065
0.08
0.065
0.065
0.075
0.0725
0.0725
0.075
0.0725
0.0775
0.0825
0.0725
0.055
0.0425
0.0425
0.0425
0.035
0.0275
0.02
0.015
0.015
0.015
0.015
0.015
0.015
0.015
0.015
0.015
0.015
0.015
0.015
0.015
0.015
0.015
0.015
0.015
0.015
0.015
0.015
0.015
0.015
0.015
0.015
0.015
0.015
0.015
0.015
0.015
0.015
0.015
0.015
0.015
0.015
0.015
0.015
0.015
0.015
0.015
0.015
0.015
0.015
0.015
0.015
0.015
0.015
0.015
0.015
0.015
0.015
0.015
0.015
0.015
0.015
0.015
0.015
0.015
0.015
0.015
0.015
0.015
0.015
0.015
0.015
0.015
0.015
0.015
0.015
0.015
0.015
0.015
0.015
0.015
0.015
0.015
0.015
0.015
0.015
0.015
0.015
0.015
0.015
0.015
0.015
0.015
0.015
0.015
0.015
0.015
0.015
0.015
0.015
0.015
0.015
0.015
0.015
0.015
0.015
0.015
0.015
0.015
0.015
0.015
0.015
0.015
0.015
0.015
0.015
0.015
0.015
0.015
0.015
0.015
0.015
0.015
0.015
0.015
0.015
0.015
0.015
0.015
0.015
0.015
0.015
0.015
0.015
0.015
0.015
0.015
0.015
0.015
0.015
0.015
0.015
0.015
0.015
0.015
0.015
0.015
0.015
0.015
0.015
0.015
0.015
0.015
0.015
0.015
0.015
0.015
0.015
0.015
0.015
0.015
0.015
0.015
0.015
0.015
0.015
0.015
0.015
0.015
0.015
0.015
0.015
0.015
0.015
0.015
0.015
0.015
0.015
0.015
0.015
0.015
0.015
0.015
0.015
0.015
0.015
0.015
0.015
0.015
0.015
0.015
0.015
0.015
0.015
0.015
0.015
0.015
0.015
0.015
0.015
0.015
0.015
0.015
0.015
0.015
0.015
0.015
0.015
0.015
0.015
0.015
0.015
0.015
0.015
0.015
0.015
0.015
0.015
0.015
0.015
0.015
0.015
0.015
0.015
0.015
0.015
0.015
0.015
0.015
0.015
0.015
0.015
0.015
0.015
0.015
0.015
0.015
0.015
0.015
0.015
0.015
0.015
0.015
0.015
0.015
0.015
0.015
0.015
0.015
0.015
0.015
0.015
0.015
0.015
0.015
0.015
0.015
0.015
0.015
0.015
0.015
0.015
0.015
0.015
0.015
0.015
0.015
0.015
0.015
0.015
0.015
0.015
0.015
0.015
0.015
0.015
0.015
0.015
0.015
0.015
0.015
0.015
0.015
0.015
0.015
0.015
0.015
0.015
0.015
0.015
0.015
0.015
0.015
0.015
0.015
0.015
0.015
0.015
0.015
0.015
0.015
0.015
0.015
0.015
0.015
0.015
0.015
0.015
0.015
0.015
0.015
0.015
0.015
0.015
0.015
0.015
0.015
0.015
0.015
0.015
0.015
0.015
0.015
0.015
0.015
0.015
0.015
0.015
0.015
0.015
0.015
0.015
0.015
0.015
0.015
0.015
0.015
0.015
0.015
0.015
0.015
0.015
0.015
0.015
0.015
0.015
0.015
0.015
0.015
0.015
0.015
0.015
0.015
0.015
0.015
0.015
0.015
0.015
0.015
0.015
0.015
0.015
0.015
0.015
0.015
0.015
0.015
0.015
0.015
0.015
0.015
0.015
0.015
0.015
0.015
0.015
0.015
0.015
0.015
0.015
0.015
0.015
0.015
0.015
0.015
0.015
0.015
0.015
0.015
0.015
0.015
0.015
0.015
0.015
0.015
0.015
0.015
0.015
0.015
0.015
0.015
0.015
0.015
0.015
0.015
0.015
0.015
0.015
0.015
0.015
0.015
0.015
0.015
0.015
0.015
0.015
0.015
0.015
0.015
0.015
0.015
0.015
0.015
0.015
0.015
0.015
0.015
0.015
0.015
0.015
0.015
0.015
0.015
0.015
0.015
0.015
0.015
0.015
0.015
0.015
0.015
0.015
0.015
0.015
0.015
0.015
0.015
0.015
0.015
0.015
0.015
0.015
0.015
0.015
0.015
0.015
0.015
0.015
0.015
0.015
0.015
0.015
0.015
0.015
0.015
0.015
0.015
0.015
0.015
0.015
0.015
0.015
0.015
0.015
0.015
0.015
0.015
0.015
0.015
0.015
0.015
0.015
0.015
0.015
0.015
0.015
0.015
0.015
0.015
0.015
0.015
0.015
0.015
0.015
0.015
0.015
0.015
0.015
0.015
0.015
0.015
0.015
0.015
0.015
0.015
0.015
0.015
0.015
0.015
0.015
0.015
0.015
