0.0175
0.3225
0.26
0.2375
0.23
0.2375
0.22
0.205
0.2
0.22
0.245
0.2425
0.2175
0.2575
0.2125
0.2325
0.17
0.1875
0.1525
0.175
0.1575
0.165
0.14
0.1425
0.135
0.1025
0.1025
0.1025
0.12
0.14
0.1
0.1075
0.0925
0.0725
0.07
0.085
0.07
0.08
0.085
0.075
0.085
0.09
0.1025
0.1175
0.1375
0.14
0.135
0.1425
0.1525
0.1725
0.1675
0.1425
0.1775
0.155
0.1275
0.115
0.1025
0.1075
0.11
0.1175
0.115
0.125
0.1425
0.13
0.1375
0.125
0.15
0.125
0.15
0.1425
0.1325
0.1525
0.1425
0.13
0.115
0.1325
0.13
0.16
0.155
0.1525
0.145
0.1625
0.1475
0.145
0.1525
0.135
0.17
0.14
0.15
0.145
0.145
0.1375
0.1375
0.1575
0.145
0.1325
0.17
0.14
0.1925
0.1075
0.1
0.11
0.1075
0.1125
0.135
0.14
0.14
0.1375
0.15
0.1025
0.12
0.1075
0.105
0.09
0.095
0.0825
0.0825
0.0825
0.0875
0.0925
0.0825
0.0775
0.08
0.0825
0.0875
0.0925
0.08
0.0775
0.0775
0.0825
0.08
0.0775
0.0775
0.08
0.075
0.0825
0.0825
0.075
0.0725
0.0675
0.07
0.075
0.0775
0.09
0.0775
0.095
0.0975
0.105
0.1025
0.115
0.135
0.125
0.1075
0.12
0.1425
0.105
0.135
0.1225
0.1325
0.105
0.115
0.0775
0.0675
0.0575
0.0675
0.085
0.09
0.105
0.1
0.0925
0.0925
0.115
0.09
0.1075
0.09
0.0975
0.0875
0.0725
0.085
0.0625
0.0825
0.0675
0.0775
0.0725
0.1
0.0725
0.1
0.09
0.09
0.095
0.095
0.095
0.11
0.085
0.1025
0.0925
0.105
0.1
0.1125
0.14
0.12
0.16
0.1475
0.145
0.165
0.135
0.15
0.1375
0.135
0.1175
0.13
0.0925
0.0975
0.0525
0.0425
0.04
0.04
0.0425
0.0475
0.055
0.06
0.055
0.0675
0.0525
0.0475
0.0525
0.06
0.0775
0.075
0.08
0.1025
0.1025
0.1175
0.11
0.14
0.11
0.1375
0.1075
0.11
0.1025
0.1175
0.13
0.115
0.1225
0.1225
0.11
0.135
0.0975
0.09
0.0925
0.11
0.085
0.095
0.08
0.0875
0.075
0.085
0.07
0.06
0.0675
0.06
0.0725
0.075
0.1
0.08
0.075
0.06
0.06
0.06
0.07
0.075
0.075
0.0675
0.0625
0.0825
0.0875
0.1025
0.08
0.0925
0.0725
0.0825
0.09
0.08
0.1
0.1125
0.105
0.13
0.1275
0.11
0.12
0.13
0.105
0.11
0.1275
0.115
0.1075
0.1175
0.125
0.1325
0.12
0.095
0.085
0.0625
0.0625
0.055
0.05
0.0625
0.0575
0.065
0.0575
0.0625
0.065
0.055
0.055
0.065
0.065
0.0825
0.06
0.0525
0.0525
0.0575
0.0575
0.055
0.055
0.055
0.05
0.0475
0.0425
0.0425
0.0425
0.0425
0.0425
0.0425
0.0425
0.0425
0.0425
0.0425
0.0425
0.0425
0.0425
0.0425
0.0425
0.0425
0.0425
0.0425
0.0425
0.0425
0.0425
0.0425
0.0425
0.0425
0.0425
0.0425
0.0425
0.0425
0.0425
0.0425
0.0425
0.0425
0.0425
0.0425
0.0425
0.0425
0.0425
0.0425
0.0425
0.0425
0.0425
0.0425
0.0425
0.0425
0.0425
0.0425
0.0425
0.0425
0.0425
0.0425
0.0425
0.0425
0.0425
0.0425
0.0425
0.0425
0.0425
0.0425
0.0425
0.0425
0.0425
0.0425
0.0425
0.0425
0.0425
0.0425
0.0425
0.0425
0.0425
0.0425
0.0425
0.0425
0.0425
0.0425
0.0425
0.0425
0.0425
0.0425
0.0425
0.0425
0.0425
0.0425
0.0425
0.0425
0.0425
0.0425
0.0425
0.0425
0.0425
0.0425
0.0425
0.0425
0.0425
0.0425
0.0425
0.0425
0.0425
0.0425
0.0425
0.0425
0.0425
0.0425
0.0425
0.0425
0.0425
0.0425
0.0425
0.0425
0.0425
0.0425
0.0425
0.0425
0.0425
0.0425
0.0425
0.0425
0.0425
0.0425
0.0425
0.0425
0.0425
0.0425
0.0425
0.0425
0.0425
0.0425
0.0425
0.0425
0.0425
0.0425
0.0425
0.0425
0.0425
0.0425
0.0425
0.0425
0.0425
0.0425
0.0425
0.0425
0.0425
0.0425
0.0425
0.0425
0.0425
0.0425
0.0425
0.0425
0.0425
0.0425
0.0425
0.0425
0.0425
0.0425
0.0425
0.0425
0.0425
0.0425
0.0425
0.0425
0.0425
0.0425
0.0425
0.0425
0.0425
0.0425
0.0425
0.0425
0.0425
0.0425
0.0425
0.0425
0.0425
0.0425
0.0425
0.0425
0.0425
0.0425
0.0425
0.0425
0.0425
0.0425
0.0425
0.0425
0.0425
0.0425
0.0425
0.0425
0.0425
0.0425
0.0425
0.0425
0.0425
0.0425
0.0425
0.0425
0.0425
0.0425
0.0425
0.0425
0.0425
0.0425
0.0425
0.0425
0.0425
0.0425
0.0425
0.0425
0.0425
0.0425
0.0425
0.0425
0.0425
0.0425
0.0425
0.0425
0.0425
0.0425
0.0425
0.0425
0.0425
0.0425
0.0425
0.0425
0.0425
0.0425
0.0425
0.0425
0.0425
0.0425
0.0425
0.0425
0.0425
0.0425
0.0425
0.0425
0.0425
0.0425
0.0425
0.0425
0.0425
0.0425
0.0425
0.0425
0.0425
0.0425
0.0425
0.0425
0.0425
0.0425
0.0425
0.0425
0.0425
0.0425
0.0425
0.0425
0.0425
0.0425
0.0425
0.0425
0.0425
0.0425
0.0425
0.0425
0.0425
0.0425
0.0425
0.0425
0.0425
0.0425
0.0425
0.0425
0.0425
0.0425
0.0425
0.0425
0.0425
0.0425
0.0425
0.0425
0.0425
0.0425
0.0425
0.0425
0.0425
0.0425
0.0425
0.0425
0.0425
0.0425
0.0425
0.0425
0.0425
0.0425
0.0425
0.0425
0.0425
0.0425
0.0425
0.0425
0.0425
0.0425
0.0425
0.0425
0.0425
0.0425
0.0425
0.0425
0.0425
0.0425
0.0425
0.0425
0.0425
0.0425
0.0425
0.0425
0.0425
0.0425
0.0425
0.0425
0.0425
0.0425
0.0425
0.0425
0.0425
0.0425
0.0425
0.0425
0.0425
0.0425
0.0425
0.0425
0.0425
0.0425
0.0425
0.0425
0.0425
0.0425
0.0425
0.0425
0.0425
0.0425
0.0425
0.0425
0.0425
0.0425
0.0425
0.0425
0.0425
0.0425
0.0425
0.0425
0.0425
0.0425
0.0425
0.0425
0.0425
0.0425
0.0425
0.0425
0.0425
0.0425
0.0425
0.0425
0.0425
0.0425
0.0425
0.0425
0.0425
0.0425
0.0425
0.0425
0.0425
0.0425
0.0425
0.0425
0.0425
0.0425
0.0425
0.0425
0.0425
0.0425
0.0425
0.0425
0.0425
0.0425
0.0425
0.0425
0.0425
0.0425
0.0425
0.0425
0.0425
0.0425
0.0425
0.0425
0.0425
0.0425
0.0425
0.0425
0.0425
0.0425
0.0425
0.0425
0.0425
0.0425
0.0425
0.0425
0.0425
0.0425
0.0425
0.0425
0.0425
0.0425
0.0425
0.0425
0.0425
0.0425
0.0425
0.0425
0.0425
0.0425
0.0425
0.0425
0.0425
0.0425
0.0425
0.0425
0.0425
0.0425
0.0425
0.0425
0.0425
0.0425
0.0425
0.0425
0.0425
0.0425
0.0425
0.0425
0.0425
0.0425
0.0425
0.0425
0.0425
0.0425
0.0425
0.0425
0.0425
0.0425
0.0425
0.0425
0.0425
0.0425
0.0425
0.0425
0.0425
0.0425
0.0425
0.0425
0.0425
0.0425
0.0425
0.0425
0.0425
0.0425
0.0425
0.0425
0.0425
0.0425
0.0425
0.0425
0.0425
0.0425
0.0425
0.0425
0.0425
0.0425
0.0425
0.0425
0.0425
0.0425
0.0425
0.0425
0.0425
0.0425
0.0425
0.0425
0.0425
0.0425
0.0425
0.0425
0.0425
0.0425
0.0425
0.0425
0.0425
0.0425
0.0425
0.0425
0.0425
0.0425
0.0425
0.0425
0.0425
0.0425
0.0425
0.0425
0.0425
0.0425
0.0425
0.0425
0.0425
0.0425
0.0425
0.0425
0.0425
0.0425
0.0425
0.0425
0.0425
0.0425
0.0425
0.0425
0.0425
0.0425
0.0425
0.0425
0.0425
0.0425
0.0425
0.0425
0.0425
0.0425
0.0425
0.0425
0.0425
0.0425
0.0425
0.0425
0.0425
0.0425
0.0425
0.0425
0.0425
0.0425
0.0425
0.0425
0.0425
0.0425
0.0425
0.0425
0.0425
0.0425
0.0425
0.0425
0.0425
0.0425
0.0425
0.0425
0.0425
0.0425
0.0425
0.0425
0.0425
0.0425
0.0425
0.0425
0.0425
0.0425
0.0425
0.0425
0.0425
0.0425
0.0425
0.0425
0.0425
0.0425
0.0425
0.0425
0.0425
0.0425
0.0425
0.0425
0.0425
0.0425
0.0425
0.0425
0.0425
0.0425
0.0425
0.0425
0.0425
0.0425
0.0425
0.0425
0.0425
0.0425
0.0425
0.0425
0.0425
0.0425
0.0425
0.0425
0.0425
0.0425
0.0425
0.0425
0.0425
0.0425
0.0425
0.0425
0.0425
0.0425
0.0425
0.0425
0.0425
0.0425
0.0425
0.0425
0.0425
0.0425
0.0425
0.0425
0.0425
0.0425
0.0425
0.0425
0.0425
0.0425
0.0425
0.0425
0.0425
0.0425
0.0425
0.0425
0.0425
0.0425
0.0425
0.0425
0.0425
0.0425
0.0425
0.0425
0.0425
0.0425
0.0425
0.0425
0.0425
0.0425
0.0425
0.0425
0.0425
0.0425
0.0425
0.0425
0.0425
0.0425
0.0425
0.0425
0.0425
0.0425
0.0425
0.0425
0.0425
0.0425
0.0425
0.0425
0.0425
0.0425
0.0425
0.0425
0.0425
0.0425
