0.0075
0.295
0.3725
0.2475
0.2125
0.22
0.1725
0.1625
0.14
0.135
0.105
0.0925
0.09
0.075
0.06
0.065
0.065
0.0875
0.0775
0.0825
0.0775
0.0775
0.075
0.09
0.1
0.12
0.1325
0.13
0.15
0.1475
0.18
0.135
0.1375
0.1325
0.125
0.1125
0.1075
0.09
0.1
0.085
0.0825
0.09
0.095
0.0875
0.0975
0.095
0.0975
0.1275
0.1025
0.115
0.1025
0.0675
0.0725
0.0575
0.0525
0.05
0.05
0.055
0.0475
0.0575
0.0725
0.0775
0.08
0.085
0.09
0.0875
0.11
0.09
0.125
0.08
0.1075
0.0775
0.085
0.075
0.0625
0.0675
0.065
0.0925
0.0675
0.0825
0.0675
0.0725
0.07
0.0925
0.08
0.0975
0.1
0.0925
0.1325
0.0975
0.12
0.0925
0.1075
0.1025
0.095
0.065
0.0675
0.0675
0.0825
0.075
0.0725
0.0775
0.0925
0.0875
0.07
0.07
0.0725
0.0875
0.09
0.09
0.075
0.0925
0.09
0.0725
0.0725
0.075
0.0725
0.0875
0.075
0.0875
0.07
0.0925
0.07
0.0775
0.0475
0.06
0.0675
0.09
0.065
0.0425
0.03
0.0325
0.03
0.03
0.0325
0.03
0.045
0.0325
0.05
0.045
0.0575
0.07
0.0725
0.0725
0.0875
0.06
0.0725
0.065
0.0625
0.07
0.0775
0.0975
0.095
0.085
0.1025
0.09
0.0875
0.0925
0.1025
0.0925
0.1125
0.1075
0.1025
0.095
0.1175
0.105
0.13
0.095
0.12
0.11
0.11
0.125
0.115
0.115
0.115
0.1075
0.1225
0.1225
0.1275
0.14
0.12
0.12
0.1325
0.1325
0.1175
0.13
0.11
0.12
0.125
0.14
0.125
0.125
0.13
0.15
0.125
0.135
0.13
0.1075
0.09
0.0725
0.0775
0.0825
0.085
0.0875
0.08
0.1125
0.08
0.0975
0.0925
0.1025
0.11
0.125
0.105
0.1125
0.1075
0.13
0.115
0.1275
0.1325
0.1325
0.1075
0.11
0.0975
0.1
0.0925
0.1075
0.0875
0.0925
0.0775
0.0825
0.09
0.0725
0.0875
0.0775
0.1
0.1
0.13
0.105
0.1025
0.1125
0.1325
0.115
0.1275
0.1275
0.14
0.135
0.1575
0.1325
0.1575
0.1475
0.155
0.1525
0.1625
0.1375
0.1375
0.1525
0.16
0.1675
0.12
0.135
0.1175
0.1325
0.1375
0.1575
0.17
0.17
0.1575
0.1875
0.1225
0.115
0.105
0.0925
0.0925
0.085
0.0975
0.0925
0.125
0.1
0.12
0.0825
0.075
0.08
0.09
0.095
0.095
0.0925
0.095
0.105
0.0925
0.1
0.1025
0.095
0.105
0.1075
0.095
0.0975
0.115
0.11
0.1
0.095
0.095
0.105
0.0975
0.11
0.115
0.115
0.105
0.07
0.07
0.075
0.075
0.08
0.0975
0.08
0.1
0.08
0.0975
0.08
0.085
0.1025
0.0975
0.1125
0.1275
0.135
0.1175
0.12
0.115
0.1375
0.14
0.14
0.1575
0.1675
0.1525
0.1575
0.18
0.1275
0.1125
0.12
0.0925
0.09
0.09
0.08
0.0875
0.0725
0.105
0.095
0.1225
0.0975
0.1075
0.105
0.13
0.0975
0.1
0.11
0.1
0.0975
0.11
0.0775
0.085
0.065
0.0725
0.085
0.0775
0.0675
0.065
0.0775
0.0625
0.07
0.065
0.0675
0.0725
0.08
0.0875
0.0775
0.0775
0.085
0.09
0.105
0.1025
0.1075
0.12
0.1225
0.1075
0.135
0.095
0.1025
0.095
0.105
0.105
0.1
0.1
0.1
0.1
0.09
0.0825
0.07
0.09
0.0775
0.075
0.0925
0.0725
0.0725
0.08
0.0825
0.1
0.1125
0.1125
0.1625
0.1375
0.1825
0.145
0.1525
0.1675
0.1675
0.1675
0.155
0.165
0.1575
0.17
0.1525
0.1425
0.15
0.165
0.1575
0.18
0.1625
0.185
0.1825
0.1575
0.175
0.1625
0.1975
0.1575
0.165
0.1625
0.1625
0.1425
0.13
0.1175
0.1325
0.15
0.1475
0.16
0.1625
0.1325
0.1375
0.1125
0.1325
0.115
0.105
0.11
0.1025
0.1175
0.1275
0.1225
0.1425
0.125
0.1025
0.1175
0.1025
0.145
0.1075
0.1275
0.115
0.095
0.115
0.09
0.0925
0.08
0.085
0.0825
0.09
0.095
0.1025
0.1225
0.105
0.1225
0.11
0.1075
0.1175
0.11
0.13
0.11
0.1275
0.1375
0.1275
0.1475
0.1275
0.1225
0.09
0.095
0.08
0.09
0.065
0.0675
0.0875
0.05
0.0475
0.06
0.055
0.07
0.0675
0.0725
0.085
0.08
0.0725
0.07
0.065
0.07
0.07
0.055
0.0625
0.0475
0.0575
0.05
0.0375
0.0525
0.0375
0.0475
0.0575
0.055
0.0725
0.0725
0.105
0.09
0.1325
0.085
0.0875
0.1125
0.0925
0.0925
0.115
0.0925
0.0875
0.1025
0.105
0.0875
0.105
0.09
0.1125
0.0775
0.07
0.08
0.08
0.0825
0.085
0.0775
0.0825
0.105
0.075
0.0675
0.075
0.06
0.0475
0.0425
0.04
0.0375
0.035
0.0325
0.0225
0.02
0.015
0.015
0.015
0.015
0.015
0.015
0.015
0.015
0.015
0.015
0.015
0.015
0.015
0.015
0.015
0.015
0.015
0.015
0.015
0.015
0.015
0.015
0.015
0.015
0.015
0.015
0.015
0.015
0.015
0.015
0.015
0.015
0.015
0.015
0.015
0.015
0.015
0.015
0.015
0.015
0.015
0.015
0.015
0.015
0.015
0.015
0.015
0.015
0.015
0.015
0.015
0.015
0.015
0.015
0.015
0.015
0.015
0.015
0.015
0.015
0.015
0.015
0.015
0.015
0.015
0.015
0.015
0.015
0.015
0.015
0.015
0.015
0.015
0.015
0.015
0.015
0.015
0.015
0.015
0.015
0.015
0.015
0.015
0.015
0.015
0.015
0.015
0.015
0.015
0.015
0.015
0.015
0.015
0.015
0.015
0.015
0.015
0.015
0.015
0.015
0.015
0.015
0.015
0.015
0.015
0.015
0.015
0.015
0.015
0.015
0.015
0.015
0.015
0.015
0.015
0.015
0.015
0.015
0.015
0.015
0.015
0.015
0.015
0.015
0.015
0.015
0.015
0.015
0.015
0.015
0.015
0.015
0.015
0.015
0.015
0.015
0.015
0.015
0.015
0.015
0.015
0.015
0.015
0.015
0.015
0.015
0.015
0.015
0.015
0.015
0.015
0.015
0.015
0.015
0.015
0.015
0.015
0.015
0.015
0.015
0.015
0.015
0.015
0.015
0.015
0.015
0.015
0.015
0.015
0.015
0.015
0.015
0.015
0.015
0.015
0.015
0.015
0.015
0.015
0.015
0.015
0.015
0.015
0.015
0.015
0.015
0.015
0.015
0.015
0.015
0.015
0.015
0.015
0.015
0.015
0.015
0.015
0.015
0.015
0.015
0.015
0.015
0.015
0.015
0.015
0.015
0.015
0.015
0.015
0.015
0.015
0.015
0.015
0.015
0.015
0.015
0.015
0.015
0.015
0.015
0.015
0.015
0.015
0.015
0.015
0.015
0.015
0.015
0.015
0.015
0.015
0.015
0.015
0.015
0.015
0.015
0.015
0.015
0.015
0.015
0.015
0.015
0.015
0.015
0.015
0.015
0.015
0.015
0.015
0.015
0.015
0.015
0.015
0.015
0.015
0.015
0.015
0.015
0.015
0.015
0.015
0.015
0.015
0.015
0.015
0.015
0.015
0.015
0.015
0.015
0.015
0.015
0.015
0.015
0.015
0.015
0.015
0.015
0.015
0.015
0.015
0.015
0.015
0.015
0.015
0.015
0.015
0.015
0.015
0.015
0.015
0.015
0.015
0.015
0.015
0.015
0.015
0.015
0.015
0.015
0.015
0.015
0.015
0.015
0.015
0.015
0.015
0.015
0.015
0.015
0.015
0.015
0.015
0.015
0.015
0.015
0.015
0.015
0.015
0.015
0.015
0.015
0.015
0.015
0.015
0.015
0.015
0.015
0.015
0.015
0.015
0.015
0.015
0.015
0.015
0.015
0.015
0.015
0.015
0.015
0.015
0.015
0.015
0.015
0.015
0.015
0.015
0.015
0.015
0.015
0.015
0.015
0.015
0.015
0.015
0.015
0.015
0.015
0.015
0.015
0.015
0.015
0.015
0.015
0.015
0.015
0.015
0.015
0.015
0.015
0.015
0.015
0.015
0.015
0.015
0.015
0.015
0.015
0.015
0.015
0.015
0.015
0.015
0.015
0.015
0.015
0.015
0.015
0.015
0.015
0.015
0.015
0.015
0.015
0.015
0.015
0.015
0.015
0.015
0.015
0.015
0.015
0.015
0.015
0.015
0.015
0.015
0.015
0.015
0.015
0.015
0.015
0.015
0.015
0.015
0.015
0.015
0.015
0.015
0.015
0.015
0.015
0.015
0.015
0.015
0.015
0.015
0.015
0.015
0.015
0.015
0.015
0.015
0.015
0.015
0.015
0.015
0.015
0.015
0.015
