0.0075
0.3075
0.3075
0.3075
0.295
0.3
0.3075
0.2775
0.2325
0.215
0.2
0.225
0.2225
0.22
0.2075
0.195
0.18
0.1625
0.1875
0.1625
0.175
0.19
0.1525
0.1525
0.1675
0.135
0.1575
0.1225
0.145
0.14
0.14
0.1425
0.1325
0.135
0.1325
0.1525
0.1375
0.135
0.14
0.1375
0.1725
0.16
0.18
0.175
0.195
0.1575
0.165
0.17
0.2025
0.185
0.18
0.1975
0.1925
0.205
0.21
0.2025
0.1925
0.14
0.1725
0.155
0.17
0.13
0.14
0.11
0.12
0.115
0.1425
0.1125
0.135
0.115
0.1
0.115
0.1125
0.125
0.135
0.145
0.14
0.13
0.1325
0.1575
0.1675
0.1575
0.155
0.1475
0.1225
0.16
0.165
0.1475
0.1325
0.135
0.1525
0.155
0.195
0.175
0.2025
0.21
0.16
0.1675
0.1625
0.145
0.14
0.17
0.165
0.17
0.1475
0.145
0.1375
0.1125
0.125
0.14
0.1275
0.13
0.1075
0.1275
0.115
0.095
0.0925
0.1
0.09
0.075
0.09
0.1025
0.1175
0.125
0.1475
0.1625
0.135
0.17
0.16
0.1675
0.19
0.155
0.1425
0.135
0.145
0.1225
0.155
0.1425
0.1525
0.1725
0.15
0.14
0.13
0.145
0.155
0.1325
0.095
0.0975
0.11
0.135
0.155
0.16
0.155
0.1525
0.165
0.13
0.14
0.135
0.16
0.1625
0.1875
0.1675
0.19
0.1875
0.1775
0.15
0.17
0.1425
0.1275
0.11
0.115
0.1025
0.1025
0.1075
0.09
0.1025
0.0975
0.115
0.1225
0.1325
0.1225
0.1025
0.1075
0.095
0.1125
0.0775
0.0675
0.0525
0.045
0.045
0.045
0.0425
0.0475
0.04
0.055
0.0425
0.06
0.055
0.0675
0.08
0.0825
0.0825
0.0975
0.07
0.0825
0.075
0.0725
0.08
0.0875
0.1075
0.105
0.095
0.1125
0.1
0.0975
0.1025
0.1125
0.1025
0.1225
0.1175
0.1125
0.105
0.1275
0.115
0.14
0.105
0.135
0.115
0.1025
0.1125
0.1025
0.0925
0.1025
0.09
0.095
0.1
0.1075
0.12
0.1075
0.1
0.11
0.095
0.0975
0.12
0.125
0.145
0.155
0.1425
0.1325
0.14
0.145
0.165
0.165
0.18
0.185
0.1975
0.1975
0.2275
0.195
0.2175
0.1925
0.1725
0.205
0.2075
0.215
0.1875
0.16
0.165
0.18
0.1825
0.19
0.1625
0.1925
0.16
0.1525
0.1525
0.1575
0.1575
0.185
0.155
0.165
0.14
0.1675
0.135
0.1625
0.1275
0.135
0.1375
0.15
0.1125
0.13
0.125
0.1475
0.1225
0.1325
0.1375
0.14
0.18
0.1625
0.145
0.1625
0.19
0.19
0.2
0.165
0.13
0.1475
0.1325
0.1275
0.0975
0.1125
0.095
0.1
0.1075
0.11
0.1075
0.11
0.085
0.1
0.1025
0.1075
0.0975
0.0925
0.09
0.1075
0.0975
0.1075
0.095
0.09
0.0875
0.08
0.0975
0.0875
0.1
0.09
0.075
0.0825
0.0975
0.095
0.1
0.125
0.0925
0.0825
0.09
0.065
0.065
0.07
0.065
0.0725
0.0875
0.0675
0.0725
0.0675
0.0675
0.055
0.06
0.0625
0.0725
0.0675
0.0725
0.065
0.07
0.075
0.08
0.09
0.0725
0.0925
0.0875
0.08
0.09
0.0925
0.1025
0.0825
0.085
0.0725
0.08
0.06
0.06
0.045
0.0475
0.05
0.05
0.055
0.055
0.0575
0.0625
0.06
0.0725
0.075
0.0925
0.0875
0.0825
0.095
0.0825
0.095
0.105
0.1125
0.1075
0.1075
0.1025
0.1175
0.135
0.1125
0.1075
0.1125
0.1225
0.135
0.1375
0.155
0.145
0.1425
0.1325
0.1475
0.12
0.12
0.1225
0.1
0.1
0.105
0.105
0.0925
0.0675
0.0725
0.0725
0.0825
0.0575
0.06
0.045
0.0625
0.0475
0.0525
0.0475
0.0575
0.0475
0.0725
0.05
0.05
0.05
0.06
0.055
0.0725
0.07
0.0975
0.08
0.0875
0.085
0.0825
0.0925
0.0775
0.0825
0.1025
0.1
0.145
0.0925
0.09
0.0975
0.07
0.0725
0.0675
0.07
0.075
0.0725
0.0775
0.095
0.06
0.0525
0.05
0.045
0.05
0.045
0.055
0.0525
0.08
0.055
0.0775
0.045
0.045
0.0325
0.0375
0.045
0.055
0.0475
0.06
0.06
0.0975
0.0625
0.0925
0.065
0.0675
0.0575
0.0675
0.0725
0.0725
0.08
0.065
0.0725
0.0725
0.0775
0.0975
0.095
0.0675
0.0725
0.0825
0.0875
0.09
0.12
0.1025
0.12
0.1075
0.1
0.105
0.09
0.0975
0.0875
0.085
0.09
0.095
0.085
0.09
0.055
0.0575
0.0475
0.0575
0.0475
0.055
0.055
0.06
0.0675
0.0825
0.075
0.0975
0.1
0.105
0.08
0.0875
0.0925
0.095
0.095
0.1175
0.1325
0.09
0.0825
0.0975
0.0825
0.0875
0.085
0.105
0.0875
0.085
0.0875
0.0825
0.1025
0.0775
0.0675
0.0525
0.055
0.055
0.0575
0.0625
0.055
0.06
0.065
0.0675
0.0725
0.0775
0.075
0.0775
0.0875
0.065
0.0725
0.07
0.07
0.085
0.075
0.0775
0.08
0.0875
0.0975
0.1075
0.1125
0.1325
0.115
0.12
0.1075
0.1
0.11
0.105
0.1325
0.1
0.1075
0.0825
0.0725
0.0675
0.0725
0.075
0.085
0.075
0.0825
0.0825
0.0925
0.0925
0.12
0.0775
0.07
0.0625
0.0625
0.0625
0.0625
0.0625
0.0625
0.0625
0.0625
0.0625
0.0625
0.0625
0.0625
0.0625
0.0625
0.0625
0.0625
0.0625
0.0625
0.0625
0.0625
0.0625
0.0625
0.0625
0.0625
0.0625
0.0625
0.0625
0.0625
0.0625
0.0625
0.0625
0.0625
0.0625
0.0625
0.0625
0.0625
0.0625
0.0625
0.0625
0.0625
0.0625
0.0625
0.0625
0.0625
0.0625
0.0625
0.0625
0.0625
0.0625
0.0625
0.0625
0.0625
0.0625
0.0625
0.0625
0.0625
0.0625
0.0625
0.0625
0.0625
0.0625
0.0625
0.0625
0.0625
0.0625
0.0625
0.0625
0.0625
0.0625
0.0625
0.0625
0.0625
0.0625
0.0625
0.0625
0.0625
0.0625
0.0625
0.0625
0.0625
0.0625
0.0625
0.0625
0.0625
0.0625
0.0625
0.0625
0.0625
0.0625
0.0625
0.0625
0.0625
0.0625
0.0625
0.0625
0.0625
0.0625
0.0625
0.0625
0.0625
0.0625
0.0625
0.0625
0.0625
0.0625
0.0625
0.0625
0.0625
0.0625
0.0625
0.0625
0.0625
0.0625
0.0625
0.0625
0.0625
0.0625
0.0625
0.0625
0.0625
0.0625
0.0625
0.0625
0.0625
0.0625
0.0625
0.0625
0.0625
0.0625
0.0625
0.0625
0.0625
0.0625
0.0625
0.0625
0.0625
0.0625
0.0625
0.0625
0.0625
0.0625
0.0625
0.0625
0.0625
0.0625
0.0625
0.0625
0.0625
0.0625
0.0625
0.0625
0.0625
0.0625
0.0625
0.0625
0.0625
0.0625
0.0625
0.0625
0.0625
0.0625
0.0625
0.0625
0.0625
0.0625
0.0625
0.0625
0.0625
0.0625
0.0625
0.0625
0.0625
0.0625
0.0625
0.0625
0.0625
0.0625
0.0625
0.0625
0.0625
0.0625
0.0625
0.0625
0.0625
0.0625
0.0625
0.0625
0.0625
0.0625
0.0625
0.0625
0.0625
0.0625
0.0625
0.0625
0.0625
0.0625
0.0625
0.0625
0.0625
0.0625
0.0625
0.0625
0.0625
0.0625
0.0625
0.0625
0.0625
0.0625
0.0625
0.0625
0.0625
0.0625
0.0625
0.0625
0.0625
0.0625
0.0625
0.0625
0.0625
0.0625
0.0625
0.0625
0.0625
0.0625
0.0625
0.0625
0.0625
0.0625
0.0625
0.0625
0.0625
0.0625
0.0625
0.0625
0.0625
0.0625
0.0625
0.0625
0.0625
0.0625
0.0625
0.0625
0.0625
0.0625
0.0625
0.0625
0.0625
0.0625
0.0625
0.0625
0.0625
0.0625
0.0625
0.0625
0.0625
0.0625
0.0625
0.0625
0.0625
0.0625
0.0625
0.0625
0.0625
0.0625
0.0625
0.0625
0.0625
0.0625
0.0625
0.0625
0.0625
0.0625
0.0625
0.0625
0.0625
0.0625
0.0625
0.0625
0.0625
0.0625
0.0625
0.0625
0.0625
0.0625
0.0625
0.0625
0.0625
0.0625
0.0625
0.0625
0.0625
0.0625
0.0625
0.0625
0.0625
0.0625
0.0625
0.0625
0.0625
0.0625
0.0625
0.0625
0.0625
0.0625
0.0625
0.0625
0.0625
0.0625
0.0625
0.0625
0.0625
0.0625
0.0625
0.0625
0.0625
0.0625
0.0625
0.0625
0.0625
0.0625
0.0625
0.0625
0.0625
0.0625
0.0625
0.0625
0.0625
0.0625
0.0625
0.0625
0.0625
0.0625
0.0625
0.0625
0.0625
0.0625
0.0625
0.0625
0.0625
0.0625
0.0625
0.0625
0.0625
0.0625
0.0625
0.0625
0.0625
0.0625
0.0625
0.0625
0.0625
0.0625
0.0625
0.0625
0.0625
0.0625
0.0625
0.0625
0.0625
0.0625
0.0625
0.0625
0.0625
0.0625
0.0625
0.0625
0.0625
0.0625
0.0625
0.0625
0.0625
0.0625
0.0625
0.0625
0.0625
0.0625
0.0625
0.0625
0.0625
0.0625
0.0625
0.0625
0.0625
0.0625
0.0625
0.0625
0.0625
0.0625
0.0625
0.0625
0.0625
0.0625
0.0625
0.0625
0.0625
0.0625
