0.045
0.295
0.34
0.3025
0.26
0.2725
0.245
0.2
0.2375
0.245
0.2275
0.2225
0.2225
0.225
0.205
0.1975
0.2175
0.2025
0.2425
0.1825
0.1875
0.1875
0.18
0.1625
0.135
0.1675
0.1325
0.15
0.14
0.1625
0.1275
0.1325
0.11
0.125
0.1225
0.1325
0.125
0.1575
0.1575
0.2025
0.165
0.1625
0.17
0.1625
0.19
0.1925
0.1825
0.175
0.1675
0.18
0.155
0.18
0.145
0.1525
0.1475
0.1525
0.165
0.165
0.19
0.145
0.15
0.155
0.13
0.1425
0.1125
0.11
0.1225
0.1275
0.11
0.125
0.1175
0.16
0.105
0.12
0.0925
0.1225
0.0875
0.0775
0.065
0.075
0.065
0.0575
0.055
0.0525
0.0475
0.0475
0.0475
0.0475
0.0475
0.0475
0.0475
0.0475
0.0475
0.0475
0.0475
0.0475
0.0475
0.0475
0.0475
0.0475
0.0475
0.0475
0.0475
0.0475
0.0475
0.0475
0.0475
0.0475
0.0475
0.0475
0.0475
0.0475
0.0475
0.0475
0.0475
0.0475
0.0475
0.0475
0.0475
0.0475
0.0475
0.0475
0.0475
0.0475
0.0475
0.0475
0.0475
0.0475
0.0475
0.0475
0.0475
0.0475
0.0475
0.0475
0.0475
0.0475
0.0475
0.0475
0.0475
0.0475
0.0475
0.0475
0.0475
0.0475
0.0475
0.0475
0.0475
0.0475
0.0475
0.0475
0.0475
0.0475
0.0475
0.0475
0.0475
0.0475
0.0475
0.0475
0.0475
0.0475
0.0475
0.0475
0.0475
0.0475
0.0475
0.0475
0.0475
0.0475
0.0475
0.0475
0.0475
0.0475
0.0475
0.0475
0.0475
0.0475
0.0475
0.0475
0.0475
0.0475
0.0475
0.0475
0.0475
0.0475
0.0475
0.0475
0.0475
0.0475
0.0475
0.0475
0.0475
0.0475
0.0475
0.0475
0.0475
0.0475
0.0475
0.0475
0.0475
0.0475
0.0475
0.0475
0.0475
0.0475
0.0475
0.0475
0.0475
0.0475
0.0475
0.0475
0.0475
0.0475
0.0475
0.0475
0.0475
0.0475
0.0475
0.0475
0.0475
0.0475
0.0475
0.0475
0.0475
0.0475
0.0475
0.0475
0.0475
0.0475
0.0475
0.0475
0.0475
0.0475
0.0475
0.0475
0.0475
0.0475
0.0475
0.0475
0.0475
0.0475
0.0475
0.0475
0.0475
0.0475
0.0475
0.0475
0.0475
0.0475
0.0475
0.0475
0.0475
0.0475
0.0475
0.0475
0.0475
0.0475
0.0475
0.0475
0.0475
0.0475
0.0475
0.0475
0.0475
0.0475
0.0475
0.0475
0.0475
0.0475
0.0475
0.0475
0.0475
0.0475
0.0475
0.0475
0.0475
0.0475
0.0475
0.0475
0.0475
0.0475
0.0475
0.0475
0.0475
0.0475
0.0475
0.0475
0.0475
0.0475
0.0475
0.0475
0.0475
0.0475
0.0475
0.0475
0.0475
0.0475
0.0475
0.0475
0.0475
0.0475
0.0475
0.0475
0.0475
0.0475
0.0475
0.0475
0.0475
0.0475
0.0475
0.0475
0.0475
0.0475
0.0475
0.0475
0.0475
0.0475
0.0475
0.0475
0.0475
0.0475
0.0475
0.0475
0.0475
0.0475
0.0475
0.0475
0.0475
0.0475
0.0475
0.0475
0.0475
0.0475
0.0475
0.0475
0.0475
0.0475
0.0475
0.0475
0.0475
0.0475
0.0475
0.0475
0.0475
0.0475
0.0475
0.0475
0.0475
0.0475
0.0475
0.0475
0.0475
0.0475
0.0475
0.0475
0.0475
0.0475
0.0475
0.0475
0.0475
0.0475
0.0475
0.0475
0.0475
0.0475
0.0475
0.0475
0.0475
0.0475
0.0475
0.0475
0.0475
0.0475
0.0475
0.0475
0.0475
0.0475
0.0475
0.0475
0.0475
0.0475
0.0475
0.0475
0.0475
0.0475
0.0475
0.0475
0.0475
0.0475
0.0475
0.0475
0.0475
0.0475
0.0475
0.0475
0.0475
0.0475
0.0475
0.0475
0.0475
0.0475
0.0475
0.0475
0.0475
0.0475
0.0475
0.0475
0.0475
0.0475
0.0475
0.0475
0.0475
0.0475
0.0475
0.0475
0.0475
0.0475
0.0475
0.0475
0.0475
0.0475
0.0475
0.0475
0.0475
0.0475
0.0475
0.0475
0.0475
0.0475
0.0475
0.0475
0.0475
0.0475
0.0475
0.0475
0.0475
0.0475
0.0475
0.0475
0.0475
0.0475
0.0475
0.0475
0.0475
0.0475
0.0475
0.0475
0.0475
0.0475
0.0475
0.0475
0.0475
0.0475
0.0475
0.0475
0.0475
0.0475
0.0475
0.0475
0.0475
0.0475
0.0475
0.0475
0.0475
0.0475
0.0475
0.0475
0.0475
0.0475
0.0475
0.0475
0.0475
0.0475
0.0475
0.0475
0.0475
0.0475
0.0475
0.0475
0.0475
0.0475
0.0475
0.0475
0.0475
0.0475
0.0475
0.0475
0.0475
0.0475
0.0475
0.0475
0.0475
0.0475
0.0475
0.0475
0.0475
0.0475
0.0475
0.0475
0.0475
0.0475
0.0475
0.0475
0.0475
0.0475
0.0475
0.0475
0.0475
0.0475
0.0475
0.0475
0.0475
0.0475
0.0475
0.0475
0.0475
0.0475
0.0475
0.0475
0.0475
0.0475
0.0475
0.0475
0.0475
0.0475
0.0475
0.0475
0.0475
0.0475
0.0475
0.0475
0.0475
0.0475
0.0475
0.0475
0.0475
0.0475
0.0475
0.0475
0.0475
0.0475
0.0475
0.0475
0.0475
0.0475
0.0475
0.0475
0.0475
0.0475
0.0475
0.0475
0.0475
0.0475
0.0475
0.0475
0.0475
0.0475
0.0475
0.0475
0.0475
0.0475
0.0475
0.0475
0.0475
0.0475
0.0475
0.0475
0.0475
0.0475
0.0475
0.0475
0.0475
0.0475
0.0475
0.0475
0.0475
0.0475
0.0475
0.0475
0.0475
0.0475
0.0475
0.0475
0.0475
0.0475
0.0475
0.0475
0.0475
0.0475
0.0475
0.0475
0.0475
0.0475
0.0475
0.0475
0.0475
0.0475
0.0475
0.0475
0.0475
0.0475
0.0475
0.0475
0.0475
0.0475
0.0475
0.0475
0.0475
0.0475
0.0475
0.0475
0.0475
0.0475
0.0475
0.0475
0.0475
0.0475
0.0475
0.0475
0.0475
0.0475
0.0475
0.0475
0.0475
0.0475
0.0475
0.0475
0.0475
0.0475
0.0475
0.0475
0.0475
0.0475
0.0475
0.0475
0.0475
0.0475
0.0475
0.0475
0.0475
0.0475
0.0475
0.0475
0.0475
0.0475
0.0475
0.0475
0.0475
0.0475
0.0475
0.0475
0.0475
0.0475
0.0475
0.0475
0.0475
0.0475
0.0475
0.0475
0.0475
0.0475
0.0475
0.0475
0.0475
0.0475
0.0475
0.0475
0.0475
0.0475
0.0475
0.0475
0.0475
0.0475
0.0475
0.0475
0.0475
0.0475
0.0475
0.0475
0.0475
0.0475
0.0475
0.0475
0.0475
0.0475
0.0475
0.0475
0.0475
0.0475
0.0475
0.0475
0.0475
0.0475
0.0475
0.0475
0.0475
0.0475
0.0475
0.0475
0.0475
0.0475
0.0475
0.0475
0.0475
0.0475
0.0475
0.0475
0.0475
0.0475
0.0475
0.0475
0.0475
0.0475
0.0475
0.0475
0.0475
0.0475
0.0475
0.0475
0.0475
0.0475
0.0475
0.0475
0.0475
0.0475
0.0475
0.0475
0.0475
0.0475
0.0475
0.0475
0.0475
0.0475
0.0475
0.0475
0.0475
0.0475
0.0475
0.0475
0.0475
0.0475
0.0475
0.0475
0.0475
0.0475
0.0475
0.0475
0.0475
0.0475
0.0475
0.0475
0.0475
0.0475
0.0475
0.0475
0.0475
0.0475
0.0475
0.0475
0.0475
0.0475
0.0475
0.0475
0.0475
0.0475
0.0475
0.0475
0.0475
0.0475
0.0475
0.0475
0.0475
0.0475
0.0475
0.0475
0.0475
0.0475
0.0475
0.0475
0.0475
0.0475
0.0475
0.0475
0.0475
0.0475
0.0475
0.0475
0.0475
0.0475
0.0475
0.0475
0.0475
0.0475
0.0475
0.0475
0.0475
0.0475
0.0475
0.0475
0.0475
0.0475
0.0475
0.0475
0.0475
0.0475
0.0475
0.0475
0.0475
0.0475
0.0475
0.0475
0.0475
0.0475
0.0475
0.0475
0.0475
0.0475
0.0475
0.0475
0.0475
0.0475
0.0475
0.0475
0.0475
0.0475
0.0475
0.0475
0.0475
0.0475
0.0475
0.0475
0.0475
0.0475
0.0475
0.0475
0.0475
0.0475
0.0475
0.0475
0.0475
0.0475
0.0475
0.0475
0.0475
0.0475
0.0475
0.0475
0.0475
0.0475
0.0475
0.0475
0.0475
0.0475
0.0475
0.0475
0.0475
0.0475
0.0475
0.0475
0.0475
0.0475
0.0475
0.0475
0.0475
0.0475
0.0475
0.0475
0.0475
0.0475
0.0475
0.0475
0.0475
0.0475
0.0475
0.0475
0.0475
0.0475
0.0475
0.0475
0.0475
0.0475
0.0475
0.0475
0.0475
0.0475
0.0475
0.0475
0.0475
0.0475
0.0475
0.0475
0.0475
0.0475
0.0475
0.0475
0.0475
0.0475
0.0475
0.0475
0.0475
0.0475
0.0475
0.0475
0.0475
0.0475
0.0475
0.0475
0.0475
0.0475
0.0475
0.0475
0.0475
0.0475
0.0475
0.0475
0.0475
0.0475
0.0475
0.0475
0.0475
0.0475
0.0475
0.0475
0.0475
0.0475
0.0475
0.0475
0.0475
0.0475
0.0475
0.0475
0.0475
0.0475
0.0475
0.0475
0.0475
0.0475
0.0475
0.0475
0.0475
0.0475
0.0475
0.0475
0.0475
0.0475
0.0475
0.0475
0.0475
0.0475
0.0475
0.0475
0.0475
0.0475
0.0475
0.0475
0.0475
0.0475
0.0475
0.0475
0.0475
0.0475
0.0475
0.0475
0.0475
0.0475
0.0475
0.0475
0.0475
0.0475
0.0475
0.0475
0.0475
0.0475
0.0475
0.0475
0.0475
0.0475
0.0475
0.0475
0.0475
0.0475
0.0475
0.0475
0.0475
0.0475
0.0475
0.0475
0.0475
0.0475
0.0475
0.0475
0.0475
0.0475
0.0475
0.0475
0.0475
0.0475
0.0475
0.0475
0.0475
0.0475
0.0475
