0.0425
0.3
0.365
0.2925
0.2875
0.265
0.25
0.23
0.23
0.2375
0.2325
0.2175
0.21
0.2025
0.235
0.2025
0.1875
0.185
0.2125
0.1875
0.1875
0.2225
0.1975
0.1975
0.1725
0.18
0.1675
0.1575
0.15
0.22
0.185
0.1775
0.165
0.16
0.1575
0.1525
0.19
0.225
0.1625
0.1775
0.21
0.2225
0.25
0.22
0.2525
0.2225
0.255
0.1975
0.205
0.21
0.235
0.22
0.2425
0.205
0.2375
0.2075
0.2275
0.2475
0.19
0.2
0.1525
0.15
0.1625
0.17
0.1925
0.19
0.1975
0.2025
0.2075
0.205
0.1875
0.205
0.2175
0.215
0.2075
0.1925
0.1825
0.2075
0.19
0.2125
0.16
0.165
0.175
0.1475
0.1625
0.175
0.1775
0.205
0.15
0.1625
0.1775
0.165
0.2025
0.22
0.23
0.22
0.235
0.2275
0.195
0.2275
0.1925
0.1925
0.1675
0.1375
0.1425
0.1275
0.13
0.1225
0.14
0.1325
0.1725
0.1375
0.1575
0.155
0.1675
0.195
0.1875
0.175
0.19
0.1725
0.1525
0.16
0.1625
0.16
0.165
0.17
0.175
0.1675
0.1525
0.17
0.145
0.16
0.1525
0.1325
0.1225
0.105
0.15
0.1225
0.125
0.14
0.1525
0.1425
0.1675
0.175
0.1675
0.1775
0.1675
0.155
0.17
0.1425
0.1525
0.1325
0.125
0.1125
0.1325
0.1075
0.1275
0.1125
0.125
0.1375
0.1575
0.165
0.16
0.155
0.2075
0.15
0.16
0.1375
0.1125
0.0825
0.07
0.0675
0.0675
0.0675
0.0725
0.0825
0.0875
0.0925
0.1075
0.1075
0.12
0.1225
0.11
0.145
0.1275
0.1425
0.14
0.135
0.1525
0.1375
0.1475
0.175
0.1375
0.1725
0.1425
0.12
0.1275
0.1475
0.11
0.1275
0.1
0.1125
0.1
0.13
0.125
0.125
0.115
0.12
0.125
0.1125
0.1175
0.1075
0.0925
0.11
0.1175
0.11
0.1075
0.1225
0.115
0.1175
0.1125
0.1
0.105
0.1275
0.13
0.155
0.13
0.14
0.1525
0.1375
0.12
0.1275
0.1325
0.1675
0.1425
0.145
0.135
0.1675
0.1125
0.0925
0.08
0.0775
0.0775
0.08
0.085
0.0825
0.1025
0.075
0.0875
0.0625
0.0675
0.0625
0.0775
0.0875
0.09
0.0925
0.105
0.0875
0.0875
0.0925
0.095
0.0925
0.0775
0.09
0.0675
0.075
0.06
0.065
0.0775
0.0625
0.08
0.0875
0.11
0.0925
0.1
0.09
0.095
0.095
0.1025
0.13
0.1025
0.1075
0.13
0.1175
0.1525
0.1125
0.13
0.15
0.1275
0.1125
0.0875
0.0775
0.0875
0.11
0.09
0.1
0.1025
0.1075
0.13
0.115
0.115
0.125
0.1225
0.14
0.1225
0.1275
0.1375
0.15
0.1475
0.1575
0.16
0.15
0.18
0.155
0.1775
0.14
0.13
0.1375
0.1325
0.0975
0.11
0.1175
0.1275
0.13
0.0975
0.085
0.1125
0.055
0.0475
0.0375
0.0425
0.0425
0.05
0.055
0.0625
0.0625
0.095
0.0625
0.0675
0.07
0.0725
0.06
0.065
0.0625
0.06
0.0625
0.05
0.045
0.0425
0.0425
0.0475
0.0475
0.0575
0.0575
0.0775
0.0575
0.0575
0.06
0.0625
0.07
0.0725
0.0675
0.065
0.0725
0.075
0.0775
0.0825
0.085
0.0925
0.1
0.12
0.1075
0.105
0.1025
0.1175
0.12
0.1425
0.12
0.1325
0.135
0.13
0.1225
0.115
0.1125
0.14
0.1325
0.145
0.15
0.1575
0.1525
0.16
0.1725
0.135
0.1175
0.1175
0.0975
0.105
0.1
0.115
0.115
0.1225
0.1275
0.1275
0.115
0.115
0.145
0.125
0.155
0.14
0.1525
0.16
0.195
0.1325
0.1375
0.1375
0.1375
0.0925
0.075
0.07
0.065
0.0625
0.055
0.065
0.055
0.045
0.045
0.04
0.0425
0.0525
0.0475
0.065
0.0425
0.035
0.03
0.03
0.03
0.03
0.03
0.03
0.03
0.03
0.03
0.03
0.03
0.03
0.03
0.03
0.03
0.03
0.03
0.03
0.03
0.03
0.03
0.03
0.03
0.03
0.03
0.03
0.0325
0.03
0.025
0.025
0.0225
0.0175
0.015
0.01
0.01
0.01
0.01
0.01
0.01
0.01
0.01
0.01
0.01
0.01
0.01
0.01
0.01
0.01
0.01
0.01
0.01
0.01
0.01
0.01
0.01
0.01
0.01
0.01
0.01
0.01
0.01
0.01
0.01
0.01
0.01
0.01
0.01
0.01
0.01
0.01
0.01
0.01
0.01
0.01
0.01
0.01
0.01
0.01
0.01
0.01
0.01
0.01
0.01
0.01
0.01
0.01
0.01
0.01
0.01
0.01
0.01
0.01
0.01
0.01
0.01
0.01
0.01
0.01
0.01
0.01
0.01
0.01
0.01
0.01
0.01
0.01
0.01
0.01
0.01
0.01
0.01
0.01
0.01
0.01
0.01
0.01
0.01
0.01
0.01
0.01
0.01
0.01
0.01
0.01
0.01
0.01
0.01
0.01
0.01
0.01
0.01
0.01
0.01
0.01
0.01
0.01
0.01
0.01
0.01
0.01
0.01
0.01
0.01
0.01
0.01
0.01
0.01
0.01
0.01
0.01
0.01
0.01
0.01
0.01
0.01
0.01
0.01
0.01
0.01
0.01
0.01
0.01
0.01
0.01
0.01
0.01
0.01
0.01
0.01
0.01
0.01
0.01
0.01
0.01
0.01
0.01
0.01
0.01
0.01
0.01
0.01
0.01
0.01
0.01
0.01
0.01
0.01
0.01
0.01
0.01
0.01
0.01
0.01
0.01
0.01
0.01
0.01
0.01
0.01
0.01
0.01
0.01
0.01
0.01
0.01
0.01
0.01
0.01
0.01
0.01
0.01
0.01
0.01
0.01
0.01
0.01
0.01
0.01
0.01
0.01
0.01
0.01
0.01
0.01
0.01
0.01
0.01
0.01
0.01
0.01
0.01
0.01
0.01
0.01
0.01
0.01
0.01
0.01
0.01
0.01
0.01
0.01
0.01
0.01
0.01
0.01
0.01
0.01
0.01
0.01
0.01
0.01
0.01
0.01
0.01
0.01
0.01
0.01
0.01
0.01
0.01
0.01
0.01
0.01
0.01
0.01
0.01
0.01
0.01
0.01
0.01
0.01
0.01
0.01
0.01
0.01
0.01
0.01
0.01
0.01
0.01
0.01
0.01
0.01
0.01
0.01
0.01
0.01
0.01
0.01
0.01
0.01
0.01
0.01
0.01
0.01
0.01
0.01
0.01
0.01
0.01
0.01
0.01
0.01
0.01
0.01
0.01
0.01
0.01
0.01
0.01
0.01
0.01
0.01
0.01
0.01
0.01
0.01
0.01
0.01
0.01
0.01
0.01
0.01
0.01
0.01
0.01
0.01
0.01
0.01
0.01
0.01
0.01
0.01
0.01
0.01
0.01
0.01
0.01
0.01
0.01
0.01
0.01
0.01
0.01
0.01
0.01
0.01
0.01
0.01
0.01
0.01
0.01
0.01
0.01
0.01
0.01
0.01
0.01
0.01
0.01
0.01
0.01
0.01
0.01
0.01
0.01
0.01
0.01
0.01
0.01
0.01
0.01
0.01
0.01
0.01
0.01
0.01
0.01
0.01
0.01
0.01
0.01
0.01
0.01
0.01
0.01
0.01
0.01
0.01
0.01
0.01
0.01
0.01
0.01
0.01
0.01
0.01
0.01
0.01
0.01
0.01
0.01
0.01
0.01
0.01
0.01
0.01
0.01
0.01
0.01
0.01
0.01
0.01
0.01
0.01
0.01
0.01
0.01
0.01
0.01
0.01
0.01
0.01
0.01
0.01
0.01
0.01
0.01
0.01
0.01
0.01
0.01
0.01
0.01
0.01
0.01
0.01
0.01
0.01
0.01
0.01
0.01
0.01
0.01
0.01
0.01
0.01
0.01
0.01
0.01
0.01
0.01
0.01
0.01
0.01
0.01
0.01
0.01
0.01
0.01
0.01
0.01
0.01
0.01
0.01
0.01
0.01
0.01
0.01
0.01
0.01
0.01
0.01
0.01
0.01
0.01
0.01
0.01
0.01
0.01
0.01
0.01
0.01
0.01
0.01
0.01
0.01
0.01
0.01
0.01
0.01
0.01
0.01
0.01
0.01
0.01
0.01
0.01
0.01
0.01
0.01
0.01
0.01
0.01
0.01
0.01
0.01
0.01
0.01
0.01
0.01
0.01
0.01
0.01
0.01
0.01
0.01
0.01
0.01
0.01
0.01
0.01
0.01
0.01
0.01
0.01
0.01
0.01
0.01
0.01
0.01
0.01
0.01
0.01
0.01
0.01
0.01
0.01
0.01
0.01
0.01
0.01
0.01
0.01
0.01
0.01
0.01
0.01
0.01
0.01
0.01
0.01
0.01
0.01
0.01
0.01
0.01
0.01
0.01
0.01
0.01
0.01
0.01
0.01
0.01
0.01
0.01
