0.0375
0.275
0.3525
0.285
0.2425
0.2025
0.15
0.1075
0.11
0.1125
0.125
0.135
0.1425
0.16
0.16
0.165
0.1425
0.145
0.165
0.135
0.1525
0.1425
0.1525
0.1675
0.1725
0.1475
0.165
0.1375
0.1525
0.125
0.1625
0.135
0.1625
0.1325
0.14
0.13
0.125
0.145
0.1475
0.16
0.1475
0.1725
0.175
0.1825
0.1725
0.1925
0.1625
0.1425
0.15
0.1675
0.165
0.17
0.195
0.165
0.185
0.195
0.155
0.18
0.1875
0.19
0.2075
0.19
0.16
0.17
0.1975
0.18
0.1675
0.16
0.1375
0.1475
0.1325
0.1125
0.1175
0.1075
0.1025
0.125
0.115
0.1275
0.135
0.135
0.145
0.1375
0.165
0.1525
0.185
0.1875
0.2275
0.215
0.2475
0.2
0.2025
0.1875
0.2
0.1975
0.185
0.19
0.1775
0.1975
0.2075
0.2325
0.1875
0.1975
0.16
0.2025
0.1925
0.2175
0.22
0.235
0.2225
0.2325
0.2225
0.2375
0.17
0.1825
0.145
0.1525
0.13
0.14
0.15
0.1275
0.1625
0.165
0.1525
0.1425
0.13
0.155
0.1675
0.16
0.1475
0.1725
0.1825
0.175
0.15
0.175
0.16
0.1775
0.1475
0.1525
0.1475
0.1325
0.1375
0.1275
0.1375
0.14
0.16
0.1675
0.14
0.1525
0.145
0.1675
0.16
0.15
0.1675
0.1525
0.1625
0.1425
0.15
0.1575
0.145
0.1425
0.1525
0.1825
0.1275
0.175
0.105
0.0875
0.09
0.09
0.1
0.105
0.0925
0.095
0.1
0.1025
0.1175
0.1125
0.0975
0.1
0.09
0.0775
0.095
0.08
0.08
0.075
0.1
0.08
0.09
0.095
0.12
0.085
0.0825
0.085
0.0875
0.09
0.095
0.105
0.0975
0.1225
0.105
0.1075
0.1075
0.1175
0.1175
0.1075
0.115
0.1
0.1
0.0875
0.09
0.095
0.105
0.1075
0.1125
0.135
0.1025
0.105
0.095
0.105
0.1025
0.0875
0.085
0.08
0.0975
0.085
0.085
0.08
0.0775
0.075
0.075
0.075
0.08
0.09
0.0875
0.08
0.095
0.0875
0.1
0.0725
0.055
0.055
0.0625
0.0675
0.065
0.0825
0.0675
0.075
0.085
0.0775
0.095
0.0725
0.085
0.085
0.095
0.0925
0.0925
0.1225
0.1
0.115
0.09
0.085
0.0975
0.0825
0.095
0.0925
0.115
0.12
0.1075
0.0975
0.0975
0.1125
0.1175
0.1325
0.1275
0.1175
0.1375
0.14
0.155
0.2025
0.155
0.17
0.165
0.17
0.1825
0.1675
0.16
0.155
0.1075
0.1075
0.1025
0.105
0.0975
0.0775
0.0775
0.08
0.0925
0.0875
0.12
0.11
0.14
0.1175
0.125
0.13
0.14
0.1475
0.1475
0.145
0.1375
0.1325
0.1275
0.1525
0.1375
0.1475
0.1125
0.085
0.0925
0.095
0.1175
0.1
0.125
0.1
0.125
0.1075
0.115
0.0975
0.135
0.125
0.1625
0.1525
0.17
0.145
0.14
0.1275
0.15
0.1575
0.1525
0.1825
0.215
0.1875
0.17
0.16
0.1825
0.175
0.145
0.1675
0.1675
0.1375
0.1675
0.0925
0.0875
0.0775
0.09
0.0675
0.065
0.0725
0.07
0.0875
0.0725
0.1
0.0975
0.115
0.0975
0.1025
0.1025
0.105
0.0925
0.1025
0.1125
0.1025
0.11
0.085
0.095
0.0925
0.1075
0.1075
0.105
0.0975
0.075
0.0925
0.09
0.11
0.1125
0.1375
0.125
0.155
0.11
0.14
0.12
0.135
0.1325
0.14
0.1375
0.17
0.16
0.1675
0.1475
0.165
0.16
0.1775
0.15
0.155
0.1275
0.14
0.1625
0.11
0.0925
0.1125
0.0925
0.095
0.1075
0.0975
0.1275
0.0825
0.0775
0.0725
0.0675
0.0775
0.09
0.1125
0.11
0.0875
0.0725
0.07
0.07
0.065
0.065
0.0625
0.0525
0.06
0.07
0.065
0.06
0.055
0.06
0.0675
0.055
0.0675
0.0525
0.04
0.05
0.0475
0.0575
0.05
0.0475
0.0475
0.04
0.0475
0.05
0.06
0.05
0.05
0.045
0.045
0.06
0.04
0.035
0.025
0.025
0.025
0.025
0.025
0.025
0.025
0.025
0.025
0.025
0.025
0.025
0.025
0.025
0.025
0.025
0.025
0.025
0.025
0.025
0.025
0.025
0.025
0.025
0.025
0.025
0.025
0.025
0.025
0.025
0.025
0.025
0.025
0.025
0.025
0.025
0.025
0.025
0.025
0.025
0.025
0.025
0.025
0.025
0.025
0.025
0.025
0.025
0.025
0.025
0.025
0.025
0.025
0.025
0.025
0.025
0.025
0.025
0.025
0.025
0.025
0.025
0.025
0.025
0.025
0.025
0.025
0.025
0.025
0.025
0.025
0.025
0.025
0.025
0.025
0.025
0.025
0.025
0.025
0.025
0.025
0.025
0.025
0.025
0.025
0.025
0.025
0.025
0.025
0.025
0.025
0.025
0.025
0.025
0.025
0.025
0.025
0.025
0.025
0.025
0.025
0.025
0.025
0.025
0.025
0.025
0.025
0.025
0.025
0.025
0.025
0.025
0.025
0.025
0.025
0.025
0.025
0.025
0.025
0.025
0.025
0.025
0.025
0.025
0.025
0.025
0.025
0.025
0.025
0.025
0.025
0.025
0.025
0.025
0.025
0.025
0.025
0.025
0.025
0.025
0.025
0.025
0.025
0.025
0.025
0.025
0.025
0.025
0.025
0.025
0.025
0.025
0.025
0.025
0.025
0.025
0.025
0.025
0.025
0.025
0.025
0.025
0.025
0.025
0.025
0.025
0.025
0.025
0.025
0.025
0.025
0.025
0.025
0.025
0.025
0.025
0.025
0.025
0.025
0.025
0.025
0.025
0.025
0.025
0.025
0.025
0.025
0.025
0.025
0.025
0.025
0.025
0.025
0.025
0.025
0.025
0.025
0.025
0.025
0.025
0.025
0.025
0.025
0.025
0.025
0.025
0.025
0.025
0.025
0.025
0.025
0.025
0.025
0.025
0.025
0.025
0.025
0.025
0.025
0.025
0.025
0.025
0.025
0.025
0.025
0.025
0.025
0.025
0.025
0.025
0.025
0.025
0.025
0.025
0.025
0.025
0.025
0.025
0.025
0.025
0.025
0.025
0.025
0.025
0.025
0.025
0.025
0.025
0.025
0.025
0.025
0.025
0.025
0.025
0.025
0.025
0.025
0.025
0.025
0.025
0.025
0.025
0.025
0.025
0.025
0.025
0.025
0.025
0.025
0.025
0.025
0.025
0.025
0.025
0.025
0.025
0.025
0.025
0.025
0.025
0.025
0.025
0.025
0.025
0.025
0.025
0.025
0.025
0.025
0.025
0.025
0.025
0.025
0.025
0.025
0.025
0.025
0.025
0.025
0.025
0.025
0.025
0.025
0.025
0.025
0.025
0.025
0.025
0.025
0.025
0.025
0.025
0.025
0.025
0.025
0.025
0.025
0.025
0.025
0.025
0.025
0.025
0.025
0.025
0.025
0.025
0.025
0.025
0.025
0.025
0.025
0.025
0.025
0.025
0.025
0.025
0.025
0.025
0.025
0.025
0.025
0.025
0.025
0.025
0.025
0.025
0.025
0.025
0.025
0.025
0.025
0.025
0.025
0.025
0.025
0.025
0.025
0.025
0.025
0.025
0.025
0.025
0.025
0.025
0.025
0.025
0.025
0.025
0.025
0.025
0.025
0.025
0.025
0.025
0.025
0.025
0.025
0.025
0.025
0.025
0.025
0.025
0.025
0.025
0.025
0.025
0.025
0.025
0.025
0.025
0.025
0.025
0.025
0.025
0.025
0.025
0.025
0.025
0.025
0.025
0.025
0.025
0.025
0.025
0.025
0.025
0.025
0.025
0.025
0.025
0.025
0.025
0.025
0.025
0.025
0.025
0.025
0.025
0.025
0.025
0.025
0.025
0.025
0.025
0.025
0.025
0.025
0.025
0.025
0.025
0.025
0.025
0.025
0.025
0.025
0.025
0.025
0.025
0.025
0.025
0.025
0.025
0.025
0.025
0.025
0.025
0.025
0.025
0.025
0.025
0.025
0.025
0.025
0.025
0.025
0.025
0.025
0.025
0.025
0.025
0.025
0.025
0.025
0.025
0.025
0.025
0.025
0.025
0.025
0.025
0.025
0.025
0.025
0.025
0.025
0.025
0.025
0.025
0.025
0.025
0.025
0.025
0.025
0.025
0.025
0.025
0.025
0.025
0.025
0.025
0.025
0.025
0.025
0.025
0.025
0.025
0.025
0.025
0.025
0.025
0.025
0.025
0.025
0.025
0.025
0.025
0.025
0.025
0.025
0.025
0.025
0.025
0.025
0.025
0.025
0.025
0.025
0.025
0.025
0.025
0.025
0.025
0.025
0.025
0.025
0.025
0.025
0.025
0.025
0.025
0.025
0.025
0.025
0.025
0.025
0.025
0.025
0.025
0.025
0.025
0.025
0.025
0.025
0.025
0.025
0.025
