0.025
0.3175
0.33
0.2925
0.2925
0.3075
0.3025
0.275
0.2825
0.2475
0.2525
0.245
0.18
0.1925
0.1875
0.15
0.1525
0.1125
0.095
0.1
0.0875
0.0925
0.09
0.1075
0.115
0.1125
0.11
0.1175
0.1275
0.125
0.14
0.1375
0.1675
0.15
0.1825
0.1375
0.1275
0.1475
0.1475
0.18
0.15
0.1825
0.175
0.1575
0.185
0.155
0.1775
0.165
0.1675
0.19
0.18
0.2025
0.1875
0.17
0.18
0.1825
0.155
0.155
0.1375
0.15
0.155
0.1275
0.1275
0.14
0.14
0.165
0.1425
0.1425
0.1475
0.1475
0.16
0.1775
0.1825
0.145
0.1375
0.1375
0.16
0.155
0.1475
0.1875
0.16
0.17
0.205
0.1325
0.14
0.1225
0.14
0.115
0.125
0.14
0.12
0.135
0.095
0.0925
0.0825
0.1025
0.085
0.0875
0.08
0.09
0.0875
0.095
0.115
0.1075
0.1275
0.105
0.1225
0.13
0.1325
0.125
0.15
0.135
0.1425
0.1325
0.125
0.1225
0.105
0.1
0.1025
0.1125
0.1125
0.125
0.1275
0.13
0.1625
0.1475
0.145
0.1375
0.145
0.155
0.1825
0.2025
0.19
0.1875
0.22
0.1775
0.205
0.2
0.155
0.1875
0.1725
0.1825
0.16
0.1675
0.15
0.2
0.1375
0.145
0.1225
0.125
0.115
0.1275
0.1475
0.1275
0.1325
0.135
0.1225
0.1325
0.135
0.14
0.1425
0.1375
0.165
0.16
0.1425
0.1575
0.15
0.1725
0.1575
0.18
0.1925
0.1525
0.1375
0.135
0.13
0.14
0.1425
0.1275
0.13
0.155
0.15
0.1775
0.155
0.175
0.15
0.13
0.135
0.14
0.1575
0.1175
0.1275
0.0875
0.095
0.0775
0.075
0.0975
0.0775
0.095
0.0975
0.0725
0.0875
0.09
0.115
0.1025
0.1175
0.12
0.1175
0.1375
0.145
0.1175
0.13
0.13
0.1675
0.1625
0.175
0.1925
0.18
0.2
0.18
0.2
0.17
0.1975
0.1525
0.1575
0.1675
0.1375
0.17
0.14
0.1425
0.1525
0.13
0.115
0.1225
0.125
0.12
0.1125
0.1275
0.125
0.13
0.1175
0.1175
0.1125
0.125
0.1375
0.1525
0.13
0.1275
0.1225
0.1575
0.15
0.1425
0.1725
0.115
0.115
0.115
0.13
0.125
0.1775
0.1425
0.1275
0.12
0.1375
0.1175
0.1175
0.1275
0.11
0.13
0.1075
0.135
0.115
0.16
0.1325
0.155
0.1575
0.1775
0.16
0.1425
0.19
0.13
0.1375
0.15
0.1125
0.105
0.1075
0.1175
0.1425
0.1175
0.1275
0.0925
0.0875
0.09
0.0875
0.0875
0.0925
0.08
0.09
0.105
0.1125
0.125
0.095
0.09
0.095
0.1025
0.0975
0.1
0.1025
0.095
0.12
0.1025
0.105
0.1075
0.13
0.115
0.1225
0.14
0.135
0.16
0.155
0.1375
0.1525
0.1425
0.1525
0.1475
0.155
0.1525
0.135
0.165
0.1425
0.1625
0.1875
0.1875
0.1675
0.18
0.1675
0.12
0.135
0.1575
0.13
0.16
0.13
0.1525
0.15
0.165
0.1725
0.17
0.185
0.195
0.16
0.1625
0.165
0.1825
0.1825
0.1875
0.215
0.1925
0.185
0.18
0.1775
0.2025
0.18
0.215
0.22
0.23
0.1775
0.1425
0.16
0.1375
0.1325
0.1425
0.1575
0.145
0.1525
0.15
0.16
0.165
0.1725
0.1625
0.1825
0.2075
0.2025
0.17
0.2125
0.1775
0.1975
0.195
0.195
0.2175
0.2
0.2025
0.1775
0.1425
0.1375
0.15
0.1575
0.155
0.1475
0.1675
0.145
0.1575
0.1325
0.13
0.115
0.13
0.1375
0.16
0.155
0.1575
0.185
0.1875
0.1525
0.1675
0.19
0.16
0.16
0.1675
0.1275
0.135
0.11
0.1175
0.1275
0.1275
0.15
0.15
0.12
0.1575
0.13
0.13
0.1575
0.16
0.1325
0.1225
0.125
0.1275
0.11
0.08
0.085
0.09
0.095
0.08
0.0825
0.0925
0.0825
0.08
0.0875
0.0875
0.105
0.105
0.1475
0.0875
0.09
0.09
0.1025
0.1125
0.1225
0.13
0.1025
0.1175
0.105
0.1
0.105
0.1025
0.1225
0.1025
0.1175
0.12
0.105
0.1325
0.1125
0.12
0.1125
0.1425
0.1125
0.135
0.11
0.1125
0.105
0.1
0.1075
0.0975
0.095
0.075
0.07
0.075
0.08
0.0825
0.095
0.0975
0.12
0.1225
0.145
0.125
0.1625
0.16
0.185
0.195
0.2075
0.11
0.1125
0.115
0.125
0.13
0.1425
0.1275
0.11
0.1075
0.11
0.1075
0.1125
0.125
0.11
0.1175
0.1075
0.1125
0.1025
0.11
0.1
0.1
0.105
0.1175
0.1075
0.1175
0.1125
0.125
0.1325
0.1575
0.15
0.1575
0.16
0.1775
0.1475
0.1675
0.145
0.1725
0.135
0.13
0.125
0.1225
0.115
0.1375
0.1025
0.1125
0.1225
0.115
0.1225
0.1075
0.11
0.11
0.1125
0.1175
0.1225
0.13
0.1475
0.1275
0.165
0.1625
0.17
0.1875
0.2
0.2025
0.145
0.1525
0.1275
0.1275
0.14
0.14
0.1925
0.1525
0.2125
0.13
0.1325
0.14
0.145
0.1025
0.0975
0.1
0.0775
0.0775
0.0775
0.0875
0.105
0.1125
0.1225
0.1225
0.1
0.1125
0.095
0.1025
0.0925
0.11
0.0975
0.11
0.1225
0.1325
0.1175
0.1325
0.1225
0.1225
0.1
0.085
0.08
0.0825
0.09
0.09
0.09
0.0975
0.1
0.1175
0.0925
0.065
0.0575
0.05
0.0625
0.045
0.0475
0.035
0.0325
0.03
0.045
0.025
0.0175
0.0125
0.0075
0.005
0
0
0
0
0
0
0
0
0
0
0
0
0
0
0
0
0
0
0
0
0
0
0
0
0
0
0
0
0
0
0
0
0
0
0
0
0
0
0
0
0
0
0
0
0
0
0
0
0
0
0
0
0
0
0
0
0
0
0
0
0
0
0
0
0
0
0
0
0
0
0
0
0
0
0
0
0
0
0
0
0
0
0
0
0
0
0
0
0
0
0
0
0
0
0
0
0
0
0
0
0
0
0
0
0
0
0
0
0
0
0
0
0
0
0
0
0
0
0
0
0
0
0
0
0
0
0
0
0
0
0
0
0
0
0
0
0
0
0
0
0
0
0
0
0
0
0
0
0
0
0
0
0
0
0
0
0
0
0
0
0
0
0
0
0
0
0
0
0
0
0
0
0
0
0
0
0
0
0
0
0
0
0
0
0
0
0
0
0
0
0
0
0
0
0
0
0
0
0
0
0
0
0
0
0
0
0
0
0
0
0
0
0
0
0
0
0
0
0
0
0
0
0
0
0
0
0
0
0
0
0
0
0
0
0
0
0
0
0
0
0
0
0
0
0
0
0
0
0
0
0
0
0
0
0
0
0
0
0
0
0
0
0
0
0
0
0
0
0
0
0
0
0
0
0
0
0
0
0
0
0
0
0
0
0
0
0
0
0
0
0
0
0
0
0
0
0
0
0
0
0
0
0
0
0
0
0
0
0
0
0
0
0
0
0
0
0
0
0
0
0
0
0
0
0
0
0
0
0
0
0
0
0
0
0
0
0
0
0
0
0
0
0
0
0
0
0
0
0
0
0
0
0
0
0
0
0
0
0
0
0
0
0
0
0
0
0
0
0
0
0
0
0
0
0
0
0
0
