0
0.285
0.345
0.31
0.3225
0.2275
0.21
0.2675
0.1675
0.2075
0.2
0.205
0.2075
0.2275
0.255
0.245
0.2525
0.245
0.24
0.2225
0.235
0.25
0.2175
0.2275
0.24
0.23
0.255
0.2125
0.2275
0.1875
0.205
0.21
0.175
0.235
0.175
0.2
0.1825
0.2
0.195
0.195
0.1575
0.1325
0.13
0.1025
0.1025
0.09
0.085
0.0825
0.0875
0.0975
0.12
0.1175
0.1025
0.11
0.1175
0.1225
0.1475
0.1175
0.13
0.1275
0.14
0.145
0.1275
0.1125
0.12
0.1075
0.1175
0.1225
0.1475
0.13
0.1475
0.1375
0.165
0.145
0.1525
0.1475
0.115
0.0975
0.1025
0.0975
0.105
0.1
0.1025
0.12
0.1175
0.1225
0.0975
0.115
0.1075
0.15
0.0875
0.1
0.0975
0.105
0.1175
0.1275
0.155
0.1375
0.13
0.0925
0.095
0.1075
0.11
0.12
0.105
0.0825
0.0675
0.07
0.0725
0.065
0.075
0.0725
0.085
0.09
0.08
0.08
0.0975
0.1
0.1175
0.08
0.0775
0.0725
0.0625
0.05
0.045
0.04
0.0475
0.0425
0.0575
0.0375
0.05
0.0425
0.045
0.0525
0.06
0.0575
0.06
0.07
0.08
0.065
0.0625
0.05
0.0525
0.04
0.0325
0.03
0.0225
0.0225
0.025
0.0275
0.0325
0.03
0.0325
0.04
0.0375
0.055
0.0375
0.0375
0.035
0.0425
0.05
0.0575
0.0575
0.0675
0.0725
0.0975
0.0725
0.09
0.0775
0.1025
0.085
0.125
0.1075
0.1225
0.085
0.0875
0.0825
0.0775
0.09
0.09
0.1075
0.095
0.085
0.105
0.0875
0.0925
0.095
0.095
0.0875
0.08
0.1
0.0975
0.1
0.1125
0.08
0.07
0.06
0.06
0.0575
0.0625
0.0525
0.0525
0.0475
0.0475
0.0625
0.0425
0.0375
0.0275
0.0275
0.0275
0.0275
0.0275
0.0275
0.0275
0.0275
0.0275
0.0275
0.0275
0.0275
0.0275
0.0275
0.0275
0.0275
0.0275
0.0275
0.0275
0.0275
0.0275
0.0275
0.0275
0.0275
0.0275
0.0275
0.0275
0.0275
0.0275
0.0275
0.0275
0.0275
0.0275
0.0275
0.0275
0.0275
0.0275
0.0275
0.0275
0.0275
0.0275
0.0275
0.0275
0.0275
0.0275
0.0275
0.0275
0.0275
0.0275
0.0275
0.0275
0.0275
0.0275
0.0275
0.0275
0.0275
0.0275
0.0275
0.0275
0.0275
0.0275
0.0275
0.0275
0.0275
0.0275
0.0275
0.0275
0.0275
0.0275
0.0275
0.0275
0.0275
0.0275
0.0275
0.0275
0.0275
0.0275
0.0275
0.0275
0.0275
0.0275
0.0275
0.0275
0.0275
0.0275
0.0275
0.0275
0.0275
0.0275
0.0275
0.0275
0.0275
0.0275
0.0275
0.0275
0.0275
0.0275
0.0275
0.0275
0.0275
0.0275
0.0275
0.0275
0.0275
0.0275
0.0275
0.0275
0.0275
0.0275
0.0275
0.0275
0.0275
0.0275
0.0275
0.0275
0.0275
0.0275
0.0275
0.0275
0.0275
0.0275
0.0275
0.0275
0.0275
0.0275
0.0275
0.0275
0.0275
0.0275
0.0275
0.0275
0.0275
0.0275
0.0275
0.0275
0.0275
0.0275
0.0275
0.0275
0.0275
0.0275
0.0275
0.0275
0.0275
0.0275
0.0275
0.0275
0.0275
0.0275
0.0275
0.0275
0.0275
0.0275
0.0275
0.0275
0.0275
0.0275
0.0275
0.0275
0.0275
0.0275
0.0275
0.0275
0.0275
0.0275
0.0275
0.0275
0.0275
0.0275
0.0275
0.0275
0.0275
0.0275
0.0275
0.0275
0.0275
0.0275
0.0275
0.0275
0.0275
0.0275
0.0275
0.0275
0.0275
0.0275
0.0275
0.0275
0.0275
0.0275
0.0275
0.0275
0.0275
0.0275
0.0275
0.0275
0.0275
0.0275
0.0275
0.0275
0.0275
0.0275
0.0275
0.0275
0.0275
0.0275
0.0275
0.0275
0.0275
0.0275
0.0275
0.0275
0.0275
0.0275
0.0275
0.0275
0.0275
0.0275
0.0275
0.0275
0.0275
0.0275
0.0275
0.0275
0.0275
0.0275
0.0275
0.0275
0.0275
0.0275
0.0275
0.0275
0.0275
0.0275
0.0275
0.0275
0.0275
0.0275
0.0275
0.0275
0.0275
0.0275
0.0275
0.0275
0.0275
0.0275
0.0275
0.0275
0.0275
0.0275
0.0275
0.0275
0.0275
0.0275
0.0275
0.0275
0.0275
0.0275
0.0275
0.0275
0.0275
0.0275
0.0275
0.0275
0.0275
0.0275
0.0275
0.0275
0.0275
0.0275
0.0275
0.0275
0.0275
0.0275
0.0275
0.0275
0.0275
0.0275
0.0275
0.0275
0.0275
0.0275
0.0275
0.0275
0.0275
0.0275
0.0275
0.0275
0.0275
0.0275
0.0275
0.0275
0.0275
0.0275
0.0275
0.0275
0.0275
0.0275
0.0275
0.0275
0.0275
0.0275
0.0275
0.0275
0.0275
0.0275
0.0275
0.0275
0.0275
0.0275
0.0275
0.0275
0.0275
0.0275
0.0275
0.0275
0.0275
0.0275
0.0275
0.0275
0.0275
0.0275
0.0275
0.0275
0.0275
0.0275
0.0275
0.0275
0.0275
0.0275
0.0275
0.0275
0.0275
0.0275
0.0275
0.0275
0.0275
0.0275
0.0275
0.0275
0.0275
0.0275
0.0275
0.0275
0.0275
0.0275
0.0275
0.0275
0.0275
0.0275
0.0275
0.0275
0.0275
0.0275
0.0275
0.0275
0.0275
0.0275
0.0275
0.0275
0.0275
0.0275
0.0275
0.0275
0.0275
0.0275
0.0275
0.0275
0.0275
0.0275
0.0275
0.0275
0.0275
0.0275
0.0275
0.0275
0.0275
0.0275
0.0275
0.0275
0.0275
0.0275
0.0275
0.0275
0.0275
0.0275
0.0275
0.0275
0.0275
0.0275
0.0275
0.0275
0.0275
0.0275
0.0275
0.0275
0.0275
0.0275
0.0275
0.0275
0.0275
0.0275
0.0275
0.0275
0.0275
0.0275
0.0275
0.0275
0.0275
0.0275
0.0275
0.0275
0.0275
0.0275
0.0275
0.0275
0.0275
0.0275
0.0275
0.0275
0.0275
0.0275
0.0275
0.0275
0.0275
0.0275
0.0275
0.0275
0.0275
0.0275
0.0275
0.0275
0.0275
0.0275
0.0275
0.0275
0.0275
0.0275
0.0275
0.0275
0.0275
0.0275
0.0275
0.0275
0.0275
0.0275
0.0275
0.0275
0.0275
0.0275
0.0275
0.0275
0.0275
0.0275
0.0275
0.0275
0.0275
0.0275
0.0275
0.0275
0.0275
0.0275
0.0275
0.0275
0.0275
0.0275
0.0275
0.0275
0.0275
0.0275
0.0275
0.0275
0.0275
0.0275
0.0275
0.0275
0.0275
0.0275
0.0275
0.0275
0.0275
0.0275
0.0275
0.0275
0.0275
0.0275
0.0275
0.0275
0.0275
0.0275
0.0275
0.0275
0.0275
0.0275
0.0275
0.0275
0.0275
0.0275
0.0275
0.0275
0.0275
0.0275
0.0275
0.0275
0.0275
0.0275
0.0275
0.0275
0.0275
0.0275
0.0275
0.0275
0.0275
0.0275
0.0275
0.0275
0.0275
0.0275
0.0275
0.0275
0.0275
0.0275
0.0275
0.0275
0.0275
0.0275
0.0275
0.0275
0.0275
0.0275
0.0275
0.0275
0.0275
0.0275
0.0275
0.0275
0.0275
0.0275
0.0275
0.0275
0.0275
0.0275
0.0275
0.0275
0.0275
0.0275
0.0275
0.0275
0.0275
0.0275
0.0275
0.0275
0.0275
0.0275
0.0275
0.0275
0.0275
0.0275
0.0275
0.0275
0.0275
0.0275
0.0275
0.0275
0.0275
0.0275
0.0275
0.0275
0.0275
0.0275
0.0275
0.0275
0.0275
0.0275
0.0275
0.0275
0.0275
0.0275
0.0275
0.0275
0.0275
0.0275
0.0275
0.0275
0.0275
0.0275
0.0275
0.0275
0.0275
0.0275
0.0275
0.0275
0.0275
0.0275
0.0275
0.0275
0.0275
0.0275
0.0275
0.0275
0.0275
0.0275
0.0275
0.0275
0.0275
0.0275
0.0275
0.0275
0.0275
0.0275
0.0275
0.0275
0.0275
0.0275
0.0275
0.0275
0.0275
0.0275
0.0275
0.0275
0.0275
0.0275
0.0275
0.0275
0.0275
0.0275
0.0275
0.0275
0.0275
0.0275
0.0275
0.0275
0.0275
0.0275
0.0275
0.0275
0.0275
0.0275
0.0275
0.0275
0.0275
0.0275
0.0275
0.0275
0.0275
0.0275
0.0275
0.0275
0.0275
0.0275
0.0275
0.0275
0.0275
0.0275
0.0275
0.0275
0.0275
0.0275
0.0275
0.0275
0.0275
0.0275
0.0275
0.0275
0.0275
0.0275
0.0275
0.0275
0.0275
0.0275
0.0275
0.0275
0.0275
0.0275
0.0275
0.0275
0.0275
0.0275
0.0275
0.0275
0.0275
0.0275
0.0275
0.0275
0.0275
0.0275
0.0275
0.0275
0.0275
0.0275
0.0275
0.0275
0.0275
0.0275
0.0275
0.0275
0.0275
0.0275
0.0275
0.0275
0.0275
0.0275
0.0275
0.0275
0.0275
0.0275
0.0275
0.0275
0.0275
0.0275
0.0275
0.0275
0.0275
0.0275
0.0275
0.0275
0.0275
0.0275
0.0275
0.0275
0.0275
0.0275
0.0275
0.0275
0.0275
0.0275
0.0275
0.0275
0.0275
0.0275
0.0275
0.0275
0.0275
0.0275
0.0275
0.0275
0.0275
0.0275
0.0275
0.0275
0.0275
0.0275
0.0275
0.0275
0.0275
0.0275
0.0275
0.0275
0.0275
0.0275
0.0275
0.0275
0.0275
0.0275
0.0275
0.0275
0.0275
0.0275
0.0275
0.0275
0.0275
0.0275
0.0275
0.0275
0.0275
0.0275
0.0275
0.0275
0.0275
0.0275
0.0275
0.0275
0.0275
0.0275
0.0275
0.0275
0.0275
0.0275
0.0275
0.0275
0.0275
0.0275
0.0275
0.0275
0.0275
0.0275
0.0275
0.0275
0.0275
0.0275
0.0275
0.0275
0.0275
0.0275
0.0275
