0.0275
0.3425
0.3275
0.2925
0.305
0.34
0.295
0.2625
0.3175
0.3025
0.2575
0.2525
0.255
0.25
0.2025
0.245
0.185
0.1775
0.1625
0.17
0.1775
0.16
0.175
0.155
0.1725
0.165
0.175
0.1625
0.1925
0.1625
0.2025
0.1575
0.1425
0.165
0.15
0.16
0.1525
0.1125
0.1225
0.1075
0.1525
0.125
0.165
0.15
0.1775
0.1425
0.1
0.1175
0.1225
0.125
0.1025
0.115
0.0925
0.09
0.1
0.07
0.075
0.0725
0.0775
0.075
0.0775
0.0825
0.1125
0.0725
0.0875
0.0725
0.07
0.0625
0.055
0.0525
0.055
0.0525
0.05
0.0575
0.0575
0.0625
0.0625
0.065
0.06
0.075
0.0575
0.0525
0.06
0.05
0.045
0.0375
0.0425
0.0425
0.0425
0.0425
0.0425
0.0425
0.0425
0.0425
0.0425
0.0425
0.0425
0.0425
0.0425
0.0425
0.0425
0.0425
0.0425
0.0425
0.0425
0.0425
0.0425
0.0425
0.0425
0.0425
0.0425
0.0425
0.0425
0.0425
0.0425
0.0425
0.0425
0.0425
0.0425
0.0425
0.0425
0.0425
0.0425
0.0425
0.0425
0.0425
0.0425
0.0425
0.0425
0.0425
0.0425
0.0425
0.0425
0.0425
0.0425
0.0425
0.0425
0.0425
0.0425
0.0425
0.0425
0.0425
0.0425
0.0425
0.0425
0.0425
0.0425
0.0425
0.0425
0.0425
0.0425
0.0425
0.0425
0.0425
0.0425
0.0425
0.0425
0.0425
0.0425
0.0425
0.0425
0.0425
0.0425
0.0425
0.0425
0.0425
0.0425
0.0425
0.0425
0.0425
0.0425
0.0425
0.0425
0.0425
0.0425
0.0425
0.0425
0.0425
0.0425
0.0425
0.0425
0.0425
0.0425
0.0425
0.0425
0.0425
0.0425
0.0425
0.0425
0.0425
0.0425
0.0425
0.0425
0.0425
0.0425
0.0425
0.0425
0.0425
0.0425
0.0425
0.0425
0.0425
0.0425
0.0425
0.0425
0.0425
0.0425
0.0425
0.0425
0.0425
0.0425
0.0425
0.0425
0.0425
0.0425
0.0425
0.0425
0.0425
0.0425
0.0425
0.0425
0.0425
0.0425
0.0425
0.0425
0.0425
0.0425
0.0425
0.0425
0.0425
0.0425
0.0425
0.0425
0.0425
0.0425
0.0425
0.0425
0.0425
0.0425
0.0425
0.0425
0.0425
0.0425
0.0425
0.0425
0.0425
0.0425
0.0425
0.0425
0.0425
0.0425
0.0425
0.0425
0.0425
0.0425
0.0425
0.0425
0.0425
0.0425
0.0425
0.0425
0.0425
0.0425
0.0425
0.0425
0.0425
0.0425
0.0425
0.0425
0.0425
0.0425
0.0425
0.0425
0.0425
0.0425
0.0425
0.0425
0.0425
0.0425
0.0425
0.0425
0.0425
0.0425
0.0425
0.0425
0.0425
0.0425
0.0425
0.0425
0.0425
0.0425
0.0425
0.0425
0.0425
0.0425
0.0425
0.0425
0.0425
0.0425
0.0425
0.0425
0.0425
0.0425
0.0425
0.0425
0.0425
0.0425
0.0425
0.0425
0.0425
0.0425
0.0425
0.0425
0.0425
0.0425
0.0425
0.0425
0.0425
0.0425
0.0425
0.0425
0.0425
0.0425
0.0425
0.0425
0.0425
0.0425
0.0425
0.0425
0.0425
0.0425
0.0425
0.0425
0.0425
0.0425
0.0425
0.0425
0.0425
0.0425
0.0425
0.0425
0.0425
0.0425
0.0425
0.0425
0.0425
0.0425
0.0425
0.0425
0.0425
0.0425
0.0425
0.0425
0.0425
0.0425
0.0425
0.0425
0.0425
0.0425
0.0425
0.0425
0.0425
0.0425
0.0425
0.0425
0.0425
0.0425
0.0425
0.0425
0.0425
0.0425
0.0425
0.0425
0.0425
0.0425
0.0425
0.0425
0.0425
0.0425
0.0425
0.0425
0.0425
0.0425
0.0425
0.0425
0.0425
0.0425
0.0425
0.0425
0.0425
0.0425
0.0425
0.0425
0.0425
0.0425
0.0425
0.0425
0.0425
0.0425
0.0425
0.0425
0.0425
0.0425
0.0425
0.0425
0.0425
0.0425
0.0425
0.0425
0.0425
0.0425
0.0425
0.0425
0.0425
0.0425
0.0425
0.0425
0.0425
0.0425
0.0425
0.0425
0.0425
0.0425
0.0425
0.0425
0.0425
0.0425
0.0425
0.0425
0.0425
0.0425
0.0425
0.0425
0.0425
0.0425
0.0425
0.0425
0.0425
0.0425
0.0425
0.0425
0.0425
0.0425
0.0425
0.0425
0.0425
0.0425
0.0425
0.0425
0.0425
0.0425
0.0425
0.0425
0.0425
0.0425
0.0425
0.0425
0.0425
0.0425
0.0425
0.0425
0.0425
0.0425
0.0425
0.0425
0.0425
0.0425
0.0425
0.0425
0.0425
0.0425
0.0425
0.0425
0.0425
0.0425
0.0425
0.0425
0.0425
0.0425
0.0425
0.0425
0.0425
0.0425
0.0425
0.0425
0.0425
0.0425
0.0425
0.0425
0.0425
0.0425
0.0425
0.0425
0.0425
0.0425
0.0425
0.0425
0.0425
0.0425
0.0425
0.0425
0.0425
0.0425
0.0425
0.0425
0.0425
0.0425
0.0425
0.0425
0.0425
0.0425
0.0425
0.0425
0.0425
0.0425
0.0425
0.0425
0.0425
0.0425
0.0425
0.0425
0.0425
0.0425
0.0425
0.0425
0.0425
0.0425
0.0425
0.0425
0.0425
0.0425
0.0425
0.0425
0.0425
0.0425
0.0425
0.0425
0.0425
0.0425
0.0425
0.0425
0.0425
0.0425
0.0425
0.0425
0.0425
0.0425
0.0425
0.0425
0.0425
0.0425
0.0425
0.0425
0.0425
0.0425
0.0425
0.0425
0.0425
0.0425
0.0425
0.0425
0.0425
0.0425
0.0425
0.0425
0.0425
0.0425
0.0425
0.0425
0.0425
0.0425
0.0425
0.0425
0.0425
0.0425
0.0425
0.0425
0.0425
0.0425
0.0425
0.0425
0.0425
0.0425
0.0425
0.0425
0.0425
0.0425
0.0425
0.0425
0.0425
0.0425
0.0425
0.0425
0.0425
0.0425
0.0425
0.0425
0.0425
0.0425
0.0425
0.0425
0.0425
0.0425
0.0425
0.0425
0.0425
0.0425
0.0425
0.0425
0.0425
0.0425
0.0425
0.0425
0.0425
0.0425
0.0425
0.0425
0.0425
0.0425
0.0425
0.0425
0.0425
0.0425
0.0425
0.0425
0.0425
0.0425
0.0425
0.0425
0.0425
0.0425
0.0425
0.0425
0.0425
0.0425
0.0425
0.0425
0.0425
0.0425
0.0425
0.0425
0.0425
0.0425
0.0425
0.0425
0.0425
0.0425
0.0425
0.0425
0.0425
0.0425
0.0425
0.0425
0.0425
0.0425
0.0425
0.0425
0.0425
0.0425
0.0425
0.0425
0.0425
0.0425
0.0425
0.0425
0.0425
0.0425
0.0425
0.0425
0.0425
0.0425
0.0425
0.0425
0.0425
0.0425
0.0425
0.0425
0.0425
0.0425
0.0425
0.0425
0.0425
0.0425
0.0425
0.0425
0.0425
0.0425
0.0425
0.0425
0.0425
0.0425
0.0425
0.0425
0.0425
0.0425
0.0425
0.0425
0.0425
0.0425
0.0425
0.0425
0.0425
0.0425
0.0425
0.0425
0.0425
0.0425
0.0425
0.0425
0.0425
0.0425
0.0425
0.0425
0.0425
0.0425
0.0425
0.0425
0.0425
0.0425
0.0425
0.0425
0.0425
0.0425
0.0425
0.0425
0.0425
0.0425
0.0425
0.0425
0.0425
0.0425
0.0425
0.0425
0.0425
0.0425
0.0425
0.0425
0.0425
0.0425
0.0425
0.0425
0.0425
0.0425
0.0425
0.0425
0.0425
0.0425
0.0425
0.0425
0.0425
0.0425
0.0425
0.0425
0.0425
0.0425
0.0425
0.0425
0.0425
0.0425
0.0425
0.0425
0.0425
0.0425
0.0425
0.0425
0.0425
0.0425
0.0425
0.0425
0.0425
0.0425
0.0425
0.0425
0.0425
0.0425
0.0425
0.0425
0.0425
0.0425
0.0425
0.0425
0.0425
0.0425
0.0425
0.0425
0.0425
0.0425
0.0425
0.0425
0.0425
0.0425
0.0425
0.0425
0.0425
0.0425
0.0425
0.0425
0.0425
0.0425
0.0425
0.0425
0.0425
0.0425
0.0425
0.0425
0.0425
0.0425
0.0425
0.0425
0.0425
0.0425
0.0425
0.0425
0.0425
0.0425
0.0425
0.0425
0.0425
0.0425
0.0425
0.0425
0.0425
0.0425
0.0425
0.0425
0.0425
0.0425
0.0425
0.0425
0.0425
0.0425
0.0425
0.0425
0.0425
0.0425
0.0425
0.0425
0.0425
0.0425
0.0425
0.0425
0.0425
0.0425
0.0425
0.0425
0.0425
0.0425
0.0425
0.0425
0.0425
0.0425
0.0425
0.0425
0.0425
0.0425
0.0425
0.0425
0.0425
0.0425
0.0425
0.0425
0.0425
0.0425
0.0425
0.0425
0.0425
0.0425
0.0425
0.0425
0.0425
0.0425
0.0425
0.0425
0.0425
0.0425
0.0425
0.0425
0.0425
0.0425
0.0425
0.0425
0.0425
0.0425
0.0425
0.0425
0.0425
0.0425
0.0425
0.0425
0.0425
0.0425
0.0425
0.0425
0.0425
0.0425
0.0425
0.0425
0.0425
0.0425
0.0425
0.0425
0.0425
0.0425
0.0425
0.0425
0.0425
0.0425
0.0425
0.0425
0.0425
0.0425
0.0425
0.0425
0.0425
0.0425
0.0425
0.0425
0.0425
0.0425
0.0425
0.0425
0.0425
0.0425
0.0425
0.0425
0.0425
0.0425
0.0425
0.0425
0.0425
0.0425
0.0425
0.0425
0.0425
0.0425
0.0425
0.0425
0.0425
0.0425
0.0425
0.0425
0.0425
0.0425
0.0425
0.0425
0.0425
0.0425
0.0425
0.0425
0.0425
0.0425
0.0425
0.0425
0.0425
0.0425
0.0425
0.0425
0.0425
0.0425
0.0425
0.0425
0.0425
0.0425
0.0425
0.0425
0.0425
0.0425
0.0425
0.0425
0.0425
0.0425
0.0425
0.0425
0.0425
0.0425
0.0425
0.0425
0.0425
0.0425
0.0425
0.0425
0.0425
0.0425
0.0425
0.0425
0.0425
0.0425
0.0425
0.0425
0.0425
0.0425
0.0425
0.0425
0.0425
0.0425
0.0425
0.0425
0.0425
0.0425
0.0425
0.0425
