0.0425
0.275
0.325
0.3025
0.3875
0.365
0.2875
0.2375
0.2525
0.245
0.2375
0.1875
0.1975
0.18
0.16
0.1375
0.15
0.14
0.145
0.11
0.1025
0.0975
0.105
0.0925
0.1
0.095
0.1025
0.09
0.1125
0.08
0.085
0.085
0.1075
0.1
0.0975
0.12
0.1075
0.1175
0.12
0.14
0.135
0.155
0.135
0.1425
0.135
0.135
0.14
0.1325
0.1475
0.1375
0.145
0.1525
0.1675
0.1625
0.1525
0.1275
0.1175
0.095
0.085
0.085
0.08
0.09
0.09
0.105
0.0975
0.1075
0.09
0.08
0.0775
0.07
0.085
0.0575
0.0525
0.04
0.045
0.0425
0.055
0.04
0.04
0.0425
0.055
0.0475
0.055
0.065
0.0675
0.0725
0.0725
0.065
0.09
0.06
0.07
0.05
0.0375
0.04
0.0475
0.045
0.0575
0.05
0.0475
0.03
0.0225
0.0275
0.0275
0.0275
0.0275
0.0275
0.0275
0.0275
0.0275
0.0275
0.0275
0.0275
0.0275
0.0275
0.0275
0.0275
0.0275
0.0275
0.0275
0.0275
0.0275
0.0275
0.0275
0.0275
0.0275
0.0275
0.0275
0.0275
0.0275
0.0275
0.0275
0.0275
0.0275
0.0275
0.0275
0.0275
0.0275
0.0275
0.0275
0.0275
0.0275
0.0275
0.0275
0.0275
0.0275
0.0275
0.0275
0.0275
0.0275
0.0275
0.0275
0.0275
0.0275
0.0275
0.0275
0.0275
0.0275
0.0275
0.0275
0.0275
0.0275
0.0275
0.0275
0.0275
0.0275
0.0275
0.0275
0.0275
0.0275
0.0275
0.0275
0.0275
0.0275
0.0275
0.0275
0.0275
0.0275
0.0275
0.0275
0.0275
0.0275
0.0275
0.0275
0.0275
0.0275
0.0275
0.0275
0.0275
0.0275
0.0275
0.0275
0.0275
0.0275
0.0275
0.0275
0.0275
0.0275
0.0275
0.0275
0.0275
0.0275
0.0275
0.0275
0.0275
0.0275
0.0275
0.0275
0.0275
0.0275
0.0275
0.0275
0.0275
0.0275
0.0275
0.0275
0.0275
0.0275
0.0275
0.0275
0.0275
0.0275
0.0275
0.0275
0.0275
0.0275
0.0275
0.0275
0.0275
0.0275
0.0275
0.0275
0.0275
0.0275
0.0275
0.0275
0.0275
0.0275
0.0275
0.0275
0.0275
0.0275
0.0275
0.0275
0.0275
0.0275
0.0275
0.0275
0.0275
0.0275
0.0275
0.0275
0.0275
0.0275
0.0275
0.0275
0.0275
0.0275
0.0275
0.0275
0.0275
0.0275
0.0275
0.0275
0.0275
0.0275
0.0275
0.0275
0.0275
0.0275
0.0275
0.0275
0.0275
0.0275
0.0275
0.0275
0.0275
0.0275
0.0275
0.0275
0.0275
0.0275
0.0275
0.0275
0.0275
0.0275
0.0275
0.0275
0.0275
0.0275
0.0275
0.0275
0.0275
0.0275
0.0275
0.0275
0.0275
0.0275
0.0275
0.0275
0.0275
0.0275
0.0275
0.0275
0.0275
0.0275
0.0275
0.0275
0.0275
0.0275
0.0275
0.0275
0.0275
0.0275
0.0275
0.0275
0.0275
0.0275
0.0275
0.0275
0.0275
0.0275
0.0275
0.0275
0.0275
0.0275
0.0275
0.0275
0.0275
0.0275
0.0275
0.0275
0.0275
0.0275
0.0275
0.0275
0.0275
0.0275
0.0275
0.0275
0.0275
0.0275
0.0275
0.0275
0.0275
0.0275
0.0275
0.0275
0.0275
0.0275
0.0275
0.0275
0.0275
0.0275
0.0275
0.0275
0.0275
0.0275
0.0275
0.0275
0.0275
0.0275
0.0275
0.0275
0.0275
0.0275
0.0275
0.0275
0.0275
0.0275
0.0275
0.0275
0.0275
0.0275
0.0275
0.0275
0.0275
0.0275
0.0275
0.0275
0.0275
0.0275
0.0275
0.0275
0.0275
0.0275
0.0275
0.0275
0.0275
0.0275
0.0275
0.0275
0.0275
0.0275
0.0275
0.0275
0.0275
0.0275
0.0275
0.0275
0.0275
0.0275
0.0275
0.0275
0.0275
0.0275
0.0275
0.0275
0.0275
0.0275
0.0275
0.0275
0.0275
0.0275
0.0275
0.0275
0.0275
0.0275
0.0275
0.0275
0.0275
0.0275
0.0275
0.0275
0.0275
0.0275
0.0275
0.0275
0.0275
0.0275
0.0275
0.0275
0.0275
0.0275
0.0275
0.0275
0.0275
0.0275
0.0275
0.0275
0.0275
0.0275
0.0275
0.0275
0.0275
0.0275
0.0275
0.0275
0.0275
0.0275
0.0275
0.0275
0.0275
0.0275
0.0275
0.0275
0.0275
0.0275
0.0275
0.0275
0.0275
0.0275
0.0275
0.0275
0.0275
0.0275
0.0275
0.0275
0.0275
0.0275
0.0275
0.0275
0.0275
0.0275
0.0275
0.0275
0.0275
0.0275
0.0275
0.0275
0.0275
0.0275
0.0275
0.0275
0.0275
0.0275
0.0275
0.0275
0.0275
0.0275
0.0275
0.0275
0.0275
0.0275
0.0275
0.0275
0.0275
0.0275
0.0275
0.0275
0.0275
0.0275
0.0275
0.0275
0.0275
0.0275
0.0275
0.0275
0.0275
0.0275
0.0275
0.0275
0.0275
0.0275
0.0275
0.0275
0.0275
0.0275
0.0275
0.0275
0.0275
0.0275
0.0275
0.0275
0.0275
0.0275
0.0275
0.0275
0.0275
0.0275
0.0275
0.0275
0.0275
0.0275
0.0275
0.0275
0.0275
0.0275
0.0275
0.0275
0.0275
0.0275
0.0275
0.0275
0.0275
0.0275
0.0275
0.0275
0.0275
0.0275
0.0275
0.0275
0.0275
0.0275
0.0275
0.0275
0.0275
0.0275
0.0275
0.0275
0.0275
0.0275
0.0275
0.0275
0.0275
0.0275
0.0275
0.0275
0.0275
0.0275
0.0275
0.0275
0.0275
0.0275
0.0275
0.0275
0.0275
0.0275
0.0275
0.0275
0.0275
0.0275
0.0275
0.0275
0.0275
0.0275
0.0275
0.0275
0.0275
0.0275
0.0275
0.0275
0.0275
0.0275
0.0275
0.0275
0.0275
0.0275
0.0275
0.0275
0.0275
0.0275
0.0275
0.0275
0.0275
0.0275
0.0275
0.0275
0.0275
0.0275
0.0275
0.0275
0.0275
0.0275
0.0275
0.0275
0.0275
0.0275
0.0275
0.0275
0.0275
0.0275
0.0275
0.0275
0.0275
0.0275
0.0275
0.0275
0.0275
0.0275
0.0275
0.0275
0.0275
0.0275
0.0275
0.0275
0.0275
0.0275
0.0275
0.0275
0.0275
0.0275
0.0275
0.0275
0.0275
0.0275
0.0275
0.0275
0.0275
0.0275
0.0275
0.0275
0.0275
0.0275
0.0275
0.0275
0.0275
0.0275
0.0275
0.0275
0.0275
0.0275
0.0275
0.0275
0.0275
0.0275
0.0275
0.0275
0.0275
0.0275
0.0275
0.0275
0.0275
0.0275
0.0275
0.0275
0.0275
0.0275
0.0275
0.0275
0.0275
0.0275
0.0275
0.0275
0.0275
0.0275
0.0275
0.0275
0.0275
0.0275
0.0275
0.0275
0.0275
0.0275
0.0275
0.0275
0.0275
0.0275
0.0275
0.0275
0.0275
0.0275
0.0275
0.0275
0.0275
0.0275
0.0275
0.0275
0.0275
0.0275
0.0275
0.0275
0.0275
0.0275
0.0275
0.0275
0.0275
0.0275
0.0275
0.0275
0.0275
0.0275
0.0275
0.0275
0.0275
0.0275
0.0275
0.0275
0.0275
0.0275
0.0275
0.0275
0.0275
0.0275
0.0275
0.0275
0.0275
0.0275
0.0275
0.0275
0.0275
0.0275
0.0275
0.0275
0.0275
0.0275
0.0275
0.0275
0.0275
0.0275
0.0275
0.0275
0.0275
0.0275
0.0275
0.0275
0.0275
0.0275
0.0275
0.0275
0.0275
0.0275
0.0275
0.0275
0.0275
0.0275
0.0275
0.0275
0.0275
0.0275
0.0275
0.0275
0.0275
0.0275
0.0275
0.0275
0.0275
0.0275
0.0275
0.0275
0.0275
0.0275
0.0275
0.0275
0.0275
0.0275
0.0275
0.0275
0.0275
0.0275
0.0275
0.0275
0.0275
0.0275
0.0275
0.0275
0.0275
0.0275
0.0275
0.0275
0.0275
0.0275
0.0275
0.0275
0.0275
0.0275
0.0275
0.0275
0.0275
0.0275
0.0275
0.0275
0.0275
0.0275
0.0275
0.0275
0.0275
0.0275
0.0275
0.0275
0.0275
0.0275
0.0275
0.0275
0.0275
0.0275
0.0275
0.0275
0.0275
0.0275
0.0275
0.0275
0.0275
0.0275
0.0275
0.0275
0.0275
0.0275
0.0275
0.0275
0.0275
0.0275
0.0275
0.0275
0.0275
0.0275
0.0275
0.0275
0.0275
0.0275
0.0275
0.0275
0.0275
0.0275
0.0275
0.0275
0.0275
0.0275
0.0275
0.0275
0.0275
0.0275
0.0275
0.0275
0.0275
0.0275
0.0275
0.0275
0.0275
0.0275
0.0275
0.0275
0.0275
0.0275
0.0275
0.0275
0.0275
0.0275
0.0275
0.0275
0.0275
0.0275
0.0275
0.0275
0.0275
0.0275
0.0275
0.0275
0.0275
0.0275
0.0275
0.0275
0.0275
0.0275
0.0275
0.0275
0.0275
0.0275
0.0275
0.0275
0.0275
0.0275
0.0275
0.0275
0.0275
0.0275
0.0275
0.0275
0.0275
0.0275
0.0275
0.0275
0.0275
0.0275
0.0275
0.0275
0.0275
0.0275
0.0275
0.0275
0.0275
0.0275
0.0275
0.0275
0.0275
0.0275
0.0275
0.0275
0.0275
0.0275
0.0275
0.0275
0.0275
0.0275
0.0275
0.0275
0.0275
0.0275
0.0275
0.0275
0.0275
0.0275
0.0275
0.0275
0.0275
0.0275
0.0275
0.0275
0.0275
0.0275
0.0275
0.0275
0.0275
0.0275
0.0275
0.0275
0.0275
0.0275
0.0275
0.0275
0.0275
0.0275
0.0275
0.0275
0.0275
0.0275
0.0275
0.0275
0.0275
0.0275
0.0275
0.0275
0.0275
0.0275
0.0275
0.0275
0.0275
0.0275
0.0275
0.0275
0.0275
0.0275
0.0275
0.0275
0.0275
0.0275
0.0275
0.0275
0.0275
0.0275
0.0275
0.0275
0.0275
0.0275
0.0275
0.0275
0.0275
0.0275
0.0275
0.0275
0.0275
0.0275
