0.0275
0.2425
0.29
0.2025
0.21
0.1975
0.165
0.1875
0.185
0.1675
0.1625
0.12
0.12
0.125
0.12
0.125
0.12
0.115
0.13
0.13
0.12
0.145
0.1325
0.1175
0.115
0.12
0.12
0.12
0.13
0.145
0.11
0.125
0.1125
0.125
0.1325
0.1325
0.1225
0.145
0.1375
0.145
0.1375
0.165
0.1475
0.15
0.1075
0.105
0.1075
0.0975
0.1025
0.11
0.1075
0.12
0.135
0.15
0.1775
0.1675
0.1575
0.1475
0.155
0.135
0.16
0.1475
0.125
0.1025
0.1275
0.1025
0.1275
0.1025
0.1225
0.1175
0.11
0.1175
0.105
0.1325
0.1125
0.1325
0.1175
0.12
0.11
0.145
0.1
0.1025
0.09
0.1
0.085
0.0775
0.0875
0.0625
0.0525
0.0475
0.0425
0.0475
0.0475
0.0575
0.0575
0.0775
0.0575
0.0575
0.0575
0.0575
0.0575
0.0575
0.0575
0.0575
0.0575
0.0575
0.0575
0.0575
0.0575
0.0575
0.0575
0.0575
0.0575
0.0575
0.0575
0.0575
0.0575
0.0575
0.0575
0.0575
0.0575
0.0575
0.0575
0.0575
0.0575
0.0575
0.0575
0.0575
0.0575
0.0575
0.0575
0.0575
0.0575
0.0575
0.0575
0.0575
0.0575
0.0575
0.0575
0.0575
0.0575
0.0575
0.0575
0.0575
0.0575
0.0575
0.0575
0.0575
0.0575
0.0575
0.0575
0.0575
0.0575
0.0575
0.0575
0.0575
0.0575
0.0575
0.0575
0.0575
0.0575
0.0575
0.0575
0.0575
0.0575
0.0575
0.0575
0.0575
0.0575
0.0575
0.0575
0.0575
0.0575
0.0575
0.0575
0.0575
0.0575
0.0575
0.0575
0.0575
0.0575
0.0575
0.0575
0.0575
0.0575
0.0575
0.0575
0.0575
0.0575
0.0575
0.0575
0.0575
0.0575
0.0575
0.0575
0.0575
0.0575
0.0575
0.0575
0.0575
0.0575
0.0575
0.0575
0.0575
0.0575
0.0575
0.0575
0.0575
0.0575
0.0575
0.0575
0.0575
0.0575
0.0575
0.0575
0.0575
0.0575
0.0575
0.0575
0.0575
0.0575
0.0575
0.0575
0.0575
0.0575
0.0575
0.0575
0.0575
0.0575
0.0575
0.0575
0.0575
0.0575
0.0575
0.0575
0.0575
0.0575
0.0575
0.0575
0.0575
0.0575
0.0575
0.0575
0.0575
0.0575
0.0575
0.0575
0.0575
0.0575
0.0575
0.0575
0.0575
0.0575
0.0575
0.0575
0.0575
0.0575
0.0575
0.0575
0.0575
0.0575
0.0575
0.0575
0.0575
0.0575
0.0575
0.0575
0.0575
0.0575
0.0575
0.0575
0.0575
0.0575
0.0575
0.0575
0.0575
0.0575
0.0575
0.0575
0.0575
0.0575
0.0575
0.0575
0.0575
0.0575
0.0575
0.0575
0.0575
0.0575
0.0575
0.0575
0.0575
0.0575
0.0575
0.0575
0.0575
0.0575
0.0575
0.0575
0.0575
0.0575
0.0575
0.0575
0.0575
0.0575
0.0575
0.0575
0.0575
0.0575
0.0575
0.0575
0.0575
0.0575
0.0575
0.0575
0.0575
0.0575
0.0575
0.0575
0.0575
0.0575
0.0575
0.0575
0.0575
0.0575
0.0575
0.0575
0.0575
0.0575
0.0575
0.0575
0.0575
0.0575
0.0575
0.0575
0.0575
0.0575
0.0575
0.0575
0.0575
0.0575
0.0575
0.0575
0.0575
0.0575
0.0575
0.0575
0.0575
0.0575
0.0575
0.0575
0.0575
0.0575
0.0575
0.0575
0.0575
0.0575
0.0575
0.0575
0.0575
0.0575
0.0575
0.0575
0.0575
0.0575
0.0575
0.0575
0.0575
0.0575
0.0575
0.0575
0.0575
0.0575
0.0575
0.0575
0.0575
0.0575
0.0575
0.0575
0.0575
0.0575
0.0575
0.0575
0.0575
0.0575
0.0575
0.0575
0.0575
0.0575
0.0575
0.0575
0.0575
0.0575
0.0575
0.0575
0.0575
0.0575
0.0575
0.0575
0.0575
0.0575
0.0575
0.0575
0.0575
0.0575
0.0575
0.0575
0.0575
0.0575
0.0575
0.0575
0.0575
0.0575
0.0575
0.0575
0.0575
0.0575
0.0575
0.0575
0.0575
0.0575
0.0575
0.0575
0.0575
0.0575
0.0575
0.0575
0.0575
0.0575
0.0575
0.0575
0.0575
0.0575
0.0575
0.0575
0.0575
0.0575
0.0575
0.0575
0.0575
0.0575
0.0575
0.0575
0.0575
0.0575
0.0575
0.0575
0.0575
0.0575
0.0575
0.0575
0.0575
0.0575
0.0575
0.0575
0.0575
0.0575
0.0575
0.0575
0.0575
0.0575
0.0575
0.0575
0.0575
0.0575
0.0575
0.0575
0.0575
0.0575
0.0575
0.0575
0.0575
0.0575
0.0575
0.0575
0.0575
0.0575
0.0575
0.0575
0.0575
0.0575
0.0575
0.0575
0.0575
0.0575
0.0575
0.0575
0.0575
0.0575
0.0575
0.0575
0.0575
0.0575
0.0575
0.0575
0.0575
0.0575
0.0575
0.0575
0.0575
0.0575
0.0575
0.0575
0.0575
0.0575
0.0575
0.0575
0.0575
0.0575
0.0575
0.0575
0.0575
0.0575
0.0575
0.0575
0.0575
0.0575
0.0575
0.0575
0.0575
0.0575
0.0575
0.0575
0.0575
0.0575
0.0575
0.0575
0.0575
0.0575
0.0575
0.0575
0.0575
0.0575
0.0575
0.0575
0.0575
0.0575
0.0575
0.0575
0.0575
0.0575
0.0575
0.0575
0.0575
0.0575
0.0575
0.0575
0.0575
0.0575
0.0575
0.0575
0.0575
0.0575
0.0575
0.0575
0.0575
0.0575
0.0575
0.0575
0.0575
0.0575
0.0575
0.0575
0.0575
0.0575
0.0575
0.0575
0.0575
0.0575
0.0575
0.0575
0.0575
0.0575
0.0575
0.0575
0.0575
0.0575
0.0575
0.0575
0.0575
0.0575
0.0575
0.0575
0.0575
0.0575
0.0575
0.0575
0.0575
0.0575
0.0575
0.0575
0.0575
0.0575
0.0575
0.0575
0.0575
0.0575
0.0575
0.0575
0.0575
0.0575
0.0575
0.0575
0.0575
0.0575
0.0575
0.0575
0.0575
0.0575
0.0575
0.0575
0.0575
0.0575
0.0575
0.0575
0.0575
0.0575
0.0575
0.0575
0.0575
0.0575
0.0575
0.0575
0.0575
0.0575
0.0575
0.0575
0.0575
0.0575
0.0575
0.0575
0.0575
0.0575
0.0575
0.0575
0.0575
0.0575
0.0575
0.0575
0.0575
0.0575
0.0575
0.0575
0.0575
0.0575
0.0575
0.0575
0.0575
0.0575
0.0575
0.0575
0.0575
0.0575
0.0575
0.0575
0.0575
0.0575
0.0575
0.0575
0.0575
0.0575
0.0575
0.0575
0.0575
0.0575
0.0575
0.0575
0.0575
0.0575
0.0575
0.0575
0.0575
0.0575
0.0575
0.0575
0.0575
0.0575
0.0575
0.0575
0.0575
0.0575
0.0575
0.0575
0.0575
0.0575
0.0575
0.0575
0.0575
0.0575
0.0575
0.0575
0.0575
0.0575
0.0575
0.0575
0.0575
0.0575
0.0575
0.0575
0.0575
0.0575
0.0575
0.0575
0.0575
0.0575
0.0575
0.0575
0.0575
0.0575
0.0575
0.0575
0.0575
0.0575
0.0575
0.0575
0.0575
0.0575
0.0575
0.0575
0.0575
0.0575
0.0575
0.0575
0.0575
0.0575
0.0575
0.0575
0.0575
0.0575
0.0575
0.0575
0.0575
0.0575
0.0575
0.0575
0.0575
0.0575
0.0575
0.0575
0.0575
0.0575
0.0575
0.0575
0.0575
0.0575
0.0575
0.0575
0.0575
0.0575
0.0575
0.0575
0.0575
0.0575
0.0575
0.0575
0.0575
0.0575
0.0575
0.0575
0.0575
0.0575
0.0575
0.0575
0.0575
0.0575
0.0575
0.0575
0.0575
0.0575
0.0575
0.0575
0.0575
0.0575
0.0575
0.0575
0.0575
0.0575
0.0575
0.0575
0.0575
0.0575
0.0575
0.0575
0.0575
0.0575
0.0575
0.0575
0.0575
0.0575
0.0575
0.0575
0.0575
0.0575
0.0575
0.0575
0.0575
0.0575
0.0575
0.0575
0.0575
0.0575
0.0575
0.0575
0.0575
0.0575
0.0575
0.0575
0.0575
0.0575
0.0575
0.0575
0.0575
0.0575
0.0575
0.0575
0.0575
0.0575
0.0575
0.0575
0.0575
0.0575
0.0575
0.0575
0.0575
0.0575
0.0575
0.0575
0.0575
0.0575
0.0575
0.0575
0.0575
0.0575
0.0575
0.0575
0.0575
0.0575
0.0575
0.0575
0.0575
0.0575
0.0575
0.0575
0.0575
0.0575
0.0575
0.0575
0.0575
0.0575
0.0575
0.0575
0.0575
0.0575
0.0575
0.0575
0.0575
0.0575
0.0575
0.0575
0.0575
0.0575
0.0575
0.0575
0.0575
0.0575
0.0575
0.0575
0.0575
0.0575
0.0575
0.0575
0.0575
0.0575
0.0575
0.0575
0.0575
0.0575
0.0575
0.0575
0.0575
0.0575
0.0575
0.0575
0.0575
0.0575
0.0575
0.0575
0.0575
0.0575
0.0575
0.0575
0.0575
0.0575
0.0575
0.0575
0.0575
0.0575
0.0575
0.0575
0.0575
0.0575
0.0575
0.0575
0.0575
0.0575
0.0575
0.0575
0.0575
0.0575
0.0575
0.0575
0.0575
0.0575
0.0575
0.0575
0.0575
0.0575
0.0575
0.0575
0.0575
0.0575
0.0575
0.0575
0.0575
0.0575
0.0575
0.0575
0.0575
0.0575
0.0575
0.0575
0.0575
0.0575
0.0575
0.0575
0.0575
0.0575
0.0575
0.0575
0.0575
0.0575
0.0575
0.0575
0.0575
0.0575
0.0575
0.0575
0.0575
0.0575
0.0575
0.0575
0.0575
0.0575
0.0575
0.0575
0.0575
0.0575
0.0575
0.0575
0.0575
0.0575
0.0575
0.0575
0.0575
0.0575
0.0575
0.0575
0.0575
0.0575
0.0575
0.0575
0.0575
0.0575
0.0575
0.0575
0.0575
0.0575
0.0575
0.0575
0.0575
0.0575
0.0575
0.0575
0.0575
0.0575
0.0575
0.0575
0.0575
0.0575
0.0575
0.0575
0.0575
0.0575
0.0575
0.0575
0.0575
0.0575
0.0575
0.0575
0.0575
0.0575
