0.02
0.3325
0.375
0.3125
0.3275
0.275
0.255
0.2925
0.245
0.225
0.2025
0.215
0.1875
0.21
0.215
0.225
0.225
0.24
0.1825
0.1825
0.1825
0.2275
0.1825
0.2325
0.19
0.1925
0.1775
0.175
0.205
0.1725
0.2125
0.1725
0.1925
0.185
0.2225
0.19
0.19
0.1525
0.1325
0.1325
0.1075
0.1425
0.115
0.1575
0.115
0.1125
0.13
0.135
0.1425
0.135
0.14
0.1325
0.16
0.1825
0.18
0.12
0.1075
0.11
0.1025
0.11
0.095
0.0775
0.0875
0.0875
0.0725
0.09
0.065
0.0575
0.055
0.055
0.0575
0.0525
0.0525
0.0525
0.055
0.065
0.06
0.0775
0.055
0.0475
0.0425
0.0425
0.0425
0.0425
0.0425
0.0425
0.0425
0.0425
0.0425
0.0425
0.0425
0.0425
0.0425
0.0425
0.0425
0.0425
0.0425
0.0425
0.0425
0.0425
0.0425
0.0425
0.0425
0.0425
0.0425
0.0425
0.0425
0.0425
0.0425
0.0425
0.0425
0.0425
0.0425
0.0425
0.0425
0.0425
0.0425
0.0425
0.0425
0.0425
0.0425
0.0425
0.0425
0.0425
0.0425
0.0425
0.0425
0.0425
0.0425
0.0425
0.0425
0.0425
0.0425
0.0425
0.0425
0.0425
0.0425
0.0425
0.0425
0.0425
0.0425
0.0425
0.0425
0.0425
0.0425
0.0425
0.0425
0.0425
0.0425
0.0425
0.0425
0.0425
0.0425
0.0425
0.0425
0.0425
0.0425
0.0425
0.0425
0.0425
0.0425
0.0425
0.0425
0.0425
0.0425
0.0425
0.0425
0.0425
0.0425
0.0425
0.0425
0.0425
0.0425
0.0425
0.0425
0.0425
0.0425
0.0425
0.0425
0.0425
0.0425
0.0425
0.0425
0.0425
0.0425
0.0425
0.0425
0.0425
0.0425
0.0425
0.0425
0.0425
0.0425
0.0425
0.0425
0.0425
0.0425
0.0425
0.0425
0.0425
0.0425
0.0425
0.0425
0.0425
0.0425
0.0425
0.0425
0.0425
0.0425
0.0425
0.0425
0.0425
0.0425
0.0425
0.0425
0.0425
0.0425
0.0425
0.0425
0.0425
0.0425
0.0425
0.0425
0.0425
0.0425
0.0425
0.0425
0.0425
0.0425
0.0425
0.0425
0.0425
0.0425
0.0425
0.0425
0.0425
0.0425
0.0425
0.0425
0.0425
0.0425
0.0425
0.0425
0.0425
0.0425
0.0425
0.0425
0.0425
0.0425
0.0425
0.0425
0.0425
0.0425
0.0425
0.0425
0.0425
0.0425
0.0425
0.0425
0.0425
0.0425
0.0425
0.0425
0.0425
0.0425
0.0425
0.0425
0.0425
0.0425
0.0425
0.0425
0.0425
0.0425
0.0425
0.0425
0.0425
0.0425
0.0425
0.0425
0.0425
0.0425
0.0425
0.0425
0.0425
0.0425
0.0425
0.0425
0.0425
0.0425
0.0425
0.0425
0.0425
0.0425
0.0425
0.0425
0.0425
0.0425
0.0425
0.0425
0.0425
0.0425
0.0425
0.0425
0.0425
0.0425
0.0425
0.0425
0.0425
0.0425
0.0425
0.0425
0.0425
0.0425
0.0425
0.0425
0.0425
0.0425
0.0425
0.0425
0.0425
0.0425
0.0425
0.0425
0.0425
0.0425
0.0425
0.0425
0.0425
0.0425
0.0425
0.0425
0.0425
0.0425
0.0425
0.0425
0.0425
0.0425
0.0425
0.0425
0.0425
0.0425
0.0425
0.0425
0.0425
0.0425
0.0425
0.0425
0.0425
0.0425
0.0425
0.0425
0.0425
0.0425
0.0425
0.0425
0.0425
0.0425
0.0425
0.0425
0.0425
0.0425
0.0425
0.0425
0.0425
0.0425
0.0425
0.0425
0.0425
0.0425
0.0425
0.0425
0.0425
0.0425
0.0425
0.0425
0.0425
0.0425
0.0425
0.0425
0.0425
0.0425
0.0425
0.0425
0.0425
0.0425
0.0425
0.0425
0.0425
0.0425
0.0425
0.0425
0.0425
0.0425
0.0425
0.0425
0.0425
0.0425
0.0425
0.0425
0.0425
0.0425
0.0425
0.0425
0.0425
0.0425
0.0425
0.0425
0.0425
0.0425
0.0425
0.0425
0.0425
0.0425
0.0425
0.0425
0.0425
0.0425
0.0425
0.0425
0.0425
0.0425
0.0425
0.0425
0.0425
0.0425
0.0425
0.0425
0.0425
0.0425
0.0425
0.0425
0.0425
0.0425
0.0425
0.0425
0.0425
0.0425
0.0425
0.0425
0.0425
0.0425
0.0425
0.0425
0.0425
0.0425
0.0425
0.0425
0.0425
0.0425
0.0425
0.0425
0.0425
0.0425
0.0425
0.0425
0.0425
0.0425
0.0425
0.0425
0.0425
0.0425
0.0425
0.0425
0.0425
0.0425
0.0425
0.0425
0.0425
0.0425
0.0425
0.0425
0.0425
0.0425
0.0425
0.0425
0.0425
0.0425
0.0425
0.0425
0.0425
0.0425
0.0425
0.0425
0.0425
0.0425
0.0425
0.0425
0.0425
0.0425
0.0425
0.0425
0.0425
0.0425
0.0425
0.0425
0.0425
0.0425
0.0425
0.0425
0.0425
0.0425
0.0425
0.0425
0.0425
0.0425
0.0425
0.0425
0.0425
0.0425
0.0425
0.0425
0.0425
0.0425
0.0425
0.0425
0.0425
0.0425
0.0425
0.0425
0.0425
0.0425
0.0425
0.0425
0.0425
0.0425
0.0425
0.0425
0.0425
0.0425
0.0425
0.0425
0.0425
0.0425
0.0425
0.0425
0.0425
0.0425
0.0425
0.0425
0.0425
0.0425
0.0425
0.0425
0.0425
0.0425
0.0425
0.0425
0.0425
0.0425
0.0425
0.0425
0.0425
0.0425
0.0425
0.0425
0.0425
0.0425
0.0425
0.0425
0.0425
0.0425
0.0425
0.0425
0.0425
0.0425
0.0425
0.0425
0.0425
0.0425
0.0425
0.0425
0.0425
0.0425
0.0425
0.0425
0.0425
0.0425
0.0425
0.0425
0.0425
0.0425
0.0425
0.0425
0.0425
0.0425
0.0425
0.0425
0.0425
0.0425
0.0425
0.0425
0.0425
0.0425
0.0425
0.0425
0.0425
0.0425
0.0425
0.0425
0.0425
0.0425
0.0425
0.0425
0.0425
0.0425
0.0425
0.0425
0.0425
0.0425
0.0425
0.0425
0.0425
0.0425
0.0425
0.0425
0.0425
0.0425
0.0425
0.0425
0.0425
0.0425
0.0425
0.0425
0.0425
0.0425
0.0425
0.0425
0.0425
0.0425
0.0425
0.0425
0.0425
0.0425
0.0425
0.0425
0.0425
0.0425
0.0425
0.0425
0.0425
0.0425
0.0425
0.0425
0.0425
0.0425
0.0425
0.0425
0.0425
0.0425
0.0425
0.0425
0.0425
0.0425
0.0425
0.0425
0.0425
0.0425
0.0425
0.0425
0.0425
0.0425
0.0425
0.0425
0.0425
0.0425
0.0425
0.0425
0.0425
0.0425
0.0425
0.0425
0.0425
0.0425
0.0425
0.0425
0.0425
0.0425
0.0425
0.0425
0.0425
0.0425
0.0425
0.0425
0.0425
0.0425
0.0425
0.0425
0.0425
0.0425
0.0425
0.0425
0.0425
0.0425
0.0425
0.0425
0.0425
0.0425
0.0425
0.0425
0.0425
0.0425
0.0425
0.0425
0.0425
0.0425
0.0425
0.0425
0.0425
0.0425
0.0425
0.0425
0.0425
0.0425
0.0425
0.0425
0.0425
0.0425
0.0425
0.0425
0.0425
0.0425
0.0425
0.0425
0.0425
0.0425
0.0425
0.0425
0.0425
0.0425
0.0425
0.0425
0.0425
0.0425
0.0425
0.0425
0.0425
0.0425
0.0425
0.0425
0.0425
0.0425
0.0425
0.0425
0.0425
0.0425
0.0425
0.0425
0.0425
0.0425
0.0425
0.0425
0.0425
0.0425
0.0425
0.0425
0.0425
0.0425
0.0425
0.0425
0.0425
0.0425
0.0425
0.0425
0.0425
0.0425
0.0425
0.0425
0.0425
0.0425
0.0425
0.0425
0.0425
0.0425
0.0425
0.0425
0.0425
0.0425
0.0425
0.0425
0.0425
0.0425
0.0425
0.0425
0.0425
0.0425
0.0425
0.0425
0.0425
0.0425
0.0425
0.0425
0.0425
0.0425
0.0425
0.0425
0.0425
0.0425
0.0425
0.0425
0.0425
0.0425
0.0425
0.0425
0.0425
0.0425
0.0425
0.0425
0.0425
0.0425
0.0425
0.0425
0.0425
0.0425
0.0425
0.0425
0.0425
0.0425
0.0425
0.0425
0.0425
0.0425
0.0425
0.0425
0.0425
0.0425
0.0425
0.0425
0.0425
0.0425
0.0425
0.0425
0.0425
0.0425
0.0425
0.0425
0.0425
0.0425
0.0425
0.0425
0.0425
0.0425
0.0425
0.0425
0.0425
0.0425
0.0425
0.0425
0.0425
0.0425
0.0425
0.0425
0.0425
0.0425
0.0425
0.0425
0.0425
0.0425
0.0425
0.0425
0.0425
0.0425
0.0425
0.0425
0.0425
0.0425
0.0425
0.0425
0.0425
0.0425
0.0425
0.0425
0.0425
0.0425
0.0425
0.0425
0.0425
0.0425
0.0425
0.0425
0.0425
0.0425
0.0425
0.0425
0.0425
0.0425
0.0425
0.0425
0.0425
0.0425
0.0425
0.0425
0.0425
0.0425
0.0425
0.0425
0.0425
0.0425
0.0425
0.0425
0.0425
0.0425
0.0425
0.0425
0.0425
0.0425
0.0425
0.0425
0.0425
0.0425
0.0425
0.0425
0.0425
0.0425
0.0425
0.0425
0.0425
0.0425
0.0425
0.0425
0.0425
0.0425
0.0425
0.0425
0.0425
0.0425
0.0425
0.0425
0.0425
0.0425
0.0425
0.0425
0.0425
0.0425
0.0425
0.0425
0.0425
0.0425
0.0425
0.0425
0.0425
0.0425
0.0425
0.0425
0.0425
0.0425
0.0425
0.0425
0.0425
0.0425
0.0425
0.0425
0.0425
0.0425
0.0425
0.0425
0.0425
0.0425
0.0425
0.0425
0.0425
0.0425
0.0425
0.0425
0.0425
0.0425
0.0425
0.0425
0.0425
0.0425
0.0425
0.0425
0.0425
0.0425
0.0425
0.0425
0.0425
0.0425
0.0425
0.0425
0.0425
0.0425
0.0425
0.0425
0.0425
0.0425
0.0425
0.0425
0.0425
0.0425
0.0425
0.0425
0.0425
0.0425
0.0425
0.0425
0.0425
0.0425
0.0425
0.0425
0.0425
0.0425
