0.01
0.2925
0.345
0.3425
0.29
0.2375
0.255
0.2325
0.2625
0.2125
0.2025
0.2125
0.2
0.1625
0.17
0.1625
0.14
0.12
0.13
0.125
0.1425
0.125
0.1175
0.135
0.145
0.1675
0.1675
0.1525
0.2
0.1425
0.15
0.125
0.1425
0.13
0.1225
0.1425
0.14
0.135
0.1525
0.1225
0.17
0.1125
0.0875
0.0725
0.0675
0.0825
0.095
0.1
0.1125
0.1
0.105
0.125
0.1125
0.1225
0.1175
0.135
0.12
0.11
0.125
0.1125
0.1575
0.095
0.085
0.08
0.0775
0.0675
0.0575
0.045
0.05
0.055
0.06
0.075
0.0575
0.055
0.0625
0.055
0.0575
0.05
0.055
0.0575
0.055
0.0525
0.05
0.055
0.065
0.07
0.0725
0.06
0.0725
0.08
0.0725
0.0775
0.0625
0.0675
0.0525
0.0475
0.0575
0.0525
0.0675
0.065
0.0875
0.065
0.055
0.05
0.0575
0.0525
0.055
0.0625
0.0475
0.055
0.0425
0.05
0.055
0.0675
0.0575
0.0675
0.0675
0.0675
0.0725
0.0575
0.075
0.0775
0.09
0.1275
0.0975
0.095
0.1175
0.0875
0.085
0.0825
0.075
0.0875
0.0975
0.09
0.075
0.075
0.085
0.0925
0.1075
0.105
0.1075
0.1125
0.0925
0.0975
0.105
0.1075
0.1
0.1025
0.0925
0.0925
0.0925
0.0975
0.105
0.09
0.0925
0.0975
0.0725
0.06
0.0625
0.0675
0.08
0.0525
0.0525
0.0375
0.0325
0.0275
0.0325
0.0325
0.0325
0.0325
0.0325
0.0325
0.0325
0.0325
0.0325
0.0325
0.0325
0.0325
0.0325
0.0325
0.0325
0.0325
0.0325
0.0325
0.0325
0.0325
0.0325
0.0325
0.0325
0.0325
0.0325
0.0325
0.0325
0.0325
0.0325
0.0325
0.0325
0.0325
0.0325
0.0325
0.0325
0.0325
0.0325
0.0325
0.0325
0.0325
0.0325
0.0325
0.0325
0.0325
0.0325
0.0325
0.0325
0.0325
0.0325
0.0325
0.0325
0.0325
0.0325
0.0325
0.0325
0.0325
0.0325
0.0325
0.0325
0.0325
0.0325
0.0325
0.0325
0.0325
0.0325
0.0325
0.0325
0.0325
0.0325
0.0325
0.0325
0.0325
0.0325
0.0325
0.0325
0.0325
0.0325
0.0325
0.0325
0.0325
0.0325
0.0325
0.0325
0.0325
0.0325
0.0325
0.0325
0.0325
0.0325
0.0325
0.0325
0.0325
0.0325
0.0325
0.0325
0.0325
0.0325
0.0325
0.0325
0.0325
0.0325
0.0325
0.0325
0.0325
0.0325
0.0325
0.0325
0.0325
0.0325
0.0325
0.0325
0.0325
0.0325
0.0325
0.0325
0.0325
0.0325
0.0325
0.0325
0.0325
0.0325
0.0325
0.0325
0.0325
0.0325
0.0325
0.0325
0.0325
0.0325
0.0325
0.0325
0.0325
0.0325
0.0325
0.0325
0.0325
0.0325
0.0325
0.0325
0.0325
0.0325
0.0325
0.0325
0.0325
0.0325
0.0325
0.0325
0.0325
0.0325
0.0325
0.0325
0.0325
0.0325
0.0325
0.0325
0.0325
0.0325
0.0325
0.0325
0.0325
0.0325
0.0325
0.0325
0.0325
0.0325
0.0325
0.0325
0.0325
0.0325
0.0325
0.0325
0.0325
0.0325
0.0325
0.0325
0.0325
0.0325
0.0325
0.0325
0.0325
0.0325
0.0325
0.0325
0.0325
0.0325
0.0325
0.0325
0.0325
0.0325
0.0325
0.0325
0.0325
0.0325
0.0325
0.0325
0.0325
0.0325
0.0325
0.0325
0.0325
0.0325
0.0325
0.0325
0.0325
0.0325
0.0325
0.0325
0.0325
0.0325
0.0325
0.0325
0.0325
0.0325
0.0325
0.0325
0.0325
0.0325
0.0325
0.0325
0.0325
0.0325
0.0325
0.0325
0.0325
0.0325
0.0325
0.0325
0.0325
0.0325
0.0325
0.0325
0.0325
0.0325
0.0325
0.0325
0.0325
0.0325
0.0325
0.0325
0.0325
0.0325
0.0325
0.0325
0.0325
0.0325
0.0325
0.0325
0.0325
0.0325
0.0325
0.0325
0.0325
0.0325
0.0325
0.0325
0.0325
0.0325
0.0325
0.0325
0.0325
0.0325
0.0325
0.0325
0.0325
0.0325
0.0325
0.0325
0.0325
0.0325
0.0325
0.0325
0.0325
0.0325
0.0325
0.0325
0.0325
0.0325
0.0325
0.0325
0.0325
0.0325
0.0325
0.0325
0.0325
0.0325
0.0325
0.0325
0.0325
0.0325
0.0325
0.0325
0.0325
0.0325
0.0325
0.0325
0.0325
0.0325
0.0325
0.0325
0.0325
0.0325
0.0325
0.0325
0.0325
0.0325
0.0325
0.0325
0.0325
0.0325
0.0325
0.0325
0.0325
0.0325
0.0325
0.0325
0.0325
0.0325
0.0325
0.0325
0.0325
0.0325
0.0325
0.0325
0.0325
0.0325
0.0325
0.0325
0.0325
0.0325
0.0325
0.0325
0.0325
0.0325
0.0325
0.0325
0.0325
0.0325
0.0325
0.0325
0.0325
0.0325
0.0325
0.0325
0.0325
0.0325
0.0325
0.0325
0.0325
0.0325
0.0325
0.0325
0.0325
0.0325
0.0325
0.0325
0.0325
0.0325
0.0325
0.0325
0.0325
0.0325
0.0325
0.0325
0.0325
0.0325
0.0325
0.0325
0.0325
0.0325
0.0325
0.0325
0.0325
0.0325
0.0325
0.0325
0.0325
0.0325
0.0325
0.0325
0.0325
0.0325
0.0325
0.0325
0.0325
0.0325
0.0325
0.0325
0.0325
0.0325
0.0325
0.0325
0.0325
0.0325
0.0325
0.0325
0.0325
0.0325
0.0325
0.0325
0.0325
0.0325
0.0325
0.0325
0.0325
0.0325
0.0325
0.0325
0.0325
0.0325
0.0325
0.0325
0.0325
0.0325
0.0325
0.0325
0.0325
0.0325
0.0325
0.0325
0.0325
0.0325
0.0325
0.0325
0.0325
0.0325
0.0325
0.0325
0.0325
0.0325
0.0325
0.0325
0.0325
0.0325
0.0325
0.0325
0.0325
0.0325
0.0325
0.0325
0.0325
0.0325
0.0325
0.0325
0.0325
0.0325
0.0325
0.0325
0.0325
0.0325
0.0325
0.0325
0.0325
0.0325
0.0325
0.0325
0.0325
0.0325
0.0325
0.0325
0.0325
0.0325
0.0325
0.0325
0.0325
0.0325
0.0325
0.0325
0.0325
0.0325
0.0325
0.0325
0.0325
0.0325
0.0325
0.0325
0.0325
0.0325
0.0325
0.0325
0.0325
0.0325
0.0325
0.0325
0.0325
0.0325
0.0325
0.0325
0.0325
0.0325
0.0325
0.0325
0.0325
0.0325
0.0325
0.0325
0.0325
0.0325
0.0325
0.0325
0.0325
0.0325
0.0325
0.0325
0.0325
0.0325
0.0325
0.0325
0.0325
0.0325
0.0325
0.0325
0.0325
0.0325
0.0325
0.0325
0.0325
0.0325
0.0325
0.0325
0.0325
0.0325
0.0325
0.0325
0.0325
0.0325
0.0325
0.0325
0.0325
0.0325
0.0325
0.0325
0.0325
0.0325
0.0325
0.0325
0.0325
0.0325
0.0325
0.0325
0.0325
0.0325
0.0325
0.0325
0.0325
0.0325
0.0325
0.0325
0.0325
0.0325
0.0325
0.0325
0.0325
0.0325
0.0325
0.0325
0.0325
0.0325
0.0325
0.0325
0.0325
0.0325
0.0325
0.0325
0.0325
0.0325
0.0325
0.0325
0.0325
0.0325
0.0325
0.0325
0.0325
0.0325
0.0325
0.0325
0.0325
0.0325
0.0325
0.0325
0.0325
0.0325
0.0325
0.0325
0.0325
0.0325
0.0325
0.0325
0.0325
0.0325
0.0325
0.0325
0.0325
0.0325
0.0325
0.0325
0.0325
0.0325
0.0325
0.0325
0.0325
0.0325
0.0325
0.0325
0.0325
0.0325
0.0325
0.0325
0.0325
0.0325
0.0325
0.0325
0.0325
0.0325
0.0325
0.0325
0.0325
0.0325
0.0325
0.0325
0.0325
0.0325
0.0325
0.0325
0.0325
0.0325
0.0325
0.0325
0.0325
0.0325
0.0325
0.0325
0.0325
0.0325
0.0325
0.0325
0.0325
0.0325
0.0325
0.0325
0.0325
0.0325
0.0325
0.0325
0.0325
0.0325
0.0325
0.0325
0.0325
0.0325
0.0325
0.0325
0.0325
0.0325
0.0325
0.0325
0.0325
0.0325
0.0325
0.0325
0.0325
0.0325
0.0325
0.0325
0.0325
0.0325
0.0325
0.0325
0.0325
0.0325
0.0325
0.0325
0.0325
0.0325
0.0325
0.0325
0.0325
0.0325
0.0325
0.0325
0.0325
0.0325
0.0325
0.0325
0.0325
0.0325
0.0325
0.0325
0.0325
0.0325
0.0325
0.0325
0.0325
0.0325
0.0325
0.0325
0.0325
0.0325
0.0325
0.0325
0.0325
0.0325
0.0325
0.0325
0.0325
0.0325
0.0325
0.0325
0.0325
0.0325
0.0325
0.0325
0.0325
0.0325
0.0325
0.0325
0.0325
0.0325
0.0325
0.0325
0.0325
0.0325
0.0325
0.0325
0.0325
0.0325
0.0325
0.0325
0.0325
0.0325
0.0325
0.0325
0.0325
0.0325
0.0325
0.0325
0.0325
0.0325
0.0325
0.0325
0.0325
0.0325
0.0325
0.0325
0.0325
0.0325
0.0325
0.0325
0.0325
0.0325
0.0325
0.0325
0.0325
0.0325
0.0325
0.0325
0.0325
0.0325
0.0325
0.0325
0.0325
0.0325
0.0325
0.0325
0.0325
0.0325
0.0325
0.0325
0.0325
0.0325
0.0325
0.0325
0.0325
0.0325
0.0325
0.0325
0.0325
0.0325
0.0325
0.0325
0.0325
0.0325
0.0325
0.0325
0.0325
0.0325
0.0325
0.0325
0.0325
0.0325
0.0325
0.0325
0.0325
0.0325
0.0325
0.0325
0.0325
0.0325
0.0325
0.0325
0.0325
0.0325
0.0325
0.0325
0.0325
0.0325
0.0325
0.0325
0.0325
0.0325
0.0325
0.0325
0.0325
0.0325
0.0325
0.0325
0.0325
0.0325
0.0325
0.0325
0.0325
0.0325
0.0325
0.0325
0.0325
0.0325
0.0325
0.0325
0.0325
0.0325
0.0325
0.0325
0.0325
0.0325
0.0325
0.0325
