0.2983555
0.3361333
0.2922667
0.2844
0.2704889
0.2643111
0.2508889
0.2427111
0.2401333
0.2320444
0.2252889
0.2211111
0.2125333
0.2111111
0.2036889
0.1964
0.1909333
0.1885778
0.1825333
0.1827556
0.1742667
0.1733333
0.1736889
0.1690222
0.1638667
0.1623556
0.1605333
0.1573778
0.1554222
0.1570667
0.1532
0.1536
0.152
0.1445333
0.1452
0.1436889
0.1455111
0.1392889
0.1397333
0.1391556
0.1365778
0.1326222
0.1286222
0.1308889
0.1312
0.1285333
0.1311111
0.1297778
0.1282667
0.1236444
0.1171556
0.1170222
0.1185778
0.1202667
0.1196444
0.1210667
0.1184
0.1184
0.1259111
0.1211111
0.1217778
0.1183556
0.1164444
0.1184889
0.1154222
0.1146222
0.1131556
0.1141333
0.1117778
0.1110222
0.1090222
0.1104444
0.1044889
0.1076
0.1028444
0.1041778
0.1026222
0.1026222
0.09826667
0.1014222
0.1006667
0.1008444
0.09497778
0.09782222
0.09693334
0.09751111
0.09773333
0.09902222
0.09928889
0.09786667
0.09995556
0.1010222
0.1026222
0.104
0.1017333
0.1042222
0.1019556
0.1025333
0.1019111
0.09986667
0.1001333
0.1032444
0.09911111
0.09777778
0.09613334
0.09728889
0.09955555
0.09986667
0.09928889
0.09764444
0.09848889
0.09453333
0.09324444
0.09586667
0.09608889
0.09297778
0.09444445
0.09053333
0.09231111
0.09124444
0.09115556
0.0904
0.09137778
0.0888
0.08995555
0.09017777
0.08817778
0.08884444
0.08924445
0.08777778
0.08817778
0.08662222
0.08715556
0.088
0.08795556
0.086
0.08751111
0.09057778
0.09071111
0.09164444
0.08835556
0.08702222
0.08644444
0.08711111
0.09102222
0.08631111
0.09013333
0.0884
0.08853333
0.08631111
0.08631111
0.08662222
0.08604445
0.08417778
0.08466667
0.08622222
0.08773334
0.08844444
0.0884
0.08928889
0.08791111
0.09093333
0.09231111
0.09013333
0.09022222
0.09315556
0.09257778
0.09448889
0.09235556
0.0916
0.09137778
0.09106667
0.08964445
0.09093333
0.09048889
0.09466667
0.09213334
0.096
0.09333333
0.09466667
0.09373333
0.09355555
0.09231111
0.0912
0.09044445
0.08995555
0.09333333
0.0876
0.08791111
0.08786666
0.08182222
0.08093333
0.08128889
0.08142222
0.07831111
0.07862222
0.07911111
0.07866666
0.0808
0.07942222
0.07888889
0.07768889
0.07951111
0.07715555
0.08048889
0.0768
0.07937778
0.07986667
0.08248889
0.07893334
0.07986667
0.07875556
0.07817778
0.07813333
0.07777778
0.07728889
0.07728889
0.07822222
0.07853334
0.07635555
0.07555556
0.07435556
0.07368889
0.07688889
0.07724445
0.07613333
0.07426666
0.07555556
0.07475556
0.07355556
0.07311111
0.07288889
0.0704
0.07
0.07048889
0.07164445
0.0692
0.06777778
0.06768889
0.06608889
0.06448889
0.06657778
0.06551111
0.06488889
0.066
0.06542222
0.06675556
0.06462222
0.06471111
0.06422222
0.06431111
0.06484444
0.06493333
0.064
0.06497778
0.066
0.06471111
0.06364445
0.06546666
0.06435555
0.06253333
0.06506667
0.06288889
0.0656
0.06226667
0.06448889
0.06413333
0.06395555
0.0632
0.06431111
0.06355555
0.06648889
0.06213333
0.062
0.06168889
0.06337778
0.0612
0.06155556
0.06102222
0.06106667
0.05822222
0.06035556
0.06151111
0.06293333
0.06284445
0.06284445
0.06315555
0.06373333
0.06324445
0.06382222
0.06195556
0.06333333
0.06173333
0.06142222
0.05995556
0.06066667
0.05951111
0.05977778
0.05995556
0.06075555
0.06062222
0.05942222
0.05937778
0.06142222
0.06182222
0.06084444
0.06115555
0.06031111
0.06
0.06164445
0.05835555
0.05915556
0.05848889
0.05955556
0.06057778
0.06031111
0.06084444
0.06151111
0.06053333
0.06151111
0.06168889
0.06368889
0.06217778
0.06706667
0.06497778
0.0656
0.0648
0.06595556
0.06462222
0.06417778
0.06391111
0.06182222
0.06248889
0.06355555
0.06324445
0.06208889
0.06235556
0.06208889
0.06337778
0.06444445
0.06511111
0.06457778
0.06733333
0.06648889
0.07
0.06564444
0.07017778
0.06764445
0.0696
0.07088889
0.07133333
0.07048889
0.07008889
0.07186667
0.06924444
0.06964444
0.06644444
0.06613334
0.06608889
0.06577778
0.06671111
0.06688889
0.06911111
0.06742222
0.06906667
0.06928889
0.06897778
0.07088889
0.07088889
0.07368889
0.07333333
0.07431111
0.07142222
0.07124444
0.07231111
0.07217778
0.07088889
0.0692
0.0724
0.07022222
0.07044444
0.07057778
0.07133333
0.07173333
0.06933333
0.06902222
0.0692
0.06822222
0.07084444
0.06657778
0.06773333
0.06933333
0.06808889
0.06875555
0.06884445
0.0672
0.06853333
0.06808889
0.06964444
0.06768889
0.06764445
0.06711111
0.06968889
0.06595556
0.06573334
0.0664
0.06577778
0.0672
0.06915556
0.07004444
0.07128889
0.07053334
0.07071111
0.06733333
0.06911111
0.06888889
0.07173333
0.06768889
0.06857778
0.06813333
0.06924444
0.06915556
0.0676
0.0676
0.06675556
0.06555556
0.06555556
0.06702222
0.0656
0.06497778
0.06382222
0.06146667
0.06328889
0.06537778
0.064
0.068
0.06551111
0.06804445
0.06586666
0.06511111
0.0652
0.06715555
0.06368889
0.06426667
0.0632
0.06293333
0.06377777
0.06608889
0.06471111
0.06413333
0.06453333
0.06373333
0.06355555
0.06208889
0.0636
0.0636
0.06351111
0.06351111
0.06293333
0.06164445
0.06133333
0.06164445
0.06226667
0.06306667
0.06213333
0.0616
0.06093333
0.05982222
0.06351111
0.06284445
0.06333333
0.06355555
0.06324445
0.06724445
0.06684444
0.06813333
0.06506667
0.06728889
0.06586666
0.06613334
0.06795555
0.06595556
0.06755555
0.06586666
0.06515556
0.06573334
0.06528889
0.06324445
0.06288889
0.06106667
0.06173333
0.05977778
0.06346667
0.06097778
0.0632
0.0616
0.06253333
0.06284445
0.06164445
0.06142222
0.06266667
0.0628
0.06417778
0.06373333
0.06493333
0.06364445
0.06395555
0.06328889
0.06386667
0.06391111
0.06604444
0.06462222
0.06577778
0.06471111
0.06595556
0.06648889
0.06582222
0.06742222
0.06604444
0.06568889
0.06453333
0.06608889
0.0628
0.06373333
0.06257778
0.06235556
0.06062222
0.06128889
0.06248889
0.06097778
0.06231111
0.06293333
0.06133333
0.06048889
0.06048889
0.0604
0.05982222
0.06013333
0.05928889
0.05786667
0.05768889
0.05782222
0.05982222
0.05946667
0.06102222
0.06248889
0.06213333
0.06177778
0.06231111
0.06026667
0.06386667
0.0636
0.06431111
0.0628
0.06284445
0.06377777
0.06453333
0.06373333
0.06648889
0.06537778
0.0652
0.06626666
0.06315555
0.06471111
0.06248889
0.066
0.06537778
0.06644444
0.06422222
0.06324445
0.06426667
0.06195556
0.06186667
0.0596
0.05977778
0.05982222
0.06057778
0.05964445
0.06062222
0.0576
0.0596
0.05893333
0.05995556
0.06057778
0.06017778
0.05942222
0.05986667
0.06008889
0.05955556
0.05844444
0.05955556
0.05848889
0.05888889
0.05786667
0.05795556
0.05622222
0.05817778
0.05591111
0.05528889
0.05773333
0.05795556
0.05853333
0.05964445
0.058
0.05835555
0.05733333
0.05733333
0.0588
0.05826667
0.05875555
0.05942222
0.05933333
0.05928889
0.05973333
0.05933333
0.05728889
0.05888889
0.05884444
0.05928889
0.06111111
0.05955556
0.06133333
0.06186667
0.05982222
0.05915556
0.0612
0.06048889
0.05884444
0.05831111
0.05737778
0.058
0.05835555
0.05777778
0.05764445
0.05875555
0.05808889
0.05875555
0.05848889
0.05595556
0.05817778
0.05711111
0.05875555
0.05586667
0.05715556
0.05466667
0.05404444
0.05235555
0.05506667
0.0536
0.05511111
0.05431111
0.0528
0.05088889
0.05248889
0.05106667
0.05226667
0.05342222
0.05311111
0.0516
0.0524
0.0516
0.05191111
0.05177778
0.0524
0.05417778
0.05351111
0.05671111
0.05666667
0.05622222
0.05542222
0.05693333
0.05382222
0.0556
0.05466667
0.05568889
0.0556
0.05568889
0.05693333
0.05702222
0.05631111
0.0588
0.0584
0.05702222
0.054
0.05466667
0.05253333
0.05315556
0.05075556
0.05262222
0.05088889
0.05062222
0.05124445
0.05071111
0.05013333
0.04888889
0.04982222
0.04937778
0.04937778
0.04724444
0.04626667
0.04622222
0.04773333
0.04657778
0.04631111
0.04462222
0.04675556
0.04488889
0.04533333
0.04444445
0.04395556
0.04426667
0.04493333
0.04302222
0.04324444
0.04257778
0.04235556
0.04244445
0.04262222
0.04275556
0.04351111
0.04408889
0.04355555
0.04342222
0.04355555
0.04444445
0.04542222
0.04648889
0.04537778
0.04564444
0.04524444
0.04528889
0.0452
0.04453333
0.04408889
0.04368889
0.04462222
0.04342222
0.04244445
0.04177778
0.0416
0.04097778
0.04115555
0.04146667
0.0412
0.04235556
0.04111111
0.04271111
0.04248889
0.04515556
0.04422222
0.04462222
0.04386667
0.04266667
0.04351111
0.04351111
0.04155556
0.04173333
0.04226667
0.04351111
0.04293333
0.04271111
0.04444445
0.04297778
0.04377778
0.04582222
0.04684445
0.04546667
0.04657778
0.04782222
0.04804444
0.04817778
0.04626667
0.04693333
0.04497778
0.04542222
0.04373333
0.04448889
0.04502222
0.04568889
0.04546667
0.04528889
0.046
0.04546667
0.04542222
0.04591111
0.04577778
0.04724444
0.04768889
0.04826667
0.04653334
0.04795555
0.04715556
0.0492
0.04933333
0.04853333
0.0472
0.04884445
0.04986667
0.04951111
0.0488
0.04911111
0.04911111
0.05182222
0.04955555
0.05115556
0.04853333
0.04973333
0.04933333
0.05044444
0.05004444
0.052
0.04955555
0.05071111
0.04911111
0.05204444
0.05017778
0.05115556
0.04977778
0.04995555
0.04924444
0.0488
0.04817778
0.04733333
0.04604444
0.046
0.04577778
0.0448
0.04533333
0.04506667
0.04644445
0.04586667
0.04675556
0.04653334
0.04515556
0.04573333
0.04302222
0.04302222
0.04164444
0.0428
0.04151111
0.04208889
0.03973333
0.04115555
0.0412
0.04284444
0.04253333
0.04386667
0.04488889
0.04377778
0.04395556
0.04617778
0.04555555
0.04582222
0.04635556
0.04595556
0.04653334
0.04604444
0.04533333
0.046
0.046
0.046
0.04684445
0.04737778
0.04857778
0.04831111
0.05062222
0.05044444
0.05311111
0.05106667
0.05013333
0.0488
0.04946667
0.04942222
0.05088889
0.05026667
0.05137778
0.05146667
0.05151111
0.05133333
0.05164444
0.05084445
0.05208889
0.04973333
0.04884445
0.04822222
0.04715556
0.0468
0.04608889
0.04773333
0.04791111
0.0492
0.0496
0.04911111
0.04995555
0.04986667
0.04951111
0.04862222
0.04786666
0.04897778
0.04951111
0.04791111
0.0484
0.04728889
0.04804444
0.04986667
0.04724444
0.04968889
0.04937778
0.05004444
0.05075556
0.04933333
0.04951111
0.05124445
0.05057778
0.05071111
0.05146667
0.05226667
0.052
0.05097778
0.05093333
0.05093333
0.05044444
0.05204444
0.05288889
0.05182222
0.0536
0.0532
0.05324445
0.05377778
0.05324445
0.05475556
0.05337778
0.05222222
0.05115556
0.05026667
0.05066667
0.04942222
0.0484
0.0484
0.04728889
0.04764444
0.04862222
0.04937778
0.05022222
0.05137778
0.05017778
0.05026667
0.0524
0.04995555
0.04888889
0.05022222
0.05044444
0.05048889
0.05124445
0.05182222
0.05062222
0.04946667
0.05053333
0.04924444
0.04951111
0.04942222
0.0508
0.04995555
0.05008889
0.04928889
0.04946667
0.04791111
0.04888889
0.04888889
0.04835556
0.04835556
0.04991111
0.05
0.04977778
0.05044444
0.04991111
0.05017778
0.05053333
0.04822222
0.04822222
0.04724444
0.04711111
0.04737778
0.04706667
0.04715556
0.04697778
0.04782222
0.04728889
0.04684445
0.04671111
0.04644445
0.04648889
0.0472
0.04684445
0.04657778
0.04657778
0.04484444
0.04542222
0.04502222
0.04511111
0.04435556
