0.04471111
0.2994222
0.3404
0.2901333
0.2863556
0.2701333
0.2697778
0.2452
0.2433333
0.2286222
0.2307556
0.2195556
0.2157778
0.2091111
0.2011111
0.1944
0.1878222
0.1846667
0.1765778
0.1727111
0.1695111
0.1675556
0.1628
0.1594667
0.1612444
0.1595556
0.1534667
0.1529778
0.1473778
0.1484889
0.1437333
0.1413778
0.1380889
0.1362222
0.1359111
0.1388444
0.1399556
0.1366222
0.1360889
0.1372889
0.1313778
0.1326222
0.1323556
0.1315556
0.1316
0.1323111
0.1332889
0.1321333
0.1292889
0.1310222
0.1304
0.1337778
0.1356445
0.1354222
0.1367111
0.1351556
0.1359556
0.1318667
0.1308
0.1295556
0.1278667
0.1291111
0.1282667
0.1266222
0.1259556
0.1216444
0.1236889
0.1210222
0.1211111
0.1197333
0.1203556
0.1177333
0.1214667
0.1178222
0.1167556
0.1170222
0.1151111
0.1170667
0.1125333
0.1108889
0.1069333
0.1064889
0.1086222
0.1065778
0.1071556
0.1073778
0.1052
0.1071556
0.1054222
0.106
0.1012444
0.09897777
0.09755556
0.09546667
0.09431111
0.09284444
0.08835556
0.08884444
0.08613333
0.08977778
0.08871111
0.08991111
0.088
0.08986667
0.08457778
0.08897778
0.08666667
0.08693333
0.08973333
0.08546667
0.0888
0.08875556
0.08986667
0.08911111
0.09071111
0.09151111
0.09151111
0.09084444
0.0908
0.09217778
0.09231111
0.09253334
0.08893333
0.09244444
0.09231111
0.09431111
0.09595556
0.09622222
0.09244444
0.09311111
0.09302222
0.09195556
0.08906667
0.08893333
0.09368889
0.09497778
0.09262222
0.096
0.09155556
0.09524444
0.09257778
0.0948
0.09506667
0.09577778
0.0992
0.09542222
0.09533333
0.09564444
0.09622222
0.09355555
0.09511111
0.09688889
0.0936
0.09271111
0.0956
0.09533333
0.09142222
0.0912
0.09124444
0.09053333
0.08995555
0.08844444
0.08591111
0.08497778
0.08577777
0.08777778
0.08555555
0.08724444
0.086
0.0916
0.08835556
0.09017777
0.08804444
0.09333333
0.08893333
0.09324444
0.09151111
0.09573333
0.09226666
0.09462222
0.09191111
0.09195556
0.09142222
0.0912
0.09253334
0.09164444
0.09013333
0.09035555
0.08937778
0.08248889
0.08604445
0.08648889
0.08626667
0.08502222
0.0848
0.08235556
0.08182222
0.07902222
0.07942222
0.07733333
0.07693333
0.07862222
0.07497778
0.07608889
0.07337778
0.07391111
0.07631111
0.07711111
0.07808889
0.07377778
0.07333333
0.07142222
0.07115556
0.07115556
0.06951111
0.06902222
0.06915556
0.07031111
0.07035556
0.06871111
0.06951111
0.06831111
0.0696
0.06982222
0.07186667
0.07137778
0.07151111
0.07142222
0.07
0.07151111
0.07244445
0.07235555
0.07435556
0.07337778
0.07342222
0.07124444
0.0708
0.06817777
0.06844445
0.06422222
0.066
0.06462222
0.0664
0.06728889
0.0668
0.06773333
0.06822222
0.06702222
0.06591111
0.06831111
0.06688889
0.06791111
0.06728889
0.06933333
0.06933333
0.06857778
0.07115556
0.06755555
0.06822222
0.06813333
0.06893333
0.07137778
0.07031111
0.0688
0.06755555
0.06497778
0.06422222
0.06542222
0.06502222
0.06706667
0.06542222
0.0652
0.06511111
0.06351111
0.06342223
0.06337778
0.06088889
0.06342223
0.06155556
0.06231111
0.0628
0.06231111
0.06346667
0.06226667
0.06244444
0.06208889
0.06106667
0.05875555
0.06146667
0.06142222
0.06182222
0.06151111
0.06466667
0.0628
0.06275555
0.06315555
0.06133333
0.06293333
0.06173333
0.06053333
0.06035556
0.05862222
0.0584
0.05884444
0.05857778
0.05871111
0.056
0.05773333
0.05466667
0.05666667
0.05408889
0.05648889
0.05515556
0.05568889
0.0576
0.0592
0.05915556
0.0604
0.06311111
0.0648
0.06404445
0.06657778
0.06297778
0.06142222
0.0616
0.05906667
0.05933333
0.05884444
0.05764445
0.05768889
0.05688889
0.05688889
0.05706667
0.05506667
0.05448889
0.05337778
0.05444444
0.0528
0.05284445
0.05431111
0.05377778
0.0544
0.0564
0.05755556
0.0572
0.05733333
0.05764445
0.05688889
0.05635555
0.05715556
0.0568
0.05586667
0.05662222
0.05426667
0.05635555
0.05648889
0.0572
0.0548
0.05528889
0.05533333
0.05724445
0.05653333
0.05733333
0.05728889
0.05746667
0.05888889
0.05751111
0.05808889
0.05777778
0.0568
0.05573333
0.05502222
0.0552
0.05417778
0.05622222
0.05666667
0.05693333
0.0548
0.05586667
0.05537778
0.05773333
0.05595556
0.05822222
0.05795556
0.05808889
0.06208889
0.06044444
0.06164445
0.06097778
0.06066667
0.06053333
0.06044444
0.05951111
0.06075555
0.06044444
0.05911111
0.05951111
0.0584
0.05737778
0.05626667
0.05711111
0.05768889
0.05813333
0.05662222
0.05768889
0.05804444
0.05906667
0.05906667
0.06013333
0.06106667
0.06044444
0.06253333
0.0636
0.06386667
0.06417778
0.06435555
0.06484444
0.0652
0.06475556
0.06431111
0.06497778
0.06511111
0.0668
0.06688889
0.06666667
0.06808889
0.0692
0.0664
0.06728889
0.06626666
0.06715555
0.0664
0.06728889
0.06893333
0.06768889
0.06955556
0.07106667
0.0712
0.0704
0.06871111
0.06844445
0.07137778
0.07008889
0.07306667
0.07097778
0.07204445
0.07271111
0.07511111
0.0728
0.07502222
0.07364444
0.07275555
0.07177778
0.07191111
0.07257777
0.07417778
0.07231111
0.07368889
0.07484444
0.07622222
0.07568889
0.07613333
0.07377778
0.07328889
0.07262222
0.07248889
0.07293333
0.07231111
0.07253333
0.07471111
0.0752
0.07231111
0.07542222
0.07404444
0.07404444
0.07391111
0.0748
0.07506666
0.07546667
0.07377778
0.07408889
0.07195555
0.07355556
0.07155555
0.07035556
0.07031111
0.07137778
0.07102222
0.07346667
0.07124444
0.06782223
0.06924444
0.06644444
0.06577778
0.06577778
0.06435555
0.06555556
0.06511111
0.06422222
0.06257778
0.06284445
0.06373333
0.06075555
0.06106667
0.06164445
0.06208889
0.06177778
0.0596
0.06208889
0.05933333
0.06182222
0.05982222
0.05902222
0.05546667
0.05662222
0.05791111
0.05604444
0.05466667
0.05533333
0.05577778
0.05511111
0.056
0.05591111
0.05746667
0.05453333
0.05595556
0.05537778
0.05582222
0.05444444
0.05617778
0.05728889
0.05893333
0.05551111
0.05951111
0.0568
0.0588
0.05711111
0.05617778
0.05546667
0.05493333
0.058
0.0556
0.05613333
0.05426667
0.05604444
0.05537778
0.056
0.05693333
0.05608889
0.0556
0.05466667
0.05435555
0.05355556
0.05471111
0.05613333
0.05533333
0.05475556
0.0548
0.05542222
0.05368889
0.05444444
0.05653333
0.0548
0.05786667
0.05422222
0.0564
0.05448889
0.05457778
0.05497778
0.05311111
0.05417778
0.05435555
0.05293333
0.05244444
0.05346667
0.05275556
0.05244444
0.05213333
0.05284445
0.05417778
0.05342222
0.05555556
0.05688889
0.05626667
0.05795556
0.05786667
0.05711111
0.05808889
0.05808889
0.05924444
0.05871111
0.05595556
0.05702222
0.0568
0.05688889
0.05635555
0.05657778
0.05746667
0.05773333
0.05808889
0.05737778
0.05813333
0.05795556
0.05551111
0.05782222
0.05573333
0.05675555
0.05475556
0.05293333
0.0536
0.05422222
0.0552
0.05231111
0.05542222
0.05404444
0.05328889
0.05346667
0.05288889
0.0532
0.05408889
0.05377778
0.05435555
0.05328889
0.05164444
0.05048889
0.05093333
0.05186667
0.05115556
0.05151111
0.05346667
0.05142222
0.05226667
0.05311111
0.05195555
0.05057778
0.05075556
0.0488
0.05093333
0.04711111
0.0464
0.04706667
0.04728889
0.04764444
0.04804444
0.04764444
0.048
0.04724444
0.04706667
0.04773333
0.04573333
0.04515556
0.04551111
0.04528889
0.04711111
0.04755555
0.04782222
0.0492
0.04986667
0.0508
0.05026667
0.05022222
0.05008889
0.05044444
0.05128889
0.04986667
0.05164444
0.04884445
0.05111111
0.05008889
0.05057778
0.04773333
0.04768889
0.04791111
0.04724444
0.04844445
0.04871111
0.04982222
0.05146667
0.05008889
0.05071111
0.05155556
0.05004444
0.04968889
0.04893333
0.05004444
0.05111111
0.04951111
0.05137778
0.05146667
0.05008889
0.05048889
0.05044444
0.04902222
0.04875556
0.04973333
0.04911111
0.04684445
0.04866667
0.04795555
0.04995555
0.04902222
0.04773333
0.04617778
0.04737778
0.04808889
0.04791111
0.04862222
0.04893333
0.04862222
0.04604444
0.04644445
0.04568889
0.04542222
0.04608889
0.04604444
0.04564444
0.04657778
0.04613333
0.04635556
0.04826667
0.04666667
0.04742222
0.04697778
0.04626667
0.04711111
0.04706667
0.04768889
0.04715556
0.04768889
0.04613333
0.04497778
0.04724444
0.04684445
0.04737778
0.04795555
0.04933333
0.04977778
0.04826667
0.04808889
0.04928889
0.05044444
0.0492
0.04897778
0.04728889
0.04906667
0.04751111
0.04711111
0.04853333
0.04902222
0.04902222
0.04933333
0.05071111
0.05213333
0.05004444
0.04964444
0.0492
0.04755555
0.04808889
0.04706667
0.0492
0.04822222
0.05155556
0.05137778
0.0496
0.04875556
0.04977778
0.04906667
0.05031111
0.04782222
0.04853333
0.04755555
0.04804444
0.04622222
0.04688889
0.0464
0.04693333
0.04511111
0.04404445
0.04462222
0.04288889
0.04324444
0.04337778
0.04297778
0.04422222
0.04311111
0.04248889
0.04377778
0.04337778
0.04191111
0.04168889
0.04271111
0.04195556
0.04306667
0.0424
0.0424
0.04137778
0.0424
0.04066667
0.04186667
0.04191111
0.04244445
0.04062222
0.03973333
0.03964445
0.03817778
0.03826667
0.03808889
0.03844444
0.03942222
0.04
0.03942222
0.04053333
0.03897778
0.03964445
0.04
0.04155556
0.04217778
0.04413333
0.04315555
0.04337778
0.04515556
0.04462222
0.046
0.04551111
0.0468
0.04568889
0.04631111
0.04737778
0.04591111
0.04506667
0.04586667
0.046
0.04546667
0.04666667
0.04595556
0.0456
0.0444
0.04693333
0.04528889
0.04688889
0.04368889
0.04444445
0.04435556
0.04391111
0.04417778
0.04448889
0.04528889
0.04533333
0.04484444
0.04444445
0.04226667
0.04262222
0.04355555
0.0428
0.04373333
0.04306667
0.04284444
0.04168889
0.04382222
0.04328889
0.0436
0.04306667
0.04271111
0.04306667
0.04293333
0.04511111
0.04284444
0.04391111
0.04351111
0.04493333
0.04422222
0.04471111
0.04404445
0.04413333
0.04471111
0.04546667
0.04471111
0.04537778
0.04573333
0.04586667
0.04515556
0.04488889
0.04546667
0.04462222
0.04457778
0.04422222
0.04608889
0.04244445
0.04355555
0.04253333
0.04346666
0.04284444
0.04337778
0.04448889
0.04444445
0.04595556
0.04573333
0.04533333
0.04626667
0.04751111
0.0464
0.04693333
0.04871111
0.0472
0.04782222
0.04751111
0.04631111
0.04542222
0.0432
0.042
0.04191111
0.04311111
0.04391111
0.04506667
0.04506667
0.04506667
0.04391111
0.04173333
0.042
0.04217778
0.03924444
0.0396
0.04088889
0.0424
0.04195556
0.0408
0.04204445
0.04124444
0.042
0.04164444
0.04066667
0.04111111
0.04075556
0.04071111
0.04093333
0.03991111
0.04088889
0.04075556
0.04217778
0.04168889
0.04106667
0.04093333
0.04226667
0.04186667
0.04177778
0.0416
0.04195556
0.04191111
0.04186667
0.04213334
0.04244445
0.04226667
0.04186667
0.04266667
0.04191111
0.04324444
0.04333333
0.044
0.04511111
0.04408889
0.04413333
0.04506667
0.04662222
0.04551111
0.04568889
0.04582222
0.04697778
0.04662222
0.04524444
0.04577778
0.04666667
0.04644445
0.04573333
0.04688889
0.04555555
0.04586667
0.04457778
0.04373333
0.04226667
0.042
0.04115555
0.03973333
0.03942222
0.03862222
0.03968889
0.03862222
0.03933333
0.03777778
0.03808889
0.03653333
0.03706667
0.03697778
0.03746667
0.03644444
0.036
0.0364
0.03666667
0.03613333
0.03542222
0.03551111
0.03688889
