0.03608889
0.3042222
0.3412
0.2838667
0.2844445
0.2634222
0.2568444
0.2477333
0.2310667
0.2178667
0.2153778
0.2043556
0.1993778
0.1939111
0.1904
0.1831111
0.1830222
0.1769333
0.1728444
0.1729778
0.1662222
0.1696
0.1609778
0.1581333
0.1578667
0.1541778
0.1571556
0.1540889
0.1497333
0.1495111
0.1451555
0.1456444
0.1445333
0.1404444
0.1357333
0.1350222
0.1379556
0.1382667
0.1330667
0.1318222
0.1329778
0.13
0.1279556
0.1304
0.1272444
0.1278222
0.1297333
0.1251556
0.1278222
0.1276444
0.128
0.1282222
0.1297333
0.1275555
0.1292444
0.1252
0.1234667
0.1248444
0.1245778
0.1253333
0.1249778
0.1263556
0.1226222
0.1213778
0.1214222
0.1233333
0.1224444
0.1186667
0.1239111
0.1203111
0.1212889
0.1156889
0.1190222
0.1153778
0.1140444
0.1136889
0.1120889
0.1110667
0.1101333
0.1097778
0.1119556
0.1141778
0.1120889
0.1075111
0.1072
0.1042222
0.1033333
0.1027111
0.1004
0.1009778
0.09928889
0.1000444
0.09577778
0.1012
0.09706666
0.09942222
0.09728889
0.09528889
0.09928889
0.09888889
0.1006667
0.09835555
0.09964444
0.09724444
0.09991111
0.09782222
0.09955555
0.0968
0.09831111
0.09871111
0.09866667
0.09382223
0.09422223
0.09075555
0.09302222
0.08888889
0.08902222
0.08835556
0.0876
0.08893333
0.09004445
0.08826666
0.08706667
0.08724444
0.08422222
0.08426667
0.08155555
0.082
0.0824
0.08057778
0.08231111
0.08062222
0.08408889
0.08613333
0.08
0.0828
0.08124445
0.08337778
0.08208889
0.08151111
0.07853334
0.07786667
0.07866666
0.07648889
0.0768
0.07346667
0.07333333
0.07093333
0.07097778
0.07333333
0.07311111
0.07262222
0.07106667
0.07164445
0.07164445
0.07146667
0.07284445
0.07168889
0.07306667
0.07155555
0.07288889
0.07373333
0.07226667
0.07248889
0.07031111
0.07182222
0.06942222
0.07186667
0.07088889
0.07235555
0.07306667
0.07293333
0.07391111
0.07386667
0.07404444
0.07537778
0.07497778
0.07666667
0.07737778
0.07617778
0.07511111
0.07533333
0.07373333
0.07306667
0.07368889
0.07048889
0.06866667
0.07137778
0.07075556
0.07
0.07257777
0.07226667
0.07377778
0.07328889
0.07311111
0.07457778
0.07355556
0.0744
0.07391111
0.07186667
0.07382222
0.0728
0.07622222
0.07475556
0.07688889
0.07737778
0.07764445
0.07822222
0.07764445
0.07897778
0.07937778
0.07906666
0.07804444
0.07782222
0.07857778
0.07728889
0.07871111
0.07857778
0.07635555
0.07911111
0.07484444
0.07537778
0.07684445
0.07231111
0.07351111
0.07048889
0.06906667
0.06786667
0.06884445
0.06982222
0.06942222
0.06786667
0.06795555
0.0664
0.07035556
0.06951111
0.07031111
0.0692
0.06831111
0.06946667
0.06586666
0.06786667
0.06582222
0.06511111
0.0684
0.06568889
0.06706667
0.0648
0.06675556
0.06373333
0.06462222
0.06666667
0.06844445
0.07022222
0.06991111
0.06835555
0.06955556
0.06773333
0.06964444
0.06808889
0.06697778
0.06702222
0.06702222
0.06831111
0.06848889
0.06724445
0.06666667
0.06644444
0.06342223
0.06391111
0.06382222
0.06284445
0.06177778
0.06213333
0.06151111
0.06226667
0.06115555
0.06266667
0.06186667
0.06431111
0.06275555
0.06484444
0.06186667
0.06155556
0.0624
0.06306667
0.06222222
0.064
0.06311111
0.06386667
0.06324445
0.06377777
0.06248889
0.06533334
0.06444445
0.06573334
0.0652
0.06431111
0.06115555
0.06137778
0.058
0.05893333
0.06004445
0.0592
0.05933333
0.06062222
0.06062222
0.06017778
0.05853333
0.0592
0.06048889
0.05968889
0.05884444
0.05746667
0.05804444
0.05737778
0.05715556
0.0556
0.05808889
0.05662222
0.05697778
0.05684444
0.05826667
0.05991111
0.05991111
0.06053333
0.06151111
0.06186667
0.06133333
0.05995556
0.06137778
0.06093333
0.06048889
0.06155556
0.05902222
0.05937778
0.06031111
0.062
0.06133333
0.06115555
0.06053333
0.06031111
0.05964445
0.05786667
0.0596
0.06137778
0.05786667
0.05871111
0.0584
0.05808889
0.05782222
0.05924444
0.05973333
0.05977778
0.05995556
0.06031111
0.0592
0.06195556
0.06146667
0.06022222
0.06191111
0.06124444
0.06311111
0.06333333
0.0632
0.06271111
0.06266667
0.06324445
0.06173333
0.06262222
0.06013333
0.0584
0.06137778
0.05986667
0.06102222
0.06066667
0.06124444
0.06333333
0.06257778
0.06453333
0.06542222
0.06626666
0.06795555
0.06813333
0.06946667
0.06773333
0.0692
0.06942222
0.06888889
0.07088889
0.07284445
0.06928889
0.06942222
0.06817777
0.06631111
0.0676
0.06733333
0.06728889
0.06795555
0.06675556
0.0692
0.06924444
0.06795555
0.06928889
0.06915556
0.07017778
0.06964444
0.07102222
0.07222223
0.06937778
0.07124444
0.06942222
0.06973334
0.0704
0.06768889
0.06848889
0.06968889
0.06977778
0.07195555
0.07195555
0.07177778
0.07124444
0.07248889
0.0704
0.07386667
0.07346667
0.07284445
0.07346667
0.07257777
0.07275555
0.06977778
0.06977778
0.0704
0.07106667
0.07057778
0.07013334
0.06853333
0.06924444
0.07093333
0.07044444
0.07151111
0.07097778
0.07004444
0.06991111
0.07066666
0.0708
0.06897778
0.06737778
0.07062222
0.06911111
0.06888889
0.07044444
0.06848889
0.06906667
0.07062222
0.07142222
0.07364444
0.07311111
0.07413334
0.06977778
0.07093333
0.07008889
0.07217778
0.07146667
0.07288889
0.07284445
0.07408889
0.07377778
0.07315555
0.07213333
0.07337778
0.07306667
0.0748
0.07693333
0.07537778
0.07897778
0.07524444
0.07591111
0.07551111
0.07417778
0.07244445
0.074
0.07528889
0.07435556
0.07386667
0.07426666
0.07693333
0.07551111
0.07675555
0.07582222
0.0748
0.07093333
0.07333333
0.07453334
0.07368889
0.07466666
0.07111111
0.06893333
0.06888889
0.06853333
0.06795555
0.0692
0.06782223
0.07088889
0.07191111
0.0688
0.07075556
0.07182222
0.07168889
0.07053334
0.07088889
0.0708
0.06942222
0.06955556
0.06826667
0.07031111
0.07
0.06804445
0.06742222
0.06857778
0.06582222
0.06595556
0.06608889
0.06568889
0.06786667
0.06684444
0.06684444
0.06586666
0.06693333
0.066
0.06284445
0.06155556
0.06053333
0.05991111
0.05897778
0.05782222
0.05826667
0.05835555
0.05786667
0.05755556
0.05835555
0.05662222
0.0576
0.05573333
0.05542222
0.05506667
0.05626667
0.05568889
0.05617778
0.05328889
0.05284445
0.05191111
0.05248889
0.0512
0.05146667
0.0508
0.05008889
0.04915556
0.04928889
0.0488
0.04853333
0.0488
0.0484
0.05048889
0.05164444
0.05017778
0.04991111
0.04973333
0.05128889
0.05151111
0.05146667
0.05057778
0.05004444
0.04791111
0.04715556
0.04755555
0.04671111
0.04671111
0.0464
0.0444
0.046
0.0456
0.04635556
0.04764444
0.04702222
0.04844445
0.04711111
0.04546667
0.04644445
0.0464
0.04591111
0.04533333
0.04413333
0.04542222
0.04266667
0.04342222
0.04386667
0.0432
0.04062222
0.04035556
0.04106667
0.04164444
0.04088889
0.04097778
0.04008889
0.0404
0.04084444
0.04088889
0.04128889
0.04195556
0.04173333
0.042
0.04208889
0.04173333
0.04195556
0.04191111
0.04195556
0.04284444
0.04111111
0.04302222
0.04191111
0.04284444
0.042
0.04284444
0.0416
0.04235556
0.04235556
0.04311111
0.04391111
0.0424
0.04262222
0.04377778
0.04226667
0.04231111
0.04222222
0.04235556
0.04231111
0.04191111
0.04128889
0.04284444
0.04084444
0.0424
0.04075556
0.04031111
0.03862222
0.03911111
0.03835556
0.03826667
0.03875555
0.03795556
0.03942222
0.03875555
0.0388
0.038
0.0372
0.03773334
0.03782222
0.03782222
0.03782222
0.03613333
0.03608889
0.03595556
0.03591111
0.03511111
0.03506667
0.03453333
0.03533333
0.0356
0.0344
0.03457778
0.03386667
0.03422222
0.03386667
0.03488889
0.03391111
0.03413333
0.03311111
0.03408889
0.03351111
0.03484444
0.03404444
0.03466666
0.03386667
0.03408889
0.03408889
0.03333334
0.03377778
0.03404444
0.03417778
0.03422222
0.03364445
0.03355556
0.03302222
0.03293333
0.03284444
0.03213333
0.03213333
0.03191111
0.03235555
0.032
0.03213333
0.03191111
0.03204444
0.03115556
0.03195556
0.03146667
0.03115556
0.03168889
0.03133333
0.03226667
0.03244444
0.03364445
0.03302222
0.0332
0.03284444
0.03351111
0.03306667
0.0328
0.03311111
0.03355556
0.03262222
0.03248889
0.03235555
0.03257778
0.03155556
0.03133333
0.03195556
0.032
0.03102222
0.03191111
0.0312
0.03173333
0.03142222
0.03062222
0.03013333
0.03062222
0.0308
0.03088889
0.03013333
0.03022222
0.03044445
0.03044445
0.03031111
0.03048889
0.03062222
0.03075556
0.03088889
0.03182222
0.03142222
0.03151111
0.03137778
0.03204444
0.03191111
0.0328
0.03248889
0.03333334
0.03253333
0.03337778
0.03257778
0.03302222
0.03284444
0.03311111
0.03364445
0.03444444
0.03253333
0.03324445
0.03235555
0.03382222
0.03271111
0.03355556
0.03253333
0.03257778
0.03244444
0.0328
0.03213333
0.03226667
0.03195556
0.03204444
0.0324
0.03195556
0.03128889
0.03115556
0.03142222
0.03102222
0.03142222
0.03053333
0.03071111
0.03084444
0.03115556
0.03053333
0.03124444
0.03088889
0.03142222
0.03146667
0.03124444
0.0308
0.03133333
0.03111111
0.03173333
0.03155556
0.03226667
0.03173333
0.03182222
0.03186667
0.03182222
0.03177778
0.03204444
0.03213333
0.03266667
0.0328
0.03248889
0.03213333
0.03266667
0.03231111
0.0324
0.03288889
0.03342222
0.0332
0.03311111
0.03306667
0.03328889
0.0332
0.0332
0.03288889
0.03351111
0.03328889
0.03337778
0.03386667
0.03271111
0.03222222
0.0324
0.03217778
0.0324
0.0316
0.03115556
0.03053333
0.03111111
0.03035556
0.03022222
0.03062222
0.03071111
0.0308
0.03088889
0.03142222
0.03106667
0.03111111
0.03151111
0.03235555
0.03235555
0.03191111
0.032
0.0316
0.0328
0.03177778
0.03168889
0.03217778
0.03111111
0.03031111
0.03008889
0.03026667
0.02982222
0.03
0.03035556
0.03008889
0.03008889
0.02977778
0.03008889
0.03031111
0.03004444
0.03017778
0.03022222
0.03026667
0.03057778
0.03008889
0.03026667
0.03075556
0.03088889
0.03186667
0.03168889
0.0316
0.03257778
0.03177778
0.03191111
0.03235555
0.03231111
0.03297778
0.03315556
0.03346667
0.03306667
0.03328889
0.03413333
0.03391111
0.03364445
0.03448889
0.03368889
0.0332
0.03333334
0.03342222
0.03297778
0.03431111
0.03337778
0.034
0.03302222
0.0344
0.03324445
0.03288889
0.03186667
0.03244444
0.03168889
0.03208889
0.03222222
0.03235555
0.03231111
0.03226667
0.03204444
0.03275555
0.03257778
0.03311111
0.03302222
0.03248889
0.03271111
0.03275555
0.03275555
0.03293333
0.03328889
0.03253333
0.03311111
0.03244444
0.03208889
0.03168889
0.03186667
0.03204444
0.03208889
0.03182222
0.03226667
0.03213333
0.03222222
0.03213333
0.03271111
0.03244444
0.0328
0.03328889
0.03302222
0.03293333
0.03257778
0.03275555
0.03302222
0.03368889
0.03275555
0.03391111
0.0336
0.03404444
0.0336
0.03448889
0.034
0.03391111
0.03382222
0.03337778
0.03302222
0.03311111
0.03217778
0.03262222
0.03257778
0.03328889
0.03248889
0.03328889
0.03217778
0.03253333
0.03186667
0.03222222
0.03266667
0.03311111
0.03284444
0.03284444
0.03275555
0.03306667
0.03266667
0.034
0.03271111
0.03288889
0.03222222
0.03231111
0.03222222
0.03248889
0.03222222
0.032
0.0324
0.03204444
0.03208889
0.032
0.03177778
0.0316
0.03177778
0.0312
0.03128889
0.03128889
0.0312
0.03142222
0.03137778
0.03106667
0.03115556
