0.03155556
0.3011556
0.3374222
0.2907111
0.2859111
0.2681333
0.2659556
0.25
0.238
0.2296444
0.2293333
0.2161778
0.2167556
0.2008445
0.198
0.1936
0.1906667
0.1882222
0.1814667
0.1796
0.1749778
0.1722222
0.1643111
0.1631556
0.1589333
0.1549333
0.1558222
0.1570667
0.1534667
0.1530667
0.1476
0.1488
0.1496889
0.1422222
0.1431556
0.1379111
0.1363111
0.1359111
0.1339556
0.1341333
0.1322222
0.1311556
0.1332
0.1298222
0.1359556
0.1319555
0.1308
0.1294222
0.1324
0.1339111
0.1310667
0.1317778
0.1280889
0.1272889
0.1278222
0.1248889
0.1229778
0.1186222
0.1217778
0.1221778
0.1221333
0.1220889
0.1225778
0.1188
0.1191556
0.1155556
0.1159556
0.1154667
0.116
0.1190667
0.1141778
0.1169778
0.1126667
0.1128889
0.1114222
0.1109778
0.1083556
0.1064
0.1056444
0.1019111
0.1004
0.1024444
0.09911111
0.09848889
0.09702222
0.0932
0.09617778
0.09253334
0.09386667
0.092
0.09302222
0.09226666
0.09506667
0.09902222
0.09817778
0.1019111
0.09724444
0.09733333
0.09626666
0.09648889
0.09746667
0.09711111
0.09702222
0.09453333
0.0924
0.09048889
0.09017777
0.09373333
0.09284444
0.09008889
0.08968889
0.08742222
0.08511111
0.0824
0.08266667
0.0816
0.07955556
0.08355556
0.08022222
0.08142222
0.08311111
0.07982222
0.0808
0.07777778
0.07515556
0.07626667
0.07831111
0.07373333
0.076
0.07626667
0.07564444
0.07417778
0.07422222
0.07324445
0.07662223
0.07315555
0.07404444
0.07177778
0.0724
0.07031111
0.07222223
0.07253333
0.06755555
0.07017778
0.0688
0.0684
0.06746667
0.06786667
0.06862222
0.06817777
0.06662222
0.06653333
0.06568889
0.06702222
0.06351111
0.06435555
0.06471111
0.0652
0.06653333
0.06857778
0.06973334
0.07128889
0.07048889
0.07106667
0.07013334
0.07035556
0.06884445
0.07013334
0.07102222
0.06977778
0.07368889
0.07244445
0.07048889
0.07146667
0.06991111
0.07133333
0.07146667
0.07391111
0.07075556
0.07146667
0.07044444
0.07062222
0.07022222
0.07071111
0.07017778
0.07235555
0.06911111
0.07022222
0.0692
0.06791111
0.06813333
0.06848889
0.06715555
0.06724445
0.06511111
0.06528889
0.062
0.06297778
0.06146667
0.06088889
0.06142222
0.06355555
0.06471111
0.06506667
0.0668
0.06506667
0.06595556
0.06662222
0.0664
0.06733333
0.06542222
0.07
0.06697778
0.06822222
0.06893333
0.07088889
0.06902222
0.07075556
0.07204445
0.07368889
0.07164445
0.07324445
0.07302222
0.07311111
0.074
0.0744
0.07351111
0.07551111
0.07586667
0.0744
0.07471111
0.0716
0.07133333
0.07071111
0.07191111
0.07417778
0.07253333
0.07262222
0.07235555
0.07515556
0.07328889
0.07293333
0.07351111
0.07431111
0.07364444
0.07462222
0.07662223
0.07546667
0.07448889
0.07524444
0.07546667
0.07551111
0.07697777
0.07617778
0.08
0.07915556
0.08093333
0.07786667
0.07906666
0.07666667
0.07608889
0.07466666
0.07604445
0.07586667
0.07586667
0.07733333
0.0784
0.07764445
0.07848889
0.07715555
0.07408889
0.0768
0.07582222
0.0784
0.07284445
0.07604445
0.07417778
0.07657778
0.07364444
0.07266667
0.07115556
0.07404444
0.07355556
0.07386667
0.07306667
0.0776
0.07582222
0.07991111
0.07884444
0.08048889
0.08195555
0.08111111
0.08168889
0.07848889
0.07977778
0.07875556
0.07764445
0.07875556
0.07662223
0.07622222
0.07773333
0.07746667
0.07675555
0.07817778
0.07693333
0.07768889
0.07817778
0.07711111
0.07635555
0.07488889
0.07324445
0.07346667
0.07355556
0.07071111
0.07097778
0.07226667
0.07235555
0.07128889
0.07115556
0.07248889
0.07208889
0.07328889
0.07382222
0.07351111
0.07368889
0.07426666
0.07448889
0.07444444
0.07222223
0.07546667
0.07217778
0.0752
0.07346667
0.07386667
0.07488889
0.07284445
0.07275555
0.07306667
0.07337778
0.07302222
0.07497778
0.07342222
0.07391111
0.07328889
0.07493334
0.07493334
0.07471111
0.0756
0.07644445
0.07497778
0.07586667
0.07373333
0.07213333
0.07328889
0.07164445
0.0744
0.07324445
0.06986666
0.06937778
0.06906667
0.06884445
0.06888889
0.06684444
0.0676
0.06466667
0.06791111
0.06764445
0.0712
0.07102222
0.07168889
0.07
0.07124444
0.068
0.06915556
0.06804445
0.06777778
0.06688889
0.06688889
0.066
0.06595556
0.06604444
0.06626666
0.06724445
0.06493333
0.06528889
0.06488889
0.0664
0.06448889
0.06466667
0.06595556
0.066
0.06635556
0.06764445
0.06808889
0.06613334
0.06644444
0.06342223
0.06422222
0.06177778
0.06306667
0.06097778
0.06066667
0.05897778
0.06
0.06004445
0.06102222
0.06013333
0.06097778
0.06248889
0.06173333
0.06257778
0.06373333
0.06097778
0.06417778
0.06106667
0.06297778
0.06364445
0.06368889
0.06391111
0.06333333
0.06324445
0.06422222
0.06231111
0.06484444
0.06275555
0.06311111
0.06213333
0.06475556
0.06311111
0.06386667
0.06235556
0.06191111
0.06146667
0.06204445
0.06377777
0.06386667
0.06346667
0.06208889
0.06373333
0.06515556
0.06342223
0.06373333
0.0644
0.0628
0.06364445
0.0644
0.06462222
0.0656
0.06551111
0.06537778
0.06391111
0.06431111
0.05986667
0.05897778
0.06177778
0.06017778
0.05933333
0.05911111
0.05942222
0.06017778
0.05902222
0.05995556
0.06124444
0.06168889
0.06391111
0.06582222
0.06728889
0.06884445
0.06897778
0.06853333
0.06968889
0.06875555
0.06888889
0.06884445
0.06728889
0.06662222
0.06786667
0.06835555
0.06831111
0.06933333
0.06813333
0.06768889
0.0672
0.06848889
0.06808889
0.07004444
0.0688
0.07182222
0.0712
0.07155555
0.06848889
0.07088889
0.06888889
0.07057778
0.06866667
0.06817777
0.06777778
0.0672
0.06804445
0.06653333
0.06622222
0.06737778
0.06862222
0.06737778
0.06688889
0.06555556
0.06502222
0.06466667
0.06586666
0.06493333
0.0672
0.06453333
0.06711111
0.06742222
0.06684444
0.06684444
0.06675556
0.06644444
0.06724445
0.06608889
0.0692
0.06862222
0.06711111
0.06671111
0.06942222
0.06702222
0.06657778
0.06404445
0.0656
0.06604444
0.06462222
0.06422222
0.06568889
0.06742222
0.06568889
0.06746667
0.06764445
0.06666667
0.06631111
0.06871111
0.06528889
0.06728889
0.06417778
0.06448889
0.06444445
0.06462222
0.06515556
0.06617778
0.06351111
0.06426667
0.06617778
0.06537778
0.06644444
0.06391111
0.0648
0.06671111
0.06706667
0.0656
0.06502222
0.06573334
0.06382222
0.06613334
0.06373333
0.06515556
0.06351111
0.06328889
0.06377777
0.06457778
0.06591111
0.06506667
0.06484444
0.06337778
0.06484444
0.06484444
0.06693333
0.06435555
0.06666667
0.06622222
0.06853333
0.06644444
0.06511111
0.06675556
0.06555556
0.06644444
0.068
0.06831111
0.06813333
0.06764445
0.0688
0.07035556
0.06773333
0.06844445
0.06737778
0.06937778
0.06751111
0.06991111
0.06711111
0.06648889
0.06315555
0.06484444
0.06533334
0.06408889
0.06471111
0.0652
0.06204445
0.06204445
0.06213333
0.06048889
0.05946667
0.06048889
0.05937778
0.06093333
0.06053333
0.06146667
0.06093333
0.06231111
0.06088889
0.06004445
0.06013333
0.05844444
0.05728889
0.05853333
0.06031111
0.05866667
0.05826667
0.05973333
0.05782222
0.05844444
0.05724445
0.05675555
0.05746667
0.05933333
0.05982222
0.05871111
0.05977778
0.06102222
0.06035556
0.06115555
0.05871111
0.05911111
0.05857778
0.05813333
0.0568
0.05915556
0.05693333
0.05871111
0.05773333
0.05795556
0.0588
0.05768889
0.0568
0.05893333
0.05662222
0.05871111
0.05964445
0.05848889
0.05986667
0.05835555
0.05715556
0.05782222
0.0572
0.05728889
0.0568
0.05604444
0.05751111
0.05853333
0.0576
0.05702222
0.05648889
0.05733333
0.05626667
0.05648889
0.05511111
0.05804444
0.0564
0.05768889
0.05826667
0.05822222
0.05937778
0.06022222
0.05871111
0.06088889
0.05942222
0.05897778
0.05866667
0.05888889
0.05982222
0.06017778
0.05977778
0.05791111
0.0604
0.06008889
0.0592
0.05933333
0.05791111
0.05746667
0.0568
0.05622222
0.05528889
0.05666667
0.05751111
0.05626667
0.05648889
0.05435555
0.05551111
0.05568889
0.05524445
0.05564445
0.05457778
0.05577778
0.05644444
0.05706667
0.05955556
0.05826667
0.05928889
0.06008889
0.05906667
0.05955556
0.05835555
0.0576
0.05813333
0.05622222
0.05582222
0.05675555
0.05595556
0.05688889
0.05706667
0.05742222
0.05751111
0.05608889
0.058
0.05511111
0.05542222
0.05355556
0.05422222
0.0536
0.05324445
0.05568889
0.05324445
0.05462222
0.05417778
0.05248889
0.05386667
0.05333333
0.05302222
0.05231111
0.05355556
0.05351111
0.05524445
0.05573333
0.05364444
0.05533333
0.05497778
0.05471111
0.05564445
0.05204444
0.052
0.0508
0.05266667
0.05053333
0.05173333
0.04991111
0.05222222
0.05102222
0.05253333
0.0516
0.05151111
0.052
0.05142222
0.05231111
0.052
0.05164444
0.05204444
0.0512
0.05195555
0.0512
0.05248889
0.05142222
0.05066667
0.04862222
0.04791111
0.04928889
0.04866667
0.04817778
0.0464
0.04702222
0.0468
0.04702222
0.04755555
0.04768889
0.04871111
0.04733333
0.04764444
0.04928889
0.04866667
0.04671111
0.04662222
0.04782222
0.04773333
0.04844445
0.04755555
0.04786666
0.04955555
0.04871111
0.04946667
0.0492
0.05044444
0.05173333
0.05164444
0.05155556
0.05293333
0.05244444
0.05355556
0.05351111
0.0544
0.05351111
0.05244444
0.05386667
0.05066667
0.05053333
0.04955555
0.04857778
0.05017778
0.04862222
0.05035556
0.04982222
0.05035556
0.04875556
0.0496
0.04866667
0.04795555
0.04697778
0.0492
0.04946667
0.04955555
0.05084445
0.04977778
0.05066667
0.05111111
0.05102222
0.05004444
0.04986667
0.05071111
0.0512
0.05177778
0.05186667
0.05084445
0.04888889
0.04862222
0.048
0.04684445
0.04675556
0.04662222
0.04671111
0.04728889
0.0476
0.04715556
0.04848889
0.04831111
0.0468
0.04715556
0.04755555
0.04635556
0.0464
0.04728889
0.04742222
0.04688889
0.04555555
0.04635556
0.04471111
0.04613333
0.04537778
0.04604444
0.0456
0.04551111
0.04573333
0.04622222
0.04702222
0.04773333
0.0476
0.048
0.04768889
0.04608889
0.04711111
0.04644445
0.04888889
0.04915556
0.0496
0.04742222
0.04764444
0.04791111
0.04764444
0.0484
0.04862222
0.04853333
0.04875556
0.04875556
0.04777778
0.04928889
0.05004444
0.0492
0.04942222
0.04768889
0.05031111
0.04711111
0.04737778
0.04635556
0.04648889
0.04688889
0.04595556
0.04706667
0.04862222
0.04955555
0.0508
0.04862222
0.0508
0.0492
0.05053333
0.05035556
0.05115556
0.05004444
0.05026667
0.04968889
0.0496
0.04755555
0.04755555
0.04853333
0.04773333
0.0488
0.04764444
0.04906667
0.04915556
0.04977778
0.05
0.0488
0.04844445
0.04773333
0.04866667
0.04768889
0.04773333
0.04715556
0.04702222
0.04791111
0.04693333
0.04626667
0.04528889
0.04671111
0.04737778
0.04768889
0.04737778
0.04933333
0.04982222
0.05057778
0.0484
0.04933333
0.04853333
0.04795555
0.04848889
0.04933333
0.05053333
0.05151111
0.05177778
0.05048889
0.05111111
0.04968889
0.05137778
0.05057778
0.05008889
0.04991111
0.05044444
0.04973333
0.04884445
0.04884445
0.0476
0.04866667
0.04795555
0.04813333
0.0476
0.04844445
0.04671111
0.04795555
0.04622222
0.04697778
0.04728889
0.04853333
0.04804444
0.04933333
0.05022222
0.05057778
0.05173333
0.05355556
0.05186667
0.05235555
0.05382222
0.05364444
0.05342222
0.05253333
0.05302222
0.05324445
0.05191111
0.0524
