0.05124445
0.3005333
0.3506667
0.2867556
0.2824444
0.2568889
0.2520889
0.2406667
0.2365333
0.2262667
0.2216889
0.2129333
0.2112
0.2073778
0.2024444
0.1960444
0.1898222
0.1881778
0.1912889
0.1913333
0.1830667
0.1811556
0.1799556
0.1717333
0.1684444
0.1669778
0.1628
0.1609333
0.1552
0.1564444
0.1536444
0.1459556
0.1440889
0.1386667
0.1399556
0.1393333
0.1389778
0.1384
0.1344889
0.1339111
0.1319111
0.1320444
0.1316
0.1320444
0.126
0.1228444
0.1215111
0.1194667
0.1223111
0.1189333
0.1206667
0.1205778
0.1194667
0.1171556
0.1153778
0.1189778
0.1116889
0.1157778
0.1127111
0.1126667
0.1114222
0.1088889
0.1130222
0.1108444
0.1095556
0.1056444
0.1086222
0.1090222
0.1072444
0.1059111
0.1054222
0.1076444
0.1116889
0.1075556
0.1090667
0.1055111
0.1086667
0.1096
0.1085778
0.1093333
0.1111556
0.1126667
0.1109333
0.1089333
0.1084
0.1081778
0.1056889
0.1081333
0.1074222
0.1073778
0.1089333
0.1056444
0.1050667
0.1033778
0.1029333
0.1004444
0.09853333
0.09533333
0.09635556
0.09546667
0.09706666
0.09573333
0.09875555
0.09808889
0.09933333
0.09946667
0.09857778
0.09804445
0.09915555
0.09946667
0.09706666
0.09617778
0.09315556
0.09466667
0.09262222
0.09324444
0.09342222
0.09084444
0.09071111
0.09168889
0.09168889
0.09075555
0.09133333
0.0888
0.08968889
0.09093333
0.09288889
0.09173334
0.09013333
0.09013333
0.08884444
0.09115556
0.08973333
0.09146667
0.09004445
0.09102222
0.08795556
0.08888889
0.08555555
0.08751111
0.08697778
0.08751111
0.08848889
0.08884444
0.08808889
0.08897778
0.08697778
0.08795556
0.08746666
0.08862222
0.08573333
0.08626667
0.08635555
0.08768889
0.08608889
0.08848889
0.08622222
0.08773334
0.0852
0.08791111
0.08346666
0.086
0.08324444
0.08364444
0.08213333
0.08133333
0.08288889
0.07968889
0.08391111
0.08026667
0.08013333
0.07933334
0.0824
0.08022222
0.08008889
0.07964444
0.07871111
0.08111111
0.08053333
0.08297778
0.07733333
0.07817778
0.07475556
0.07746667
0.0768
0.07653333
0.07702222
0.07591111
0.07671111
0.0784
0.07773333
0.07657778
0.07786667
0.07431111
0.07546667
0.07333333
0.07768889
0.07524444
0.0732
0.06924444
0.07151111
0.07102222
0.07226667
0.07026666
0.07195555
0.06977778
0.07022222
0.07151111
0.06915556
0.07088889
0.07026666
0.07013334
0.06906667
0.07146667
0.06986666
0.07186667
0.06906667
0.06711111
0.06564444
0.06533334
0.06457778
0.06671111
0.06551111
0.06813333
0.06791111
0.07177778
0.06835555
0.06831111
0.07022222
0.07044444
0.07066666
0.06884445
0.07035556
0.06986666
0.06795555
0.06564444
0.0656
0.06577778
0.06693333
0.06706667
0.06733333
0.06697778
0.06906667
0.07355556
0.07222223
0.07231111
0.07284445
0.07346667
0.07022222
0.0732
0.0724
0.0728
0.07217778
0.06955556
0.06888889
0.06702222
0.06715555
0.06653333
0.07137778
0.06835555
0.06986666
0.06844445
0.07328889
0.07155555
0.07311111
0.07097778
0.07306667
0.0712
0.07373333
0.07457778
0.07555556
0.0732
0.07502222
0.07666667
0.07968889
0.07862222
0.07831111
0.07675555
0.07493334
0.07457778
0.07675555
0.07564444
0.07426666
0.07302222
0.07297778
0.07564444
0.07324445
0.07337778
0.07453334
0.07666667
0.07915556
0.08222222
0.08075555
0.08017778
0.08008889
0.08088889
0.07955556
0.08013333
0.08102223
0.07937778
0.07875556
0.07924444
0.0812
0.07826667
0.07813333
0.07871111
0.07662223
0.07831111
0.07795556
0.07813333
0.07857778
0.07884444
0.07493334
0.07768889
0.07582222
0.07782222
0.07964444
0.07857778
0.07773333
0.07346667
0.07346667
0.07386667
0.0752
0.07471111
0.07591111
0.07737778
0.07555556
0.072
0.0752
0.07284445
0.07444444
0.07462222
0.07813333
0.07302222
0.07431111
0.07088889
0.07151111
0.06875555
0.0692
0.06773333
0.07022222
0.06973334
0.06937778
0.0704
0.07297778
0.07248889
0.07155555
0.07231111
0.07195555
0.07155555
0.06933333
0.0684
0.06742222
0.06728889
0.06653333
0.0672
0.06822222
0.06924444
0.06715555
0.06906667
0.06831111
0.06511111
0.06471111
0.06275555
0.06324445
0.06404445
0.06568889
0.06417778
0.06253333
0.06475556
0.06426667
0.06315555
0.06177778
0.06137778
0.06075555
0.06102222
0.06102222
0.06062222
0.06182222
0.06142222
0.062
0.06324445
0.06088889
0.06226667
0.06115555
0.06102222
0.05951111
0.05817778
0.05795556
0.05844444
0.05666667
0.05448889
0.05586667
0.05475556
0.05573333
0.05684444
0.05493333
0.05782222
0.05617778
0.0564
0.0572
0.05791111
0.05853333
0.05924444
0.05804444
0.05968889
0.06035556
0.062
0.06382222
0.06151111
0.0612
0.06186667
0.05875555
0.05826667
0.05853333
0.05697778
0.05897778
0.05826667
0.06
0.05755556
0.06004445
0.0572
0.05853333
0.05897778
0.05804444
0.05777778
0.05733333
0.05573333
0.05791111
0.05573333
0.05662222
0.05631111
0.05591111
0.05471111
0.05502222
0.05444444
0.05293333
0.05275556
0.05226667
0.05226667
0.0532
0.05466667
0.05528889
0.05693333
0.05777778
0.05635555
0.05786667
0.05582222
0.05644444
0.05737778
0.0584
0.0576
0.05826667
0.05751111
0.05728889
0.05666667
0.05666667
0.05644444
0.05688889
0.05791111
0.05875555
0.05742222
0.058
0.05613333
0.05644444
0.05573333
0.05711111
0.05644444
0.05715556
0.05755556
0.05617778
0.05537778
0.05751111
0.05537778
0.0584
0.05657778
0.05631111
0.05488889
0.05337778
0.05493333
0.05262222
0.05293333
0.05244444
0.05324445
0.05488889
0.05488889
0.05342222
0.05368889
0.05351111
0.05337778
0.05297778
0.05293333
0.05164444
0.05088889
0.0508
0.05382222
0.05226667
0.05186667
0.05128889
0.0532
0.05217778
0.052
0.04977778
0.05168889
0.05182222
0.05066667
0.05102222
0.05004444
0.04848889
0.04835556
0.04911111
0.04933333
0.0488
0.04911111
0.04977778
0.0484
0.04826667
0.04906667
0.04968889
0.05124445
0.05093333
0.05075556
0.05111111
0.04906667
0.05026667
0.04871111
0.05124445
0.04835556
0.05093333
0.04897778
0.04946667
0.05
0.0496
0.05057778
0.05022222
0.05004444
0.04853333
0.04888889
0.05008889
0.04728889
0.048
0.0468
0.04662222
0.04604444
0.04666667
0.0468
0.04711111
0.048
0.04848889
0.04613333
0.04715556
0.0464
0.0476
0.04791111
0.04822222
0.04791111
0.04862222
0.04751111
0.04817778
0.04862222
0.0492
0.04911111
0.04853333
0.04826667
0.04871111
0.04653334
0.04617778
0.04644445
0.04626667
0.04728889
0.04657778
0.04817778
0.04604444
0.04777778
0.04684445
0.04648889
0.04617778
0.04764444
0.04773333
0.04915556
0.04746667
0.04737778
0.04777778
0.04906667
0.0464
0.04617778
0.04471111
0.04426667
0.04586667
0.04573333
0.0452
0.04693333
0.04568889
0.04662222
0.04555555
0.04617778
0.04702222
0.04742222
0.04693333
0.04791111
0.04786666
0.0492
0.04844445
0.04902222
0.0476
0.04777778
0.04666667
0.04613333
0.04395556
0.04457778
0.04573333
0.04471111
0.04657778
0.04462222
0.04493333
0.04493333
0.04382222
0.04422222
0.04448889
0.04457778
0.04608889
0.0468
0.04648889
0.0468
0.04542222
0.04786666
0.04653334
0.04742222
0.0476
0.04813333
0.04862222
0.04675556
0.04866667
0.04822222
0.04946667
0.04831111
0.0488
0.04964444
0.05017778
0.0496
0.0516
0.05093333
0.05253333
0.05084445
0.05315556
0.0532
0.05382222
0.05186667
0.05293333
0.05022222
0.05155556
0.05053333
0.05208889
0.04924444
0.04964444
0.04902222
0.05022222
0.04915556
0.04888889
0.05128889
0.0492
0.04902222
0.04791111
0.04862222
0.04857778
0.04928889
0.04826667
0.04808889
0.04755555
0.04537778
0.0468
0.04586667
0.04582222
0.04622222
0.0456
0.04768889
0.04666667
0.04884445
0.04831111
0.04751111
0.04697778
0.04755555
0.04635556
0.046
0.04515556
0.04648889
0.046
0.04711111
0.04688889
0.04608889
0.04657778
0.04791111
0.04826667
0.04826667
0.04973333
0.04937778
0.05155556
0.05093333
0.05128889
0.05026667
0.05173333
0.05031111
0.05017778
0.04795555
0.04866667
0.0476
0.04826667
0.04635556
0.04702222
0.04631111
0.04742222
0.04644445
0.04733333
0.046
0.0456
0.04453333
0.04324444
0.04462222
0.04493333
0.04711111
0.04653334
0.046
0.0452
0.04488889
0.04653334
0.04448889
0.0444
0.04364444
0.04422222
0.04453333
0.04533333
0.04742222
0.04573333
0.04617778
0.04662222
0.0468
0.04804444
0.04924444
0.0484
0.04928889
0.0484
0.04782222
0.04591111
0.04617778
0.04591111
0.04595556
0.04617778
0.04502222
0.04631111
0.04648889
0.04751111
0.04702222
0.04724444
0.04782222
0.04693333
0.04706667
0.04666667
0.04884445
0.04822222
0.04822222
0.04657778
0.0472
0.0464
0.04662222
0.04622222
0.04662222
0.04622222
0.04662222
0.04635556
0.04577778
0.04662222
0.04626667
0.04746667
0.04671111
0.04711111
0.04826667
0.04848889
0.04928889
0.05084445
0.04813333
0.05093333
0.04986667
0.05191111
0.05044444
0.05102222
0.05191111
0.05297778
0.05191111
0.05022222
0.0512
0.0516
0.05146667
0.05106667
0.04986667
0.04893333
0.04782222
0.048
0.04777778
0.04817778
0.04755555
0.04848889
0.05017778
0.04946667
0.05
0.05151111
0.0508
0.05035556
0.04937778
0.05084445
0.05
0.05004444
0.05017778
0.05035556
0.04831111
0.04951111
0.05035556
0.05017778
0.05155556
0.05048889
0.05266667
0.04915556
0.052
0.05026667
0.05053333
0.05022222
0.04973333
0.0508
0.05164444
0.05204444
0.05111111
0.0516
0.05075556
0.05071111
0.05053333
0.05084445
0.0504
0.04915556
0.04946667
0.05004444
0.04937778
0.04915556
0.04924444
0.04808889
0.04835556
0.04826667
0.04862222
0.04884445
0.04915556
0.04902222
0.04933333
0.048
0.048
0.04773333
0.04613333
0.04631111
0.04666667
0.04724444
0.04644445
0.04808889
0.04817778
0.04924444
0.04817778
0.04866667
0.05008889
0.04933333
0.0484
0.04862222
0.04933333
0.04857778
0.04871111
0.048
0.04706667
0.0464
0.04688889
0.0452
0.04551111
0.04431111
0.04484444
0.04382222
0.04306667
0.0436
0.04248889
0.04484444
0.04382222
0.0444
0.0432
0.04302222
0.04382222
0.04333333
0.04355555
0.04386667
0.04511111
0.0448
0.04635556
0.04608889
0.0452
0.04631111
0.04591111
0.04546667
0.04453333
0.044
0.04431111
0.0436
0.04382222
0.04377778
0.04493333
0.04471111
0.04542222
0.04488889
0.04586667
0.04573333
0.0484
0.04751111
0.04782222
0.04791111
0.04897778
0.05035556
0.05111111
0.05146667
0.05088889
0.05071111
0.05235555
0.05253333
0.05324445
0.05337778
0.05311111
0.05475556
0.05431111
0.0524
0.05497778
0.05333333
0.05293333
0.05133333
0.05071111
0.05217778
0.05151111
0.05137778
0.05111111
0.04937778
0.05022222
0.05004444
0.05093333
0.05155556
0.0516
0.05173333
0.05084445
0.05053333
0.05093333
0.05066667
0.05186667
0.05053333
0.0536
0.05293333
0.05346667
0.05324445
0.0548
0.05195555
0.05324445
0.054
0.05391111
0.05444444
0.05377778
0.05337778
0.0536
0.05302222
0.05182222
0.05333333
0.05355556
0.05337778
0.05386667
0.05284445
0.05297778
0.0524
0.05311111
0.05391111
0.05284445
0.0532
0.05195555
0.05426667
0.05324445
0.05426667
0.05373333
0.0524
0.05195555
0.05213333
0.0512
0.0516
0.05146667
0.05355556
0.05306667
0.0544
0.05293333
0.05408889
0.05391111
0.0532
0.05355556
0.05395555
0.05271111
0.05177778
0.05293333
0.0532
