0.05284445
0.3084
0.3541333
0.2993333
0.2913333
0.2764
0.2607556
0.2560444
0.2488444
0.2358667
0.2288444
0.2312444
0.2185778
0.2221778
0.2112
0.2051556
0.1952444
0.1898222
0.1879556
0.1842222
0.1801778
0.1823111
0.1754667
0.1686667
0.1688
0.1647111
0.1658667
0.1594667
0.1630667
0.1590667
0.1588444
0.1575556
0.1576445
0.1531111
0.1565333
0.1471556
0.1456444
0.1440889
0.1407555
0.1392444
0.1380889
0.1346667
0.1321333
0.1333778
0.1296
0.1337333
0.1363111
0.1319555
0.1342222
0.1301778
0.1305333
0.1277333
0.1257778
0.1291556
0.1292889
0.1238667
0.1221778
0.1230222
0.1235111
0.1209333
0.1215556
0.1198222
0.1208444
0.1171556
0.1179556
0.1185778
0.1189778
0.1196
0.1214222
0.1190222
0.1200444
0.1144444
0.1153333
0.1161778
0.1130667
0.1163556
0.1149333
0.1112889
0.1088444
0.1107111
0.1104
0.1105333
0.1100444
0.1094667
0.1124444
0.1102222
0.1092
0.1095111
0.106
0.1100889
0.1069333
0.1069333
0.1032
0.1042222
0.1064
0.1036889
0.1036
0.1011111
0.1044444
0.104
0.1071556
0.1053778
0.1068444
0.1070667
0.1109778
0.1074667
0.1078667
0.1082222
0.1082222
0.1077778
0.1096444
0.1060444
0.1090222
0.1050222
0.11
0.1049778
0.1062222
0.1089778
0.1056444
0.1041333
0.1033333
0.1042222
0.0996
0.1023111
0.09857778
0.09871111
0.09631111
0.09693334
0.09786667
0.1018667
0.1002222
0.1013333
0.1006667
0.1019556
0.1049333
0.1040444
0.1068444
0.1028889
0.1053333
0.1010222
0.0996
0.09911111
0.1033333
0.1020444
0.1031556
0.1027556
0.1018222
0.1032889
0.1014667
0.1024889
0.1
0.1042222
0.1001778
0.1021778
0.1011556
0.0976
0.09982222
0.09764444
0.09506667
0.09688889
0.09626666
0.09475555
0.0988
0.09751111
0.09786667
0.09728889
0.1015111
0.1012889
0.1017778
0.1011111
0.1019111
0.1012444
0.1
0.09724444
0.09866667
0.1005333
0.09973333
0.09813333
0.09626666
0.09373333
0.0924
0.09106667
0.09151111
0.09111111
0.09146667
0.09013333
0.09195556
0.09368889
0.09204444
0.09115556
0.09355555
0.08951111
0.08777778
0.08684444
0.08577777
0.08617778
0.08386666
0.086
0.08595555
0.08644444
0.08853333
0.08946667
0.08813334
0.08862222
0.08737778
0.08817778
0.08662222
0.08568889
0.08431111
0.08373334
0.08066667
0.08168889
0.07951111
0.08253333
0.08333334
0.08342222
0.0852
0.08444444
0.08488889
0.08422222
0.08488889
0.08177778
0.08204444
0.0824
0.08217778
0.082
0.08528889
0.08431111
0.08417778
0.08528889
0.08435556
0.08488889
0.08008889
0.08177778
0.07915556
0.08026667
0.07808889
0.07924444
0.07733333
0.07697777
0.07551111
0.07622222
0.07853334
0.07804444
0.0784
0.08026667
0.08031111
0.08186667
0.08013333
0.07617778
0.07915556
0.07764445
0.0788
0.08
0.082
0.08217778
0.07817778
0.07906666
0.07742222
0.07613333
0.07955556
0.07688889
0.07471111
0.0748
0.07337778
0.0728
0.07235555
0.07253333
0.07382222
0.07395556
0.07582222
0.07533333
0.07662223
0.07493334
0.07533333
0.0732
0.07266667
0.07231111
0.07408889
0.07466666
0.07657778
0.07457778
0.07377778
0.07222223
0.0712
0.07164445
0.07102222
0.07115556
0.07026666
0.07071111
0.07142222
0.07013334
0.06893333
0.06857778
0.06751111
0.06902222
0.06875555
0.06777778
0.06795555
0.06782223
0.068
0.06795555
0.06782223
0.06733333
0.0668
0.06733333
0.06684444
0.06786667
0.06377777
0.06426667
0.06502222
0.06324445
0.06391111
0.0636
0.06506667
0.06706667
0.06768889
0.06946667
0.0716
0.06782223
0.06964444
0.06835555
0.06706667
0.06888889
0.06884445
0.0704
0.07151111
0.07235555
0.0752
0.07288889
0.07586667
0.07457778
0.07244445
0.06964444
0.07057778
0.06924444
0.06675556
0.06737778
0.06613334
0.06622222
0.06608889
0.06653333
0.06671111
0.06733333
0.06586666
0.06702222
0.06724445
0.06644444
0.06751111
0.06413333
0.06493333
0.06662222
0.06448889
0.06528889
0.06168889
0.06235556
0.05942222
0.06031111
0.05853333
0.06075555
0.05968889
0.05995556
0.05995556
0.05888889
0.05942222
0.05764445
0.06
0.05995556
0.06142222
0.06088889
0.06253333
0.06346667
0.06453333
0.06217778
0.06204445
0.0592
0.05986667
0.05933333
0.05915556
0.05888889
0.05951111
0.06075555
0.06004445
0.06057778
0.05875555
0.05862222
0.05844444
0.06044444
0.05911111
0.06111111
0.05977778
0.06137778
0.05933333
0.06044444
0.0588
0.06026667
0.05835555
0.05831111
0.05693333
0.05653333
0.05693333
0.05564445
0.05404444
0.05426667
0.05551111
0.05364444
0.0544
0.05208889
0.05311111
0.05151111
0.05151111
0.0528
0.0528
0.05124445
0.05053333
0.05164444
0.04964444
0.05173333
0.04746667
0.04964444
0.04795555
0.04906667
0.04826667
0.04888889
0.04844445
0.05031111
0.05008889
0.05226667
0.05288889
0.05257778
0.0548
0.05364444
0.05493333
0.05582222
0.05648889
0.05617778
0.0584
0.05804444
0.05822222
0.05706667
0.05626667
0.05684444
0.05733333
0.05715556
0.05808889
0.05893333
0.05951111
0.05955556
0.05862222
0.05813333
0.05791111
0.05955556
0.05795556
0.06084444
0.05928889
0.06093333
0.06084444
0.06191111
0.06306667
0.062
0.062
0.06262222
0.06133333
0.06244444
0.06071111
0.06093333
0.05977778
0.06106667
0.05902222
0.05955556
0.05871111
0.05937778
0.05848889
0.05862222
0.05893333
0.0584
0.05555556
0.05595556
0.05586667
0.05542222
0.05457778
0.05466667
0.05333333
0.05404444
0.05293333
0.0528
0.05284445
0.05262222
0.05471111
0.05586667
0.05648889
0.05604444
0.05568889
0.05622222
0.05782222
0.05826667
0.05644444
0.05866667
0.05751111
0.06022222
0.05702222
0.05866667
0.05782222
0.05613333
0.05786667
0.05586667
0.0548
0.05377778
0.05453333
0.05475556
0.05497778
0.05831111
0.05591111
0.05804444
0.05777778
0.05888889
0.05777778
0.05884444
0.05871111
0.06071111
0.05933333
0.06168889
0.06035556
0.05991111
0.05711111
0.05831111
0.05644444
0.05666667
0.05773333
0.05777778
0.06004445
0.06226667
0.06111111
0.06457778
0.06213333
0.06484444
0.06293333
0.06306667
0.06306667
0.0624
0.0616
0.06066667
0.05951111
0.0604
0.0608
0.06106667
0.06297778
0.06075555
0.06
0.0596
0.06031111
0.0616
0.0608
0.06217778
0.06053333
0.06133333
0.06133333
0.06284445
0.06408889
0.06351111
0.06555556
0.06555556
0.06382222
0.06426667
0.06693333
0.06404445
0.06248889
0.06231111
0.05866667
0.05888889
0.05866667
0.05791111
0.05835555
0.05662222
0.0552
0.0556
0.0532
0.05235555
0.05133333
0.05466667
0.05231111
0.05395555
0.05328889
0.05368889
0.05408889
0.05382222
0.05373333
0.05533333
0.05551111
0.05324445
0.05368889
0.05457778
0.05337778
0.05422222
0.05435555
0.0544
0.05426667
0.05573333
0.05524445
0.05471111
0.05382222
0.052
0.05355556
0.05364444
0.05235555
0.05217778
0.05177778
0.0496
0.05062222
0.0488
0.04968889
0.05022222
0.05044444
0.04906667
0.05071111
0.05075556
0.05222222
0.05204444
0.05093333
0.04924444
0.04888889
0.0492
0.05044444
0.04866667
0.05057778
0.05071111
0.05128889
0.05111111
0.05182222
0.0516
0.05164444
0.05111111
0.0528
0.05044444
0.0516
0.05013333
0.05155556
0.05217778
0.05293333
0.05351111
0.0552
0.05435555
0.05573333
0.05515556
0.056
0.05604444
0.05502222
0.05377778
0.05386667
0.0536
0.05484444
0.05537778
0.05693333
0.05435555
0.05328889
0.05377778
0.05355556
0.05444444
0.05311111
0.05382222
0.05284445
0.05391111
0.0528
0.05271111
0.05182222
0.05053333
0.05031111
0.05
0.04937778
0.04933333
0.05031111
0.05
0.05044444
0.04968889
0.05084445
0.05088889
0.05128889
0.05031111
0.05075556
0.05124445
0.05013333
0.05022222
0.05111111
0.05155556
0.05164444
0.05017778
0.04942222
0.0492
0.04897778
0.04893333
0.04844445
0.04857778
0.04795555
0.048
0.04795555
0.04906667
0.0496
0.04946667
0.05044444
0.05177778
0.05191111
0.05084445
0.05284445
0.05355556
0.05235555
0.05462222
0.05262222
0.05195555
0.05288889
0.05266667
0.05582222
0.05346667
0.05377778
0.05333333
0.05586667
0.05275556
0.05244444
0.05084445
0.05106667
0.05057778
0.05164444
0.05106667
0.05146667
0.04924444
0.04951111
0.04924444
0.04937778
0.04973333
0.04968889
0.04968889
0.04902222
0.04835556
0.04951111
0.05004444
0.04857778
0.04835556
0.04804444
0.04702222
0.0488
0.04831111
0.05137778
0.04937778
0.05257778
0.05035556
0.0528
0.05151111
0.05062222
0.05115556
0.05093333
0.05106667
0.05106667
0.04911111
0.04795555
0.0492
0.04888889
0.04786666
0.04911111
0.04662222
0.0476
0.04684445
0.04537778
0.0464
0.04568889
0.04653334
0.04684445
0.04586667
0.04604444
0.04484444
0.04528889
0.04533333
0.04591111
0.04524444
0.04728889
0.04546667
0.04626667
0.04653334
0.04542222
0.04528889
0.04595556
0.04755555
0.04648889
0.04715556
0.04573333
0.04648889
0.04591111
0.04697778
0.04657778
0.04688889
0.04782222
0.04675556
0.04755555
0.04626667
0.04702222
0.04568889
0.04355555
0.04337778
0.04386667
0.0432
0.04382222
0.04186667
0.04275556
0.04182222
0.0436
0.04075556
0.04142222
0.04142222
0.04182222
0.0412
0.0428
0.04244445
0.04124444
0.04142222
0.04177778
0.04257778
0.0436
0.04471111
0.04431111
0.04622222
0.04506667
0.04426667
0.04364444
0.044
0.04524444
0.04426667
0.04417778
0.04368889
0.0452
0.04417778
0.04435556
0.04435556
0.04333333
0.04364444
0.04462222
0.04466667
0.0444
0.04484444
0.04484444
0.04551111
0.04484444
0.04626667
0.04551111
0.04502222
0.04497778
0.04271111
0.04382222
0.04324444
0.04511111
0.04373333
0.04497778
0.04484444
0.04595556
0.04604444
0.04604444
0.04484444
0.04511111
0.04413333
0.046
0.04435556
0.04684445
0.04626667
0.0472
0.04626667
0.04728889
0.04697778
0.04711111
0.04635556
0.04711111
0.04466667
0.04631111
0.04524444
0.04573333
0.0452
0.04693333
0.04573333
0.04644445
0.04391111
0.04288889
0.04244445
0.04288889
0.04177778
0.0428
0.04106667
0.04186667
0.04115555
0.04111111
0.04093333
0.04088889
0.04102222
0.04026667
0.04088889
0.04035556
0.03857778
0.03888889
0.03835556
0.03875555
0.03893333
0.03915555
0.03933333
0.0388
0.03844444
0.03875555
0.03808889
0.0384
0.03755556
0.03884444
0.03817778
0.03982222
0.03924444
0.04071111
0.04
0.03982222
0.03955556
0.04102222
0.03902222
0.03893333
0.0376
0.03871111
0.03764445
0.03715555
0.03728889
0.0376
0.038
0.03862222
0.03875555
0.03897778
0.0392
0.03973333
0.04035556
0.03893333
0.0396
0.04013333
0.03942222
0.03986667
0.0392
0.03968889
0.04031111
0.03955556
0.03942222
0.03937778
0.03924444
0.03875555
0.03808889
0.03755556
0.03666667
0.036
0.0348
0.03422222
0.03462222
0.03462222
0.03506667
0.03506667
0.03542222
0.03546667
0.03657778
0.036
0.03715555
0.03693333
0.03791111
0.03697778
0.03826667
0.03737778
0.03804445
0.0388
0.0392
0.03884444
0.03853333
0.03826667
0.038
0.03884444
0.03862222
0.03817778
0.03884444
0.03897778
0.03831111
0.03768889
0.03795556
0.03813333
0.03804445
0.03764445
0.03804445
0.03764445
0.03835556
0.03924444
0.03848889
0.03902222
0.03911111
0.03888889
0.03848889
0.03813333
0.03737778
0.03808889
0.03626667
0.03675555
0.03662222
0.03746667
0.03724444
0.03746667
0.03777778
0.03822222
0.03786667
0.03853333
