0.03862222
0.3073778
0.3527555
0.2944889
0.2893778
0.2714222
0.2623556
0.2542667
0.2489778
0.2364444
0.2300889
0.2170222
0.2104445
0.2022222
0.1982222
0.1922667
0.1893778
0.1831111
0.178
0.1749778
0.1733333
0.1672444
0.1658667
0.1661333
0.1614222
0.1622222
0.1559111
0.1562667
0.1458667
0.1460444
0.1418667
0.1408
0.1395556
0.1380444
0.1391556
0.1375111
0.1401333
0.1357778
0.1333333
0.134
0.1305778
0.1292
0.1248889
0.1225333
0.122
0.1224444
0.1204444
0.1195556
0.1212889
0.1199111
0.1172
0.1176889
0.1186222
0.1167111
0.1148889
0.1137333
0.1159556
0.1139111
0.1140889
0.1174667
0.1131111
0.1158222
0.1163111
0.1148
0.114
0.1147111
0.11
0.1112
0.1082667
0.1090222
0.1080889
0.1051111
0.1031111
0.1013333
0.0992
0.09853333
0.09977778
0.09831111
0.0956
0.09462222
0.09728889
0.1000889
0.098
0.09768889
0.09848889
0.09702222
0.09782222
0.09693334
0.1006667
0.09613334
0.0944
0.09644444
0.09631111
0.09702222
0.0972
0.09355555
0.09688889
0.09284444
0.09364445
0.09426667
0.09591111
0.09364445
0.09248889
0.098
0.09475555
0.09448889
0.08937778
0.08897778
0.08617778
0.0864
0.08422222
0.08373334
0.08311111
0.08413333
0.0844
0.0852
0.08475555
0.08333334
0.08235556
0.08715556
0.08391111
0.08546667
0.08364444
0.08582222
0.08866667
0.08662222
0.08426667
0.08644444
0.08497778
0.08706667
0.08671111
0.08733334
0.08542223
0.08342222
0.08275556
0.08124445
0.08035555
0.08195555
0.07702222
0.07817778
0.07488889
0.07622222
0.07355556
0.07231111
0.07182222
0.07111111
0.06973334
0.072
0.0704
0.07386667
0.07088889
0.07062222
0.07213333
0.07293333
0.07284445
0.07231111
0.074
0.07493334
0.07453334
0.07662223
0.07795556
0.07697777
0.07533333
0.07391111
0.07502222
0.07342222
0.07533333
0.07408889
0.07537778
0.07595555
0.07413334
0.07511111
0.07235555
0.07231111
0.07146667
0.07137778
0.07422222
0.07293333
0.07253333
0.07057778
0.06937778
0.07013334
0.06955556
0.07128889
0.0732
0.07413334
0.07484444
0.07231111
0.07382222
0.07448889
0.07417778
0.07351111
0.07564444
0.0756
0.07457778
0.07231111
0.07084444
0.07044444
0.07213333
0.0728
0.07364444
0.07404444
0.0744
0.0752
0.07391111
0.07346667
0.07386667
0.07302222
0.07355556
0.07213333
0.07315555
0.07413334
0.07364444
0.07333333
0.07524444
0.07422222
0.07697777
0.076
0.07577778
0.07337778
0.07066666
0.07235555
0.07111111
0.06911111
0.06964444
0.06822222
0.06964444
0.06631111
0.06746667
0.06591111
0.06791111
0.06648889
0.06804445
0.06506667
0.06742222
0.06857778
0.06742222
0.06848889
0.06968889
0.06924444
0.06888889
0.06995556
0.06746667
0.06946667
0.07048889
0.06955556
0.06888889
0.06817777
0.0664
0.06448889
0.0632
0.06208889
0.06248889
0.06271111
0.064
0.0644
0.06271111
0.06182222
0.06004445
0.06168889
0.06248889
0.06106667
0.06071111
0.06226667
0.06355555
0.06426667
0.06551111
0.06422222
0.06524444
0.06315555
0.0644
0.06471111
0.06542222
0.06395555
0.0636
0.06146667
0.06124444
0.06204445
0.05982222
0.06053333
0.05737778
0.05577778
0.05582222
0.05662222
0.05635555
0.05266667
0.05315556
0.05351111
0.0524
0.054
0.0556
0.0552
0.05591111
0.05417778
0.05488889
0.05515556
0.05715556
0.05591111
0.05635555
0.05888889
0.05737778
0.05573333
0.05768889
0.05564445
0.05711111
0.05391111
0.05768889
0.05608889
0.05733333
0.05711111
0.05791111
0.05528889
0.05755556
0.0568
0.05768889
0.05791111
0.0592
0.05964445
0.06102222
0.06022222
0.05782222
0.06013333
0.0572
0.05871111
0.05564445
0.05822222
0.05426667
0.05591111
0.0544
0.05382222
0.05355556
0.05195555
0.05328889
0.05253333
0.05413333
0.0532
0.0556
0.05515556
0.05617778
0.05684444
0.05968889
0.05888889
0.06137778
0.06084444
0.06271111
0.06124444
0.06275555
0.06297778
0.06248889
0.06275555
0.06475556
0.06404445
0.06377777
0.06386667
0.06426667
0.06302222
0.06271111
0.0628
0.06097778
0.06128889
0.06004445
0.06177778
0.06195556
0.06235556
0.06275555
0.06177778
0.05977778
0.06084444
0.06048889
0.06066667
0.0604
0.05946667
0.0596
0.06173333
0.06026667
0.05942222
0.05888889
0.06
0.05755556
0.05955556
0.05728889
0.05706667
0.05751111
0.05786667
0.05631111
0.05604444
0.056
0.05711111
0.05671111
0.05764445
0.05813333
0.05728889
0.05635555
0.05671111
0.05657778
0.0584
0.05791111
0.0596
0.05924444
0.06217778
0.06017778
0.06328889
0.06048889
0.06453333
0.06346667
0.06466667
0.06217778
0.06151111
0.06168889
0.0604
0.06297778
0.06248889
0.06448889
0.06297778
0.06231111
0.06471111
0.06595556
0.06755555
0.06488889
0.06844445
0.06804445
0.06742222
0.06631111
0.06773333
0.06884445
0.06964444
0.06928889
0.06911111
0.06911111
0.07
0.07053334
0.06942222
0.06995556
0.06795555
0.06644444
0.06595556
0.06426667
0.06364445
0.06293333
0.06462222
0.06586666
0.06457778
0.06351111
0.06404445
0.06284445
0.06155556
0.06284445
0.06057778
0.05831111
0.06048889
0.05866667
0.0572
0.06004445
0.05813333
0.05844444
0.05688889
0.05871111
0.05777778
0.0564
0.05591111
0.05413333
0.0544
0.05613333
0.05595556
0.05648889
0.05608889
0.05417778
0.05364444
0.05311111
0.05426667
0.05311111
0.05311111
0.05191111
0.05235555
0.0532
0.0524
0.05328889
0.0528
0.05386667
0.05524445
0.05444444
0.05417778
0.05457778
0.05653333
0.05422222
0.05502222
0.05631111
0.05626667
0.054
0.05431111
0.05524445
0.05755556
0.0568
0.05448889
0.05573333
0.05351111
0.05337778
0.05235555
0.05382222
0.05475556
0.05506667
0.05417778
0.05475556
0.05382222
0.05431111
0.05608889
0.05435555
0.05586667
0.0544
0.0548
0.05368889
0.05688889
0.05435555
0.05675555
0.05568889
0.05608889
0.056
0.05648889
0.05573333
0.05591111
0.05515556
0.05635555
0.05684444
0.05657778
0.05568889
0.05395555
0.05582222
0.05391111
0.05293333
0.05524445
0.05386667
0.05328889
0.05346667
0.05315556
0.05071111
0.05186667
0.05328889
0.05328889
0.05364444
0.05391111
0.0536
0.05457778
0.0552
0.05431111
0.05155556
0.05333333
0.05093333
0.05297778
0.05177778
0.05226667
0.05275556
0.05373333
0.05222222
0.05351111
0.05551111
0.05528889
0.0564
0.05533333
0.05733333
0.05355556
0.05422222
0.05413333
0.05333333
0.05208889
0.05244444
0.05173333
0.0516
0.04888889
0.05102222
0.05035556
0.04986667
0.04871111
0.04795555
0.04817778
0.0496
0.04946667
0.05008889
0.05262222
0.05164444
0.05262222
0.0524
0.05266667
0.05288889
0.05297778
0.05048889
0.05075556
0.05204444
0.05057778
0.05137778
0.05195555
0.05364444
0.05093333
0.05328889
0.05248889
0.05253333
0.05284445
0.05155556
0.052
0.05293333
0.05422222
0.05368889
0.05422222
0.05248889
0.05306667
0.05408889
0.05528889
0.05351111
0.05346667
0.05231111
0.05257778
0.05346667
0.0528
0.05555556
0.05551111
0.05626667
0.05648889
0.05653333
0.05648889
0.05733333
0.05648889
0.05475556
0.05604444
0.05591111
0.05653333
0.05631111
0.05662222
0.05791111
0.05826667
0.05826667
0.05684444
0.0572
0.0552
0.05591111
0.05644444
0.05715556
0.05626667
0.0568
0.05675555
0.05826667
0.05586667
0.05568889
0.05466667
0.05537778
0.05555556
0.05737778
0.05711111
0.05857778
0.05844444
0.05755556
0.05755556
0.05693333
0.05564445
0.05475556
0.05386667
0.052
0.05266667
0.05248889
0.05413333
0.05444444
0.05226667
0.05235555
0.05324445
0.05182222
0.05244444
0.05404444
0.05262222
0.05342222
0.05248889
0.054
0.05564445
0.05537778
0.0544
0.05582222
0.05604444
0.05666667
0.05537778
0.05662222
0.05493333
0.05475556
0.05377778
0.05417778
0.05342222
0.05453333
0.05484444
0.05471111
0.05693333
0.0572
0.05746667
0.05591111
0.05631111
0.05808889
0.05715556
0.05675555
0.05777778
0.05577778
0.05746667
0.05657778
0.05448889
0.05364444
0.05408889
0.0532
0.05426667
0.05275556
0.05368889
0.0524
0.05435555
0.05533333
0.05226667
0.05453333
0.05106667
0.05071111
0.04897778
0.05066667
0.04964444
0.04955555
0.04977778
0.04991111
0.05048889
0.05017778
0.04777778
0.04902222
0.0488
0.04773333
0.04831111
0.04786666
0.04822222
0.04764444
0.04737778
0.04551111
0.04511111
0.04573333
0.04715556
0.04742222
0.04728889
0.04715556
0.04733333
0.04844445
0.04848889
0.04835556
0.04737778
0.04728889
0.04791111
0.04724444
0.04831111
0.04617778
0.04768889
0.04711111
0.04951111
0.04777778
0.0476
0.04693333
0.04742222
0.04724444
0.04795555
0.04728889
0.04702222
0.04822222
0.04671111
0.04715556
0.04737778
0.04622222
0.04728889
0.04586667
0.04551111
0.04657778
0.04648889
0.04728889
0.0468
0.04697778
0.0472
0.04786666
0.04693333
0.0472
0.04768889
0.04688889
0.04537778
0.04635556
0.04564444
0.04591111
0.04604444
0.04662222
0.04604444
0.0464
0.04666667
0.04693333
0.04791111
0.0472
0.04804444
0.04751111
0.04675556
0.04791111
0.04746667
0.04702222
0.04675556
0.04688889
0.04653334
0.04684445
0.04595556
0.0472
0.04635556
0.04733333
0.04897778
0.04791111
0.04817778
0.04817778
0.04915556
0.04991111
0.04897778
0.04933333
0.0484
0.04924444
0.04893333
0.0476
0.04817778
0.04951111
0.04751111
0.04853333
0.04897778
0.04822222
0.05044444
0.04844445
0.05031111
0.0484
0.05088889
0.04973333
0.04946667
0.04884445
0.0488
0.04782222
0.04724444
0.04671111
0.04675556
0.04577778
0.04591111
0.04608889
0.04742222
0.04844445
0.04715556
0.04746667
0.04608889
0.04697778
0.04631111
0.04693333
0.04808889
0.04831111
0.0472
0.04648889
0.0468
0.0472
0.04613333
0.04617778
0.04568889
0.04702222
0.04817778
0.04862222
0.04853333
0.04822222
0.04728889
0.04826667
0.0472
0.04715556
0.04626667
0.04644445
0.04533333
0.04675556
0.04488889
0.04675556
0.04462222
0.04595556
0.04564444
0.04542222
0.04595556
0.04693333
0.0464
0.04742222
0.04808889
0.0468
0.04884445
0.04617778
0.04755555
0.04577778
0.04702222
0.0484
0.04906667
0.0488
0.04897778
0.04995555
0.04964444
0.05057778
0.0496
0.05017778
0.05013333
0.05057778
0.05044444
0.04875556
0.04977778
0.05044444
0.05013333
0.05097778
0.04982222
0.0504
0.05053333
0.04902222
0.04884445
0.04942222
0.04977778
0.0484
0.04924444
0.04853333
0.0496
0.04986667
0.0488
0.05013333
0.04991111
0.0496
0.04844445
0.04906667
0.04853333
0.04751111
0.04688889
0.04804444
0.04657778
0.04706667
0.04617778
0.04613333
0.04546667
0.04551111
0.04524444
0.04542222
0.0452
0.04524444
0.04471111
0.04511111
0.04542222
0.04484444
0.04591111
0.04448889
0.04413333
0.04408889
0.04457778
0.04333333
0.04391111
0.04466667
0.0456
0.04506667
0.04475556
0.04475556
0.04564444
0.04511111
0.04515556
0.046
0.0456
0.04582222
0.0452
0.04533333
0.04564444
0.0452
0.04582222
0.04577778
0.0452
0.04622222
0.04582222
0.04675556
0.04773333
0.04675556
0.04666667
0.04613333
0.04813333
0.04733333
0.04786666
0.04844445
0.04831111
0.04844445
0.04844445
0.04862222
0.04862222
0.04875556
0.04995555
0.05111111
0.05191111
0.04991111
0.04995555
0.04977778
0.05088889
0.05062222
0.05062222
0.04871111
0.04853333
0.04835556
0.04844445
0.04853333
0.04897778
0.04991111
0.05026667
0.04782222
0.04835556
0.04755555
0.04782222
0.04635556
0.04546667
0.04617778
