0.0448
0.3005778
0.3404
0.2932445
0.2882222
0.2684889
0.2675111
0.2539555
0.2443556
0.2383111
0.2276
0.2215111
0.2132
0.2040444
0.2021333
0.1924444
0.1868444
0.1829778
0.1849333
0.1788889
0.1781778
0.1701333
0.1735556
0.168
0.1669333
0.1663111
0.1609333
0.1556444
0.1548
0.1532889
0.1532
0.1528889
0.1470222
0.1497778
0.1471111
0.1421778
0.1468889
0.1423111
0.1405333
0.1373333
0.1350222
0.1298667
0.1336
0.1331556
0.1296889
0.1284444
0.1258667
0.1292889
0.1259556
0.1278222
0.1243556
0.1245778
0.1247556
0.1242667
0.1199556
0.1208889
0.1158222
0.1201333
0.1164
0.1163556
0.1165333
0.1172444
0.1186222
0.1180889
0.1165778
0.1174222
0.1127111
0.1144889
0.1115111
0.1193333
0.1158222
0.1163111
0.1142667
0.1156444
0.1144444
0.1139556
0.1153333
0.1101778
0.1092
0.1070222
0.1054222
0.1008889
0.1028444
0.1014222
0.1039556
0.1026222
0.1031556
0.0992
0.1021333
0.1005333
0.1012
0.1037333
0.1036
0.1056444
0.1027111
0.1068
0.1044
0.1050222
0.1036889
0.1031111
0.1004
0.1041778
0.1038222
0.1039111
0.1035111
0.1095556
0.1046222
0.1072
0.1020444
0.1063556
0.1008889
0.1015111
0.09786667
0.09795555
0.09715556
0.09511111
0.09693334
0.09475555
0.09702222
0.09586667
0.09848889
0.09706666
0.09844445
0.0976
0.09817778
0.09751111
0.0976
0.09964444
0.09968889
0.09968889
0.09782222
0.09795555
0.09551111
0.09822223
0.09475555
0.09466667
0.09128889
0.0912
0.09275556
0.09111111
0.09568889
0.09128889
0.0916
0.09075555
0.09386667
0.08768889
0.09031111
0.08991111
0.09017777
0.09142222
0.09493333
0.09493333
0.09466667
0.09551111
0.09271111
0.09044445
0.0912
0.08857778
0.09008889
0.08653333
0.08622222
0.08724444
0.08817778
0.088
0.08777778
0.08835556
0.08813334
0.08648889
0.08608889
0.0848
0.08706667
0.08475555
0.08662222
0.08373334
0.08511111
0.08275556
0.08475555
0.08226667
0.08035555
0.07942222
0.08062222
0.07875556
0.07844444
0.07657778
0.07604445
0.07657778
0.07608889
0.07613333
0.07617778
0.07635555
0.076
0.07582222
0.07622222
0.07617778
0.07666667
0.0772
0.07568889
0.07506666
0.07502222
0.07377778
0.07417778
0.07413334
0.07328889
0.07373333
0.06991111
0.07271111
0.07302222
0.07755555
0.07368889
0.07533333
0.07284445
0.07382222
0.07333333
0.07124444
0.0696
0.07093333
0.06795555
0.06848889
0.07008889
0.06902222
0.06986666
0.0704
0.06982222
0.07044444
0.07053334
0.07031111
0.06964444
0.07044444
0.06893333
0.06742222
0.06808889
0.06688889
0.06702222
0.06666667
0.06506667
0.06733333
0.06591111
0.06431111
0.06613334
0.06448889
0.06497778
0.06337778
0.06342223
0.06373333
0.06413333
0.06235556
0.06453333
0.06466667
0.06746667
0.06728889
0.06951111
0.06862222
0.0712
0.06786667
0.068
0.06595556
0.06924444
0.06764445
0.0712
0.06942222
0.07097778
0.06817777
0.06973334
0.07302222
0.07164445
0.07044444
0.07
0.07026666
0.07044444
0.06853333
0.06831111
0.06795555
0.0668
0.06577778
0.06742222
0.06675556
0.06622222
0.06782223
0.0672
0.0692
0.06773333
0.06733333
0.06662222
0.06768889
0.06635556
0.06857778
0.06955556
0.07173333
0.07017778
0.07244445
0.0712
0.07048889
0.07097778
0.07324445
0.0716
0.072
0.06986666
0.07066666
0.06986666
0.06875555
0.06857778
0.06888889
0.06902222
0.06902222
0.06951111
0.07008889
0.07097778
0.07022222
0.072
0.07071111
0.06986666
0.06991111
0.07008889
0.06928889
0.06848889
0.06835555
0.07062222
0.06782223
0.06613334
0.066
0.06297778
0.06586666
0.06635556
0.06897778
0.07013334
0.06924444
0.0664
0.06755555
0.06528889
0.06688889
0.06586666
0.06804445
0.06528889
0.06617778
0.06248889
0.06266667
0.06102222
0.06262222
0.06213333
0.06342223
0.06293333
0.06422222
0.06582222
0.06786667
0.06755555
0.06804445
0.06697778
0.06782223
0.06773333
0.06991111
0.06906667
0.07182222
0.06955556
0.07035556
0.06742222
0.06853333
0.06648889
0.06493333
0.06502222
0.06706667
0.06862222
0.06635556
0.06724445
0.06715555
0.06404445
0.06511111
0.06284445
0.06537778
0.06426667
0.06622222
0.066
0.06568889
0.06728889
0.06653333
0.06431111
0.06657778
0.06542222
0.06591111
0.06497778
0.06795555
0.06506667
0.06626666
0.06613334
0.06604444
0.06742222
0.06764445
0.06822222
0.06751111
0.06768889
0.06546666
0.06644444
0.06693333
0.06631111
0.06751111
0.06546666
0.06688889
0.06506667
0.06533334
0.06528889
0.06506667
0.06266667
0.06302222
0.06302222
0.06168889
0.06168889
0.06244444
0.0616
0.0636
0.06248889
0.06297778
0.06262222
0.06404445
0.06573334
0.06453333
0.06062222
0.05991111
0.05924444
0.0588
0.06013333
0.05937778
0.06004445
0.0608
0.06
0.05951111
0.05982222
0.06013333
0.05875555
0.05924444
0.05826667
0.05826667
0.05991111
0.05991111
0.06035556
0.06328889
0.06244444
0.06093333
0.06302222
0.06071111
0.0608
0.06213333
0.0628
0.064
0.0668
0.06613334
0.06688889
0.06617778
0.06546666
0.06706667
0.06564444
0.06826667
0.06546666
0.06671111
0.06511111
0.06746667
0.06448889
0.06204445
0.06288889
0.0624
0.06368889
0.062
0.06097778
0.06271111
0.06355555
0.06511111
0.06777778
0.06928889
0.06973334
0.0736
0.0744
0.07311111
0.07422222
0.07631111
0.0748
0.07533333
0.07435556
0.07533333
0.07288889
0.07604445
0.07391111
0.07444444
0.07275555
0.07217778
0.06915556
0.06906667
0.06871111
0.06702222
0.06751111
0.06671111
0.06617778
0.06608889
0.06715555
0.06777778
0.06773333
0.06875555
0.06844445
0.06608889
0.06964444
0.06915556
0.06653333
0.06684444
0.0668
0.06693333
0.06626666
0.06662222
0.06497778
0.06466667
0.06173333
0.06253333
0.06164445
0.06293333
0.06275555
0.06231111
0.06382222
0.06333333
0.06217778
0.06177778
0.06044444
0.06133333
0.06022222
0.06115555
0.06217778
0.06297778
0.06168889
0.06333333
0.06355555
0.0644
0.06408889
0.06173333
0.06248889
0.06386667
0.06342223
0.06257778
0.06324445
0.06062222
0.05862222
0.05862222
0.05888889
0.05964445
0.06017778
0.06
0.05835555
0.06066667
0.05862222
0.05751111
0.05844444
0.05924444
0.05813333
0.05822222
0.05937778
0.05982222
0.05844444
0.0592
0.06057778
0.05755556
0.05995556
0.05586667
0.06004445
0.05657778
0.05991111
0.05933333
0.05977778
0.05871111
0.05937778
0.05764445
0.05786667
0.0572
0.058
0.05768889
0.05804444
0.05622222
0.05804444
0.05791111
0.05635555
0.05488889
0.05715556
0.05755556
0.05622222
0.05768889
0.05573333
0.05724445
0.05666667
0.05644444
0.05422222
0.05533333
0.05582222
0.05631111
0.0564
0.05573333
0.05573333
0.05422222
0.05617778
0.05684444
0.05768889
0.05564445
0.056
0.05337778
0.05346667
0.05328889
0.054
0.05426667
0.05524445
0.05431111
0.05417778
0.05626667
0.05568889
0.05537778
0.05573333
0.05475556
0.05497778
0.05626667
0.05542222
0.05773333
0.05706667
0.05893333
0.05831111
0.05911111
0.05911111
0.05871111
0.05848889
0.05831111
0.05982222
0.05755556
0.0576
0.05622222
0.05671111
0.05773333
0.05826667
0.05817778
0.05724445
0.05604444
0.05706667
0.05728889
0.05568889
0.05595556
0.05444444
0.05502222
0.0532
0.05373333
0.05391111
0.0512
0.05328889
0.0504
0.05204444
0.05168889
0.05351111
0.05506667
0.05435555
0.05506667
0.05431111
0.05546667
0.05546667
0.05702222
0.05751111
0.0576
0.05591111
0.05711111
0.05408889
0.05435555
0.05368889
0.05444444
0.05377778
0.05542222
0.05195555
0.05164444
0.05124445
0.05106667
0.05186667
0.05164444
0.05146667
0.05208889
0.0516
0.05217778
0.0536
0.05271111
0.05213333
0.05204444
0.05244444
0.05275556
0.05284445
0.05191111
0.05275556
0.05173333
0.05315556
0.05364444
0.05417778
0.05284445
0.05364444
0.05293333
0.05204444
0.0516
0.05075556
0.05115556
0.0516
0.05088889
0.05306667
0.05062222
0.052
0.0524
0.05044444
0.05235555
0.04813333
0.04928889
0.04862222
0.0492
0.04968889
0.04924444
0.0496
0.05031111
0.05106667
0.052
0.05293333
0.05195555
0.05271111
0.05555556
0.05191111
0.05226667
0.05164444
0.05186667
0.05248889
0.04968889
0.05088889
0.04888889
0.05106667
0.0504
0.05106667
0.05182222
0.05248889
0.05235555
0.05271111
0.05173333
0.05137778
0.05142222
0.05177778
0.05204444
0.05253333
0.0536
0.05275556
0.05426667
0.05248889
0.0528
0.04928889
0.05
0.04991111
0.05017778
0.05071111
0.05093333
0.05026667
0.05031111
0.04893333
0.04831111
0.04862222
0.04768889
0.04693333
0.04964444
0.04951111
0.05106667
0.05168889
0.05186667
0.05231111
0.05275556
0.0532
0.05435555
0.05417778
0.05377778
0.05497778
0.05413333
0.05488889
0.05302222
0.05217778
0.05222222
0.04924444
0.05062222
0.05133333
0.05088889
0.05102222
0.05311111
0.05106667
0.0516
0.05071111
0.05231111
0.05146667
0.05266667
0.0524
0.05173333
0.05035556
0.04848889
0.04844445
0.04888889
0.04711111
0.04924444
0.05048889
0.04906667
0.04933333
0.05102222
0.04924444
0.05017778
0.04973333
0.05155556
0.05173333
0.05088889
0.04875556
0.05057778
0.05004444
0.05257778
0.05004444
0.05053333
0.05
0.04942222
0.04937778
0.05004444
0.04866667
0.05008889
0.04977778
0.04982222
0.05124445
0.05191111
0.05093333
0.05284445
0.05168889
0.05084445
0.0516
0.05351111
0.05168889
0.05257778
0.0512
0.05302222
0.05062222
0.05062222
0.05048889
0.05035556
0.05146667
0.05182222
0.04973333
0.05186667
0.05177778
0.05257778
0.05377778
0.05253333
0.05382222
0.05266667
0.05404444
0.0536
0.05235555
0.05288889
0.05097778
0.05231111
0.0516
0.04946667
0.04964444
0.04951111
0.04937778
0.04991111
0.04884445
0.04942222
0.04782222
0.04911111
0.04964444
0.05048889
0.04986667
0.05062222
0.05008889
0.05013333
0.04866667
0.04982222
0.04715556
0.04813333
0.04817778
0.04755555
0.04706667
0.04822222
0.04706667
0.04791111
0.04835556
0.0472
0.04964444
0.0496
0.05111111
0.05062222
0.05
0.04995555
0.0504
0.04862222
0.04906667
0.04768889
0.04555555
0.04702222
0.04457778
0.04568889
0.0444
0.04497778
0.04648889
0.04653334
0.0472
0.04702222
0.04546667
0.046
0.04595556
0.0452
0.04617778
0.04777778
0.04848889
0.04764444
0.04857778
0.0472
0.05084445
0.04742222
0.04906667
0.04857778
0.05173333
0.05048889
0.0512
0.04826667
0.04982222
0.04866667
0.05075556
0.04986667
0.04937778
0.05066667
0.05217778
0.05004444
0.04902222
0.05017778
0.05066667
0.05146667
0.05231111
0.05235555
0.05226667
0.05262222
0.05324445
0.05062222
0.0504
0.04915556
0.04853333
0.04893333
0.04648889
0.0476
0.04826667
0.04613333
0.04568889
0.04546667
0.04488889
0.04364444
0.04426667
0.04404445
0.04497778
0.04582222
0.04631111
0.04426667
0.04564444
0.04466667
0.04493333
0.04537778
0.04488889
0.0456
0.04573333
0.04413333
0.04404445
0.04346666
0.04488889
0.04275556
0.04315555
0.04408889
0.04217778
0.04413333
0.04413333
0.04373333
0.04404445
0.04386667
0.04417778
0.04484444
0.0452
0.04608889
0.04653334
0.04604444
0.048
0.04573333
0.046
0.04626667
0.04777778
0.04728889
0.04746667
0.04817778
0.04671111
0.04573333
0.04595556
0.04648889
0.04751111
0.0456
0.04755555
0.04711111
0.04684445
0.04857778
0.04782222
0.05004444
0.04933333
0.05062222
0.0488
0.04982222
0.04773333
0.0476
0.04595556
