0.046
0.3063556
0.3467556
0.2811111
0.2889333
0.2636
0.2642667
0.2482667
0.2427111
0.2344
0.2185778
0.2173333
0.2112444
0.2098222
0.2076444
0.1988889
0.1962667
0.1889333
0.1849333
0.1800889
0.1762222
0.1759111
0.1712889
0.1684
0.1651111
0.1680889
0.1627111
0.1616
0.1605333
0.1591111
0.1574667
0.156
0.1528
0.1502222
0.1518667
0.1519111
0.1501778
0.1513778
0.1511111
0.1509333
0.1483556
0.1511556
0.1459556
0.1446222
0.1439111
0.1419556
0.1432
0.1376
0.1372
0.1341333
0.1309333
0.1308
0.1290667
0.1288
0.1258667
0.1286222
0.1261333
0.1232
0.1227111
0.1224
0.1187556
0.1177333
0.1142222
0.1125778
0.1121333
0.1105778
0.1101778
0.1092444
0.1121333
0.1092444
0.1096
0.1096444
0.1116444
0.1118222
0.1096889
0.1127556
0.11
0.1127111
0.1093778
0.1115111
0.1110222
0.1119556
0.11
0.1046222
0.1043556
0.1033778
0.1061778
0.1037333
0.1037333
0.09884445
0.09906667
0.09791111
0.09608889
0.09626666
0.09804445
0.09733333
0.0972
0.09804445
0.09551111
0.09573333
0.09688889
0.09426667
0.09311111
0.0912
0.09235556
0.09088889
0.08831111
0.08768889
0.08733334
0.08733334
0.08751111
0.08928889
0.08662222
0.08955555
0.08693333
0.08973333
0.0884
0.09066667
0.08742222
0.08977778
0.08746666
0.08773334
0.09035555
0.09
0.09004445
0.08937778
0.08831111
0.08875556
0.08631111
0.08533333
0.08502222
0.08346666
0.08311111
0.0836
0.08124445
0.08186667
0.08382222
0.08395556
0.08302222
0.08271111
0.08222222
0.08111111
0.08115555
0.0828
0.08253333
0.08484445
0.08413333
0.08195555
0.08435556
0.08173333
0.08124445
0.07884444
0.07977778
0.07684445
0.07831111
0.07848889
0.08173333
0.08031111
0.08057778
0.0796
0.07915556
0.07777778
0.07782222
0.07955556
0.07942222
0.07773333
0.07586667
0.07955556
0.07751111
0.07782222
0.0784
0.07826667
0.07875556
0.08057778
0.07773333
0.07764445
0.07911111
0.07848889
0.0808
0.0808
0.08133333
0.08217778
0.08297778
0.08417778
0.08017778
0.08004444
0.0788
0.07711111
0.07711111
0.07697777
0.07653333
0.07884444
0.07746667
0.08088889
0.07955556
0.07862222
0.07857778
0.07844444
0.07773333
0.07764445
0.07635555
0.07946666
0.07657778
0.07595555
0.07871111
0.07626667
0.07702222
0.07444444
0.0724
0.07337778
0.07377778
0.07564444
0.07564444
0.07586667
0.07635555
0.07444444
0.07404444
0.07302222
0.07311111
0.07075556
0.07133333
0.07262222
0.07528889
0.078
0.07906666
0.07982222
0.07946666
0.08004444
0.07857778
0.07862222
0.07751111
0.0772
0.07333333
0.07573333
0.07511111
0.07746667
0.07644445
0.07457778
0.07462222
0.07635555
0.07671111
0.07422222
0.07857778
0.07386667
0.07688889
0.0716
0.074
0.07231111
0.07217778
0.0752
0.07404444
0.07564444
0.07573333
0.07537778
0.07706667
0.07524444
0.07266667
0.07404444
0.07515556
0.076
0.07684445
0.07506666
0.07466666
0.07471111
0.07697777
0.07737778
0.07777778
0.07711111
0.07715555
0.0764
0.07711111
0.07742222
0.07684445
0.07702222
0.07573333
0.07488889
0.07311111
0.07244445
0.07226667
0.0744
0.07368889
0.07048889
0.07168889
0.06808889
0.06902222
0.06884445
0.06844445
0.06684444
0.06755555
0.07044444
0.07137778
0.07106667
0.07133333
0.07146667
0.07244445
0.07337778
0.07497778
0.07355556
0.07377778
0.07457778
0.0696
0.07017778
0.07088889
0.07128889
0.07057778
0.07008889
0.07146667
0.0736
0.07031111
0.07177778
0.06942222
0.07142222
0.07204445
0.07457778
0.07257777
0.07302222
0.07004444
0.06902222
0.06844445
0.06933333
0.06911111
0.07022222
0.07315555
0.07244445
0.07217778
0.07257777
0.07204445
0.07315555
0.07062222
0.07217778
0.07062222
0.07244445
0.07422222
0.07453334
0.0708
0.0692
0.06946667
0.06968889
0.06666667
0.06822222
0.06808889
0.06764445
0.06853333
0.07057778
0.06897778
0.07008889
0.07066666
0.07115556
0.06942222
0.07097778
0.06875555
0.06955556
0.06897778
0.06724445
0.06511111
0.06506667
0.06782223
0.06622222
0.06808889
0.06622222
0.0664
0.06844445
0.06475556
0.06631111
0.06631111
0.06795555
0.06644444
0.06884445
0.06542222
0.06591111
0.06711111
0.06435555
0.06431111
0.06431111
0.06431111
0.06315555
0.06275555
0.062
0.06177778
0.06
0.06048889
0.06235556
0.06128889
0.06204445
0.06271111
0.06151111
0.06404445
0.06146667
0.06026667
0.05995556
0.05888889
0.05635555
0.056
0.05613333
0.05515556
0.05711111
0.0576
0.05942222
0.0608
0.06026667
0.0584
0.05733333
0.05804444
0.05702222
0.05866667
0.05835555
0.05777778
0.05835555
0.06022222
0.05671111
0.05817778
0.05662222
0.05604444
0.05595556
0.05573333
0.05582222
0.05395555
0.05337778
0.05453333
0.05257778
0.05106667
0.05013333
0.05062222
0.05151111
0.05191111
0.05248889
0.05231111
0.05266667
0.05142222
0.05035556
0.05048889
0.0516
0.05022222
0.05053333
0.04915556
0.04897778
0.04897778
0.04924444
0.05093333
0.04973333
0.04968889
0.05
0.04946667
0.05
0.05062222
0.05226667
0.05337778
0.05142222
0.05204444
0.0508
0.04831111
0.04742222
0.04884445
0.04773333
0.04777778
0.04813333
0.04928889
0.04871111
0.0496
0.04795555
0.04817778
0.04697778
0.048
0.04706667
0.04573333
0.04564444
0.04568889
0.0456
0.04444445
0.04417778
0.04315555
0.04426667
0.04511111
0.04475556
0.04462222
0.04648889
0.04675556
0.04724444
0.0464
0.04626667
0.0464
0.04613333
0.04582222
0.04617778
0.04506667
0.04662222
0.04635556
0.0452
0.04595556
0.04573333
0.046
0.04706667
0.04702222
0.04635556
0.04453333
0.0448
0.04497778
0.04475556
0.04617778
0.04515556
0.04506667
0.04493333
0.04471111
0.04408889
0.04444445
0.0436
0.04324444
0.04306667
0.04324444
0.04306667
0.04431111
0.04315555
0.04315555
0.04275556
0.04413333
0.04253333
0.04413333
0.04284444
0.04311111
0.0428
0.04342222
0.04488889
0.04351111
0.04448889
0.04457778
0.04453333
0.04462222
0.042
0.04257778
0.04155556
0.04302222
0.04275556
0.04342222
0.04297778
0.04311111
0.04128889
0.04124444
0.04008889
0.03946667
0.04004445
0.03897778
0.04075556
0.03968889
0.04262222
0.0408
0.0436
0.04146667
0.04217778
0.04266667
0.04173333
0.042
0.04191111
0.04262222
0.04408889
0.04168889
0.04204445
0.04151111
0.04195556
0.04137778
0.04155556
0.04248889
0.04262222
0.04235556
0.04417778
0.04288889
0.04328889
0.0436
0.04417778
0.04333333
0.04386667
0.04484444
0.04502222
0.04524444
0.04626667
0.04764444
0.048
0.04831111
0.0468
0.04804444
0.04733333
0.04786666
0.04746667
0.04866667
0.04804444
0.04893333
0.04875556
0.04804444
0.0472
0.05004444
0.04666667
0.05004444
0.04671111
0.04822222
0.04635556
0.04853333
0.04693333
0.0468
0.04524444
0.04622222
0.04537778
0.04511111
0.04582222
0.04555555
0.04573333
0.04453333
0.04435556
0.04337778
0.04542222
0.04453333
0.04564444
0.04488889
0.04528889
0.04573333
0.04568889
0.04484444
0.04537778
0.04631111
0.046
0.04777778
0.04733333
0.04808889
0.0484
0.04826667
0.04551111
0.04631111
0.04515556
0.04688889
0.04688889
0.04737778
0.04742222
0.04862222
0.04928889
0.04986667
0.0488
0.04848889
0.05031111
0.0512
0.05195555
0.04853333
0.05088889
0.04933333
0.05168889
0.05057778
0.04848889
0.04942222
0.04804444
0.04826667
0.04951111
0.05035556
0.05217778
0.05017778
0.05017778
0.05048889
0.05035556
0.05115556
0.0492
0.04951111
0.05004444
0.04813333
0.04915556
0.04786666
0.0488
0.04897778
0.0484
0.0488
0.04791111
0.04773333
0.04604444
0.04782222
0.04711111
0.04795555
0.04786666
0.04764444
0.04764444
0.04848889
0.04946667
0.04928889
0.04968889
0.0492
0.05062222
0.05217778
0.05311111
0.054
0.05577778
0.05386667
0.05231111
0.05204444
0.05195555
0.05088889
0.05164444
0.05088889
0.04857778
0.0492
0.04675556
0.04835556
0.048
0.04902222
0.0484
0.04835556
0.04733333
0.04968889
0.04826667
0.04831111
0.04684445
0.04751111
0.04684445
0.04782222
0.04706667
0.04782222
0.04644445
0.04591111
0.04604444
0.04524444
0.04533333
0.04751111
0.04662222
0.04733333
0.04897778
0.04662222
0.04804444
0.04782222
0.04835556
0.04955555
0.04968889
0.04973333
0.0496
0.05115556
0.05124445
0.04977778
0.04991111
0.04933333
0.04933333
0.04795555
0.04862222
0.04782222
0.04804444
0.04737778
0.04697778
0.04604444
0.04733333
0.04608889
0.04662222
0.04466667
0.04555555
0.04315555
0.04262222
0.04257778
0.04337778
0.04217778
0.04262222
0.04075556
0.0424
0.04057778
0.04257778
0.04355555
0.04373333
0.04413333
0.04422222
0.04653334
0.04613333
0.0468
0.04546667
0.04488889
0.04404445
0.044
0.04355555
0.04453333
0.04302222
0.04448889
0.04493333
0.04502222
0.04364444
0.04364444
0.0432
0.04226667
0.04115555
0.04315555
0.04053333
0.03977778
0.04008889
0.03951111
0.03942222
0.03951111
0.04128889
0.04062222
0.04164444
0.04013333
0.04195556
0.04155556
0.04102222
0.04248889
0.04168889
0.04257778
0.04182222
0.04128889
0.04266667
0.04111111
0.04151111
0.04008889
0.04013333
0.03875555
0.03795556
0.03875555
0.03853333
0.03933333
0.03968889
0.03968889
0.04004445
0.03986667
0.03933333
0.0404
0.03831111
0.03817778
0.0388
0.03871111
0.03951111
0.03871111
0.03982222
0.03924444
0.03982222
0.03911111
0.04035556
0.03906666
0.0396
0.03924444
0.03813333
0.0388
0.0384
0.03831111
0.03773334
0.03782222
0.0376
0.03768889
0.03893333
0.03902222
0.03991111
0.03973333
0.0404
0.03933333
0.03968889
0.03915555
0.03946667
0.03911111
0.03937778
0.03782222
0.03866667
0.03853333
0.03893333
0.03911111
0.03982222
0.04013333
0.04035556
0.04208889
0.04053333
0.04155556
0.0404
0.04057778
0.0396
0.04008889
0.04031111
0.04066667
0.04097778
0.04044444
0.04244445
0.04208889
0.0416
0.04208889
0.04248889
0.04146667
0.04186667
0.04044444
0.04031111
0.03937778
0.04008889
0.03964445
0.03875555
0.03911111
0.03906666
0.03942222
0.03884444
0.0396
0.04004445
0.03968889
0.04013333
0.04
0.038
0.03777778
0.03697778
0.03675555
0.03684444
0.03693333
0.038
0.03742222
0.03804445
0.03835556
0.03906666
0.03955556
0.03875555
0.03857778
0.03942222
0.03955556
0.03897778
0.03875555
0.03804445
0.03831111
0.03813333
0.03831111
0.03777778
0.03871111
0.03853333
0.03777778
0.03831111
0.03813333
0.03924444
0.04097778
0.03902222
0.04053333
0.04026667
0.04093333
0.0396
0.03897778
0.03902222
0.04013333
0.04
0.03844444
0.03911111
0.0384
0.038
0.03746667
0.03835556
0.03808889
0.03728889
0.03688889
0.0372
0.03617778
0.03693333
0.03702222
0.03711111
0.03622222
0.03702222
0.03697778
0.03715555
0.03653333
0.0372
0.03737778
0.03751111
0.03795556
0.03737778
0.03813333
0.03755556
0.0388
0.03773334
0.03884444
0.03831111
0.03906666
0.04017778
0.04013333
0.03888889
0.03764445
0.0372
0.03684444
0.03631111
0.03617778
0.03706667
0.03675555
0.03662222
0.03626667
0.03751111
0.03631111
0.03608889
0.0364
0.0364
0.0356
0.03524445
0.03537778
0.03497778
0.03511111
0.0344
0.03515556
0.03422222
0.03408889
0.03413333
0.0348
0.03471111
0.03506667
0.03506667
0.03457778
0.03391111
0.03453333
0.0344
0.03426667
0.03475555
0.03422222
0.03506667
0.03462222
0.036
0.03511111
0.03631111
0.03622222
0.03653333
0.0352
