0.03528889
0.3014222
0.3467556
0.2906667
0.2842667
0.2665333
0.2534222
0.24
0.2353333
0.2318667
0.2214667
0.2168444
0.2127556
0.2054667
0.2006667
0.1966667
0.1925778
0.1912444
0.1843111
0.1792444
0.1765333
0.172
0.1679556
0.1652444
0.1592
0.1607556
0.1564889
0.1581333
0.1555111
0.1499556
0.1500444
0.1466667
0.1431111
0.1402222
0.1406667
0.1365778
0.1391111
0.1310667
0.1378667
0.1332444
0.1301778
0.1294667
0.1319555
0.1295111
0.1310667
0.1270667
0.1248889
0.1209778
0.1213778
0.1203556
0.1192444
0.1195111
0.1195556
0.1171111
0.1153333
0.1122222
0.1139556
0.112
0.1102667
0.1128889
0.1106667
0.1099111
0.1068
0.1048889
0.1031111
0.1013333
0.09968889
0.09933333
0.09768889
0.0992
0.1005333
0.09942222
0.09902222
0.09808889
0.0972
0.09844445
0.0968
0.1
0.09604444
0.09617778
0.09884445
0.09875555
0.09813333
0.1017333
0.09844445
0.1028889
0.09786667
0.1019556
0.09777778
0.1004889
0.09528889
0.09791111
0.09791111
0.09626666
0.09604444
0.09662222
0.09453333
0.09848889
0.09688889
0.09715556
0.09511111
0.096
0.09351111
0.09128889
0.09275556
0.09004445
0.09177778
0.08995555
0.0892
0.0892
0.09093333
0.09142222
0.09342222
0.09337778
0.09306667
0.09293333
0.09293333
0.09266666
0.09164444
0.09324444
0.09351111
0.09391111
0.09662222
0.098
0.09848889
0.09737778
0.096
0.09564444
0.09702222
0.09622222
0.09728889
0.0996
0.09751111
0.09506667
0.09382223
0.09311111
0.09604444
0.09586667
0.09493333
0.09564444
0.09466667
0.09253334
0.09466667
0.09271111
0.09631111
0.09644444
0.09622222
0.09426667
0.09271111
0.09248889
0.09146667
0.09013333
0.08804444
0.08471111
0.08395556
0.08644444
0.08533333
0.08671111
0.08524445
0.08453333
0.08333334
0.08684444
0.0832
0.08391111
0.08444444
0.08506667
0.08466667
0.08315556
0.0808
0.08035555
0.07977778
0.07786667
0.08124445
0.07697777
0.07702222
0.07733333
0.0788
0.07391111
0.07453334
0.07591111
0.07693333
0.07768889
0.07684445
0.07866666
0.0788
0.07995556
0.082
0.08173333
0.08057778
0.07871111
0.08311111
0.08257778
0.08186667
0.08017778
0.07715555
0.07871111
0.07804444
0.0792
0.07853334
0.07786667
0.07808889
0.07684445
0.07426666
0.07604445
0.0748
0.07666667
0.0776
0.07728889
0.0768
0.07706667
0.07893334
0.07906666
0.07911111
0.07911111
0.0812
0.07853334
0.07982222
0.07715555
0.07875556
0.07715555
0.08168889
0.07968889
0.08035555
0.08026667
0.07755555
0.07782222
0.08017778
0.08266667
0.08017778
0.0796
0.08004444
0.078
0.0772
0.07546667
0.07551111
0.07551111
0.07791111
0.07742222
0.07706667
0.07857778
0.07951111
0.07777778
0.08004444
0.07928889
0.07688889
0.07604445
0.0764
0.0772
0.07751111
0.0752
0.07306667
0.07408889
0.07328889
0.07031111
0.07133333
0.07155555
0.07204445
0.07186667
0.07217778
0.0728
0.07271111
0.07275555
0.07133333
0.07235555
0.07155555
0.07235555
0.07088889
0.07044444
0.07155555
0.0688
0.07111111
0.0696
0.07084444
0.07191111
0.07186667
0.0708
0.07328889
0.07471111
0.07377778
0.07564444
0.07688889
0.07888889
0.07884444
0.08013333
0.07866666
0.08328889
0.07822222
0.08031111
0.07777778
0.07564444
0.07671111
0.07373333
0.07688889
0.07511111
0.07702222
0.07706667
0.07631111
0.07488889
0.07488889
0.07235555
0.072
0.07177778
0.07191111
0.07013334
0.07128889
0.06933333
0.06964444
0.06804445
0.06764445
0.06688889
0.06875555
0.06768889
0.06662222
0.06551111
0.0652
0.06573334
0.06653333
0.06791111
0.06902222
0.06848889
0.0672
0.06951111
0.0712
0.0704
0.07097778
0.07324445
0.06933333
0.0704
0.068
0.06844445
0.06586666
0.06542222
0.06626666
0.06604444
0.06395555
0.06364445
0.06275555
0.06226667
0.06431111
0.06284445
0.06662222
0.06675556
0.06933333
0.06915556
0.07173333
0.06946667
0.07324445
0.0716
0.07297778
0.07204445
0.07395556
0.07168889
0.0712
0.06973334
0.06968889
0.07017778
0.07071111
0.07097778
0.07017778
0.06986666
0.06884445
0.06653333
0.06666667
0.06524444
0.06457778
0.06706667
0.06506667
0.0672
0.06422222
0.06662222
0.06586666
0.06742222
0.06586666
0.06537778
0.06546666
0.06506667
0.06751111
0.0648
0.0652
0.06462222
0.06253333
0.06222222
0.06151111
0.06186667
0.06284445
0.06146667
0.06146667
0.06328889
0.06306667
0.06373333
0.06088889
0.06186667
0.06106667
0.0608
0.06017778
0.062
0.06311111
0.06297778
0.06262222
0.06395555
0.06426667
0.06511111
0.06555556
0.06697778
0.06608889
0.06697778
0.0648
0.0604
0.06231111
0.06226667
0.062
0.06257778
0.06173333
0.06124444
0.06097778
0.06062222
0.05826667
0.05675555
0.05728889
0.0572
0.05786667
0.05928889
0.05804444
0.05986667
0.06026667
0.0596
0.06004445
0.05995556
0.06088889
0.05991111
0.06155556
0.06066667
0.06142222
0.06026667
0.05728889
0.05711111
0.05795556
0.05888889
0.05831111
0.05866667
0.05804444
0.05697778
0.0592
0.0592
0.06097778
0.06044444
0.06235556
0.06053333
0.06168889
0.05977778
0.06031111
0.06155556
0.06066667
0.06333333
0.0616
0.06084444
0.06031111
0.06222222
0.05995556
0.06391111
0.06248889
0.06151111
0.06222222
0.06342223
0.06586666
0.0652
0.06368889
0.06648889
0.06591111
0.06617778
0.06666667
0.066
0.06671111
0.0668
0.066
0.06693333
0.06511111
0.06595556
0.06475556
0.06488889
0.06657778
0.06675556
0.0648
0.06706667
0.06573334
0.06511111
0.06622222
0.06702222
0.06573334
0.06711111
0.06573334
0.06742222
0.06697778
0.06626666
0.06671111
0.06768889
0.06773333
0.06786667
0.06604444
0.06573334
0.06426667
0.06324445
0.06431111
0.06484444
0.06368889
0.06302222
0.0624
0.06333333
0.06115555
0.06408889
0.06417778
0.06595556
0.06675556
0.06493333
0.06653333
0.06582222
0.06453333
0.06324445
0.06684444
0.0648
0.06817777
0.06671111
0.06768889
0.06493333
0.06537778
0.0636
0.0628
0.06306667
0.06111111
0.06173333
0.05875555
0.05964445
0.05933333
0.05862222
0.05822222
0.05733333
0.05764445
0.05733333
0.05822222
0.05706667
0.05871111
0.0588
0.06008889
0.05924444
0.05902222
0.05946667
0.05826667
0.05786667
0.0592
0.05964445
0.0612
0.06133333
0.06271111
0.06293333
0.06075555
0.05902222
0.0604
0.05911111
0.05902222
0.05773333
0.0596
0.05964445
0.05706667
0.0584
0.0572
0.05791111
0.05764445
0.05875555
0.05857778
0.05857778
0.05746667
0.05817778
0.05906667
0.05897778
0.05826667
0.05982222
0.0592
0.05693333
0.05951111
0.05622222
0.05817778
0.05728889
0.05804444
0.05746667
0.05813333
0.05857778
0.05808889
0.05764445
0.05862222
0.06004445
0.06128889
0.06386667
0.06182222
0.06355555
0.06311111
0.06177778
0.06231111
0.05955556
0.0616
0.0616
0.06026667
0.06146667
0.05991111
0.06004445
0.06017778
0.06257778
0.06293333
0.06244444
0.06448889
0.06462222
0.06515556
0.0652
0.06186667
0.06271111
0.06328889
0.06466667
0.06355555
0.06471111
0.06533334
0.06346667
0.06524444
0.06431111
0.06284445
0.06377777
0.06448889
0.06733333
0.06493333
0.06582222
0.06573334
0.06675556
0.06506667
0.06822222
0.06471111
0.06457778
0.06466667
0.06524444
0.06351111
0.06368889
0.06275555
0.06106667
0.05853333
0.05937778
0.05928889
0.05764445
0.05666667
0.05684444
0.05533333
0.05551111
0.05435555
0.056
0.05648889
0.05617778
0.05493333
0.05644444
0.05782222
0.05684444
0.05768889
0.05866667
0.05955556
0.05804444
0.06102222
0.05826667
0.05986667
0.06093333
0.06053333
0.05853333
0.05982222
0.05968889
0.05791111
0.058
0.05871111
0.05911111
0.06017778
0.06093333
0.06066667
0.0596
0.06186667
0.06062222
0.06208889
0.06168889
0.0632
0.06186667
0.06373333
0.06564444
0.06368889
0.06444445
0.0648
0.06524444
0.06537778
0.06497778
0.06631111
0.0652
0.06702222
0.06604444
0.06475556
0.06688889
0.0652
0.06795555
0.06426667
0.06573334
0.06137778
0.06191111
0.06226667
0.06204445
0.06262222
0.062
0.06266667
0.06204445
0.064
0.06093333
0.06146667
0.06053333
0.05893333
0.05835555
0.05657778
0.05604444
0.05751111
0.05622222
0.05844444
0.05768889
0.05728889
0.05791111
0.05835555
0.05662222
0.05604444
0.05622222
0.05822222
0.0556
0.05702222
0.05635555
0.05746667
0.05648889
0.05733333
0.05711111
0.05688889
0.05782222
0.05662222
0.05884444
0.05728889
0.05871111
0.05697778
0.05831111
0.05555556
0.05662222
0.0564
0.05777778
0.05782222
0.05671111
0.05733333
0.05586667
0.05742222
0.05706667
0.05577778
0.05684444
0.05684444
0.05733333
0.05613333
0.05577778
0.05684444
0.05728889
0.05804444
0.05826667
0.05688889
0.05742222
0.056
0.05817778
0.0596
0.0608
0.05888889
0.05928889
0.0592
0.05937778
0.06053333
0.06124444
0.05964445
0.05888889
0.05911111
0.0604
0.062
0.05871111
0.05911111
0.05946667
0.0608
0.05995556
0.05933333
0.05928889
0.06057778
0.06
0.0616
0.05982222
0.05751111
0.05795556
0.05808889
0.05906667
0.05795556
0.05888889
0.05817778
0.05822222
0.05831111
0.05742222
0.05902222
0.0584
0.05826667
0.05755556
0.05915556
0.05804444
0.05622222
0.05755556
0.05684444
0.05786667
0.05768889
0.05844444
0.05724445
0.05662222
0.05608889
0.05671111
0.05813333
0.05742222
0.05995556
0.06048889
0.0572
0.058
0.05893333
0.05897778
0.05733333
0.05804444
0.05702222
0.05853333
0.05728889
0.05795556
0.05773333
0.05724445
0.05706667
0.05648889
0.05702222
0.05724445
0.05791111
0.05826667
0.05911111
0.05937778
0.06266667
0.06102222
0.06453333
0.06182222
0.06306667
0.06182222
0.06386667
0.06262222
0.06182222
0.06133333
0.06182222
0.0608
0.05977778
0.06017778
0.06053333
0.06217778
0.06128889
0.06111111
0.06217778
0.06404445
0.06617778
0.06328889
0.06213333
0.06248889
0.0612
0.06137778
0.06093333
0.06115555
0.05928889
0.06155556
0.06084444
0.06377777
0.06124444
0.05853333
0.05906667
0.06048889
0.06235556
0.06173333
0.06173333
0.06146667
0.06084444
0.05906667
0.05977778
0.0608
0.05786667
0.05928889
0.05773333
0.05684444
0.05724445
0.05511111
0.05617778
0.05608889
0.0564
0.05466667
0.05573333
0.05613333
0.0568
0.05582222
0.05542222
0.05462222
0.05413333
0.05511111
0.0544
0.0552
0.05493333
0.0568
0.05537778
0.05684444
0.05537778
0.05697778
0.05773333
0.05946667
0.05968889
0.05835555
0.05973333
0.05777778
0.05817778
0.05737778
0.05662222
0.05804444
0.05902222
0.06088889
0.06106667
0.05968889
0.06031111
0.0592
0.05933333
0.0568
0.05684444
0.05902222
0.05791111
0.06035556
0.05706667
0.05524445
0.05791111
0.05893333
0.05706667
0.05626667
0.05662222
0.05853333
0.05653333
0.05542222
0.05404444
0.05302222
0.05284445
0.05457778
0.05244444
0.05262222
0.0528
0.05288889
0.05315556
0.05373333
0.05346667
0.05364444
0.05444444
0.05373333
0.05293333
0.05284445
0.0524
0.05337778
0.05106667
0.04888889
0.04844445
0.04853333
0.04768889
0.04888889
0.04737778
0.048
0.04768889
0.04782222
0.04835556
0.04777778
0.048
0.0492
0.04853333
0.05111111
0.04946667
0.05044444
0.05057778
0.05066667
0.04933333
0.04777778
0.04751111
0.04746667
0.04715556
0.04626667
0.04657778
0.0464
0.04862222
0.04866667
0.05093333
0.05177778
0.05217778
0.05151111
0.05182222
0.05004444
0.05204444
0.0524
0.05457778
0.05182222
0.05084445
