957
409
338
318
320
363
346
362
363
405
391
413
427
500
502
548
544
545
541
563
524
521
528
529
527
514
512
483
475
483
494
504
527
546
533
516
532
504
536
501
566
543
570
565
589
530
568
538
559
540
508
541
506
537
523
532
522
482
489
496
506
486
483
474
505
480
504
499
522
522
519
554
537
519
490
471
471
474
487
524
540
553
549
551
544
547
556
576
554
585
561
564
550
542
527
538
562
562
579
584
588
569
576
605
583
594
581
566
562
560
544
548
566
560
590
590
587
557
595
575
623
588
632
614
642
663
596
592
604
576
582
603
606
633
601
624
617
640
599
645
671
673
659
674
609
643
627
628
585
596
560
612
618
623
625
595
607
573
590
581
589
581
619
612
619
653
662
667
685
683
692
656
659
625
632
617
623
626
639
665
622
629
625
584
579
552
562
564
551
570
582
593
602
591
602
594
560
572
555
559
566
548
590
566
597
552
570
547
548
531
564
545
543
529
554
535
559
554
550
577
570
569
590
605
567
549
558
570
583
583
542
504
505
481
494
473
507
493
520
493
508
519
520
511
529
528
523
521
526
525
513
517
500
523
511
516
510
502
475
507
494
501
453
448
446
438
439
436
475
460
487
470
464
473
478
479
478
472
472
480
475
463
449
449
433
429
428
420
407
400
389
396
367
353
356
357
358
347
357
371
376
389
396
429
417
425
447
421
429
441
432
456
449
435
435
419
415
417
412
436
418
424
440
433
420
414
420
399
409
409
427
428
457
441
456
448
458
439
443
456
445
470
479
442
439
432
430
420
397
402
392
400
398
403
381
368
379
372
374
364
393
383
402
393
403
388
382
389
399
390
381
402
402
429
394
404
406
404
403
393
428
406
439
430
431
435
427
453
439
469
447
489
470
492
487
463
475
486
454
449
466
455
439
435
411
428
400
385
395
397
387
374
365
359
371
367
360
363
377
370
375
385
395
396
394
358
359
389
394
400
398
385
378
377
382
395
376
388
395
427
420
459
428
422
458
439
454
436
448
425
456
430
442
456
471
491
476
493
517
507
519
504
518
524
528
521
488
505
494
529
519
501
489
488
477
476
478
480
460
484
479
501
495
496
479
494
503
524
495
477
515
500
499
502
495
499
508
483
503
501
501
490
505
487
493
501
507
496
508
495
501
495
523
507
486
468
470
470
479
470
484
467
482
463
474
496
513
513
500
470
462
476
429
439
437
438
442
446
429
416
419
419
415
405
414
404
416
417
421
426
434
435
432
421
429
453
468
458
442
487
443
453
452
485
478
501
488
503
490
496
494
495
497
532
527
532
539
519
515
522
509
495
507
459
453
463
467
468
454
469
441
462
458
473
468
470
466
454
453
442
441
443
411
423
432
440
435
440
438
432
437
400
399
408
383
374
368
365
363
365
366
376
344
358
354
378
368
374
372
383
362
372
389
386
405
387
371
382
381
373
365
369
375
382
366
393
381
401
388
405
404
402
390
391
380
393
392
409
394
408
384
385
388
382
388
389
397
397
390
391
400
382
392
395
396
396
394
404
395
388
400
388
397
407
411
407
422
413
423
423
423
432
438
431
435
458
436
451
444
417
401
388
421
410
407
408
404
419
416
443
452
414
416
402
404
392
402
398
388
401
402
420
417
426
423
427
416
422
415
412
429
420
430
403
426
410
421
422
417
421
396
388
392
396
380
386
379
376
381
372
368
369
363
365
361
377
377
403
396
419
416
415
420
440
430
410
419
407
386
385
373
376
388
381
383
387
387
400
401
388
396
411
396
396
379
390
407
417
423
420
432
437
462
447
458
461
447
448
448
447
448
440
435
443
440
425
447
418
415
430
397
375
402
369
385
376
380
368
377
378
379
392
387
400
410
414
391
374
376
370
375
376
375
385
379
387
390
392
378
387
372
377
372
387
369
382
369
384
367
376
383
386
380
385
377
392
393
396
401
407
410
422
414
419
422
422
425
423
429
440
457
442
405
409
435
443
457
451
464
480
464
482
463
483
472
513
495
520
524
513
522
504
492
481
501
481
500
512
479
480
457
494
461
485
478
479
459
453
455
444
446
450
470
451
462
461
465
481
472
499
454
459
467
473
466
492
468
464
455
465
459
458
473
488
481
508
495
487
502
462
464
460
448
458
451
440
429
454
451
454
444
468
463
480
473
454
472
461
475
468
485
472
493
497
496
501
514
520
527
532
498
480
486
469
489
469
455
454
442
437
445
432
440
444
439
444
437
441
451
489
446
468
481
484
462
464
469
459
452
474
464
449
474
471
471
482
459
461
440
422
423
406
426
412
439
412
420
414
424
443
440
451
450
462
460
470
460
457
459
458
452
481
474
500
478
481
464
477
455
461
453
457
464
455
476
464
480
464
451
466
461
479
455
456
459
434
445
430
420
423
421
395
406
397
398
396
401
403
410
405
416
415
434
437
437
440
425
436
450
467
464
470
463
474
482
456
490
474
478
480
497
480
481
484
475
485
476
490
477
502
482
509
500
480
493
466
486
442
446
449
448
428
432
425
427
444
423
424
437
434
457
437
455
462
425
449
438
448
443
470
468
467
469
453
466
468
486
503
525
512
533
503
518
521
544
537
522
535
546
546
541
519
528
530
543
510
515
506
517
496
502
493
488
496
483
506
499
513
495
511
493
530
504
540
529
540
520
541
532
524
525
547
530
553
499
501
514
507
519
522
535
527
530
547
547
566
539
549
540
544
559
541
555
555
554
559
568
568
565
562
553
575
558
565
581
587
617
594
578
560
559
535
532
527
521
500
497
489
510
496
484
495
502
494
474
503
475
511
479
515
496
511
509
523
509
509
500
504
512
496
498
491
483
469
475
479
450
452
442
469
439
446
450
453
466
480
485
498
484
463
448
485
468
471
471
464
472
483
481
501
450
460
447
437
432
426
418
428
439
424
436
431
417
445
446
457
462
454
461
445
437
442
420
424
400
403
391
389
375
400
371
372
372
381
372
379
374
374
360
366
357
354
365
375
364
360
357
352
358
357
346
354
357
365
371
370
387
373
387
378
386
391
376
386
393
377
389
379
394
401
409
410
404
387
389
385
376
382
363
364
375
371
399
382
405
393
401
406
402
429
418
428
436
433
410
407
397
413
423
410
415
404
404
382
399
398
395
387
397
400
405
432
414
412
407
424
424
423
401
404
393
400
387
407
395
400
407
417
416
414
417
406
400
410
399
405
381
392
387
404
382
397
395
403
435
427
415
412
422
431
414
436
423
416
441
452
480
489
475
473
497
471
491
510
491
524
517
566
547
567
527
532
516
510
522
502
500
480
465
460
437
425
412
400
387
408
391
412
408
403
416
410
431
435
441
436
445
432
442
424
424
424
445
463
421
440
446
463
438
445
429
448
426
413
386
390
405
416
419
432
427
432
427
450
440
435
428
427
433
444
478
460
447
432
442
428
429
442
436
444
459
456
452
465
417
420
401
415
427
408
420
406
416
417
421
439
430
447
441
422
408
414
416
406
410
410
421
431
454
446
442
459
484
447
485
467
467
469
425
423
411
425
408
425
428
452
466
464
483
507
483
481
473
487
472
471
479
454
460
449
447
437
448
429
449
453
456
467
434
426
433
419
431
404
409
396
410
394
395
352
333
324
326
324
329
339
309
312
303
309
312
319
322
329
347
329
342
333
336
345
356
348
369
367
377
397
370
379
383
378
363
379
378
365
345
339
337
333
331
338
324
334
332
331
319
307
310
319
310
313
313
304
305
297
296
295
297
298
293
288
292
284
283
282
284
284
287
285
286
292
284
285
284
280
283
281
281
281
279
280
281
282
282
281
285
282
289
281
278
275
273
271
271
271
271
271
271
271
271
271
271
271
271
271
271
271
271
271
271
271
271
271
271
271
271
271
271
271
271
271
271
271
271
271
271
271
271
271
271
271
271
271
271
271
271
271
271
271
271
271
271
271
271
271
271
271
271
271
271
271
271
271
271
271
271
271
271
271
271
271
271
271
271
271
271
271
271
271
271
271
271
271
271
271
271
271
271
271
271
271
271
271
271
271
271
271
271
271
271
271
271
271
271
271
271
271
271
271
271
271
271
271
271
271
271
271
271
271
271
271
271
271
271
271
271
271
271
271
271
271
271
271
271
271
271
271
271
271
271
271
271
271
271
271
271
271
271
271
271
271
271
271
271
271
271
271
271
271
271
271
271
271
271
271
271
271
271
271
271
271
271
271
271
271
271
271
271
271
271
271
271
271
271
271
271
271
271
271
271
271
271
271
271
271
271
271
271
271
271
271
271
271
271
271
271
271
271
271
271
271
271
271
271
271
271
271
271
271
271
271
271
271
271
271
271
271
271
271
271
271
271
271
271
271
271
271
271
271
271
271
271
271
271
271
271
271
271
271
271
271
271
271
271
271
271
271
271
271
271
271
271
271
271
271
271
271
271
271
271
271
271
271
271
271
271
271
271
271
271
271
271
271
271
271
271
271
271
271
271
271
271
271
271
271
271
271
271
271
271
271
271
271
271
271
271
271
271
271
271
271
271
271
271
271
271
271
271
271
271
271
271
271
271
271
271
271
271
271
271
271
271
271
271
271
271
271
271
271
271
271
271
271
271
271
271
271
271
271
271
271
271
271
271
271
271
271
271
271
271
271
271
271
271
271
271
271
271
271
271
271
271
271
271
271
271
271
271
271
271
271
271
271
271
271
271
271
271
271
271
271
271
271
271
271
271
271
271
271
271
271
271
271
271
271
271
271
271
271
271
271
271
271
271
271
271
271
271
271
271
271
271
271
271
271
271
271
271
271
271
271
271
271
271
271
271
271
271
271
271
271
271
271
271
271
271
271
271
271
271
271
271
271
271
271
271
271
271
271
271
271
271
271
271
271
271
271
271
271
271
271
271
271
271
271
271
271
271
271
271
271
271
271
271
271
271
271
271
271
271
271
271
271
271
271
271
271
271
271
271
271
271
271
271
271
271
271
271
271
271
271
271
271
271
271
271
271
271
271
271
271
271
271
271
271
271
271
271
271
271
271
271
271
271
271
271
271
271
271
271
271
271
271
271
271
271
271
271
271
271
271
271
271
271
271
271
271
271
271
271
271
271
271
271
271
271
271
271
271
271
271
271
271
271
271
271
271
271
271
271
271
271
271
271
271
271
271
271
271
271
271
271
271
271
271
271
271
271
271
271
271
271
271
271
271
271
271
271
271
271
271
271
271
271
271
271
271
271
271
271
271
271
271
271
271
271
271
271
271
271
271
271
271
271
271
271
271
271
271
271
271
271
271
271
271
271
271
271
271
271
271
271
271
271
271
271
271
271
271
271
271
271
271
271
271
271
271
271
271
271
271
271
271
271
271
271
271
271
271
271
271
271
271
271
271
271
271
271
271
271
271
271
271
271
271
271
271
271
271
271
271
271
271
271
271
271
271
271
271
271
271
271
271
271
271
271
271
271
271
271
271
271
271
271
271
271
271
271
271
271
271
271
271
271
271
271
271
271
271
271
271
271
271
271
271
271
271
271
271
271
271
271
271
271
271
271
271
271
271
271
271
271
271
271
271
271
271
271
271
271
271
271
271
271
271
271
271
271
271
271
271
271
271
271
271
271
271
271
271
271
271
271
271
271
271
271
271
271
271
271
271
271
271
271
271
271
271
271
271
271
271
271
271
271
271
271
271
271
271
271
271
271
271
271
271
271
271
271
271
271
271
271
271
271
271
271
271
271
271
271
271
271
271
271
271
271
271
271
271
271
271
271
271
271
271
271
271
271
271
271
271
271
271
271
271
271
271
271
271
271
271
271
271
271
271
271
271
271
271
271
271
271
271
271
271
271
271
271
271
271
271
271
271
271
271
271
271
271
271
271
271
271
271
271
271
271
271
271
271
271
271
271
271
271
271
271
271
271
271
271
271
271
271
271
271
271
271
271
271
271
271
271
271
271
271
271
271
271
271
271
271
271
271
271
271
271
271
271
271
271
271
271
271
271
271
271
271
271
271
271
271
271
271
271
271
271
271
271
271
271
271
271
271
271
271
271
271
271
271
271
271
271
271
271
271
271
271
271
271
271
271
271
271
271
271
271
271
271
271
271
271
271
271
271
271
271
271
271
271
271
271
271
271
271
271
271
271
271
271
271
271
271
271
271
271
271
271
271
271
271
271
271
271
271
271
271
271
271
271
271
271
271
271
271
271
271
271
271
271
271
271
271
271
271
271
271
271
271
271
271
271
271
271
271
271
271
271
271
271
271
271
271
271
271
271
271
271
271
271
271
271
271
271
271
271
271
271
271
271
271
271
271
271
271
271
271
271
271
271
271
271
271
271
271
271
271
271
271
271
271
271
271
271
271
271
271
271
271
271
271
271
271
271
271
271
271
271
271
271
271
271
271
271
271
271
271
271
271
271
271
271
271
271
271
271
271
271
271
271
271
271
271
271
271
271
271
271
271
271
271
271
271
271
271
271
271
271
271
271
271
271
271
271
271
271
271
271
271
271
271
271
271
271
271
271
271
271
271
271
271
271
271
271
271
271
271
271
271
271
271
271
271
271
271
271
271
271
271
271
271
271
271
271
271
271
271
271
271
271
271
271
271
271
271
271
271
271
271
271
271
271
271
271
271
271
271
271
271
271
271
271
271
271
271
271
271
271
271
271
271
271
271
271
271
271
271
271
271
271
271
271
271
271
271
271
271
271
271
271
271
271
271
271
271
271
271
271
271
271
271
271
271
271
271
271
271
271
271
271
271
271
271
271
271
271
271
271
271
271
271
271
271
271
271
271
271
271
271
271
271
271
271
271
271
271
271
271
271
271
271
271
271
271
271
271
271
271
271
271
271
271
271
271
271
271
271
271
271
271
271
271
271
271
271
271
271
271
271
271
271
271
271
271
271
271
271
271
271
271
271
271
271
271
271
271
271
271
271
271
271
271
271
271
271
271
271
271
271
271
271
271
271
271
271
271
271
271
271
271
271
271
271
271
271
271
271
271
271
271
271
271
271
271
271
271
271
271
271
271
271
271
271
271
271
271
271
271
271
271
271
271
271
271
271
271
271
271
271
271
271
271
271
271
271
271
271
271
271
271
271
271
271
271
271
271
271
271
271
271
271
271
271
271
271
271
271
271
271
271
271
271
271
271
271
271
271
271
271
271
271
271
271
271
271
271
271
271
271
271
271
271
271
271
271
271
271
271
271
271
271
271
271
271
271
271
271
271
271
271
271
271
271
271
271
271
271
271
271
271
271
271
271
271
271
271
271
271
271
271
271
271
271
271
271
271
271
271
271
271
271
271
271
271
271
271
271
271
271
271
271
271
271
271
271
271
271
271
271
271
271
271
271
271
271
271
271
271
271
271
271
271
271
271
271
271
271
271
271
271
271
271
271
271
271
271
271
271
271
271
271
271
271
271
271
271
271
271
271
271
271
271
271
271
271
271
271
271
271
271
271
271
271
271
271
271
271
271
271
271
271
271
271
271
271
271
271
271
271
271
271
271
271
271
271
271
271
271
271
271
271
271
271
271
271
271
271
271
271
271
271
271
271
271
271
271
271
271
271
271
271
271
271
271
271
271
271
271
271
271
271
271
271
271
271
271
271
271
271
271
271
271
271
271
271
271
271
271
271
271
271
271
271
271
271
271
271
271
271
271
271
271
271
271
271
271
271
271
271
271
271
271
271
271
271
271
271
271
271
271
271
271
271
271
271
271
271
271
271
271
271
271
271
271
271
271
271
271
271
271
271
271
271
271
271
271
271
271
271
271
271
271
271
271
271
271
271
271
271
271
271
271
271
271
271
271
271
271
271
271
271
271
271
271
271
271
271
271
271
271
271
271
271
271
271
271
271
271
271
271
271
271
271
271
271
271
271
271
271
271
271
271
271
271
271
271
271
271
271
271
271
271
271
271
271
271
271
271
271
271
271
271
271
271
271
271
271
271
271
271
271
271
271
271
271
271
271
271
271
271
271
271
271
271
271
271
271
271
271
271
271
271
271
271
271
271
271
271
271
271
271
271
271
271
271
271
271
271
271
271
271
271
271
271
271
271
271
271
271
271
271
271
271
271
271
271
271
271
271
271
271
271
271
271
271
271
271
271
271
271
271
271
271
271
271
271
271
271
271
271
271
271
271
271
271
271
271
271
271
271
271
271
271
271
271
271
271
271
271
271
271
271
271
271
271
271
271
271
271
271
271
271
271
271
271
271
271
271
271
271
271
271
271
271
271
271
271
271
271
271
271
271
271
271
271
271
271
271
271
271
271
271
271
271
271
271
271
271
271
271
271
271
271
271
271
271
271
271
271
271
271
271
271
271
271
271
271
271
271
271
271
271
271
271
271
271
271
271
271
271
271
271
271
271
271
271
271
271
271
271
271
271
271
271
271
271
271
271
271
271
271
271
271
271
271
271
271
271
271
271
271
271
271
271
271
271
271
271
271
271
271
271
271
271
271
271
271
271
271
271
271
271
271
271
271
271
271
271
271
271
271
271
271
271
271
271
271
271
271
271
271
271
271
271
271
271
271
271
271
271
271
271
271
271
271
271
271
271
271
271
271
271
271
271
271
271
271
271
271
271
271
271
271
271
271
271
271
271
271
271
271
271
271
271
271
271
271
271
271
271
271
271
271
271
271
271
271
271
271
271
271
271
271
271
271
271
271
271
271
271
271
271
271
271
271
271
271
271
271
271
271
271
271
271
271
271
271
271
271
271
271
271
271
271
271
271
271
271
271
271
271
271
271
271
271
271
271
271
271
271
271
271
271
271
271
271
271
271
271
271
271
271
271
271
271
271
271
271
271
271
271
271
271
271
271
271
271
271
271
271
271
271
271
271
271
271
271
271
271
271
271
271
271
271
271
271
271
271
271
271
271
271
271
271
271
271
271
271
271
271
271
271
271
271
271
271
271
271
271
271
271
271
271
271
271
271
271
271
271
271
271
271
271
271
271
271
271
271
271
271
271
271
271
271
271
271
271
271
271
271
271
271
271
271
271
271
271
271
271
271
271
271
271
271
271
271
271
271
271
271
271
271
271
271
271
271
271
271
271
271
271
271
271
271
271
271
271
271
271
271
271
271
271
271
271
271
271
271
271
271
271
271
271
271
271
271
271
271
271
271
271
271
271
271
271
271
271
271
271
271
271
271
271
271
271
271
271
271
271
271
271
271
271
271
271
271
271
271
271
271
271
271
271
271
271
271
271
271
271
271
271
271
271
271
271
271
271
271
271
271
271
271
271
271
271
271
271
271
271
271
271
271
271
271
271
271
271
271
271
271
271
271
271
271
271
271
271
271
271
271
271
271
271
271
271
271
271
271
271
271
271
271
271
271
271
271
271
271
271
271
271
271
271
271
271
271
271
271
271
271
271
271
271
271
271
271
271
271
271
271
271
271
271
271
271
271
271
271
271
271
271
271
271
271
271
271
271
271
271
271
271
271
271
271
271
271
271
271
271
271
271
271
271
271
271
271
271
271
271
271
271
271
271
271
271
271
271
271
271
271
271
271
271
271
271
271
271
271
271
271
271
271
271
271
271
271
271
271
271
271
271
271
271
271
271
271
271
271
271
271
271
271
271
271
271
271
271
271
271
271
271
271
271
271
271
271
271
271
271
271
271
271
271
271
271
271
271
271
271
271
271
271
271
271
271
271
271
271
271
271
271
271
271
271
271
271
271
271
271
271
271
271
271
271
271
271
271
271
271
271
271
271
271
271
271
271
271
271
271
271
271
271
271
271
271
271
271
271
271
271
271
271
271
271
271
271
271
271
271
271
271
271
271
271
271
271
271
271
271
271
271
271
271
271
271
271
271
271
271
271
271
271
271
271
271
271
271
271
271
271
271
271
271
271
271
271
271
271
271
271
271
271
271
271
271
271
271
271
271
271
271
271
271
271
271
271
271
271
271
271
271
271
271
271
271
271
271
271
271
271
271
271
271
271
271
271
271
271
271
271
271
271
271
271
271
271
271
271
271
271
271
271
271
271
271
271
271
271
271
271
271
271
271
271
271
271
271
271
271
271
271
271
271
271
271
271
271
271
271
271
271
271
271
271
271
271
271
271
271
271
271
271
271
271
271
271
271
271
271
271
271
271
271
271
271
271
271
271
271
271
271
271
271
271
271
271
271
271
271
271
271
271
271
271
271
271
271
271
271
271
271
271
271
271
271
271
271
271
271
271
271
271
271
271
271
271
271
271
271
271
271
271
271
271
271
271
271
271
271
271
271
271
271
271
271
271
271
271
271
271
271
271
271
271
271
271
271
271
271
271
271
271
271
271
271
271
271
271
271
271
271
271
271
271
271
271
271
271
271
271
271
271
271
271
271
271
271
271
271
271
271
271
271
271
271
271
271
271
271
271
271
271
271
271
271
271
271
271
271
271
271
271
271
271
271
271
271
271
271
271
271
271
271
271
271
271
271
271
271
271
271
271
271
271
271
271
271
271
271
271
271
271
271
271
271
271
271
271
271
271
271
271
271
271
271
271
271
271
271
271
271
271
271
271
271
271
271
271
271
271
271
271
271
271
271
271
271
271
271
271
271
271
271
271
271
271
271
271
271
271
271
271
271
271
271
271
271
271
271
271
271
271
271
271
271
271
271
271
271
271
271
271
271
271
271
271
271
271
271
271
271
271
271
271
271
271
271
271
271
271
271
271
271
271
271
271
271
271
271
271
271
271
271
271
271
271
271
271
271
271
271
271
271
271
271
271
271
271
271
271
271
271
271
271
271
271
271
271
271
271
271
271
271
271
271
271
271
271
271
271
271
271
271
271
271
271
271
271
271
271
271
271
271
271
271
271
271
271
271
271
271
271
271
271
271
271
271
271
271
271
271
271
271
271
271
271
271
271
271
271
271
271
271
271
271
271
271
271
271
271
271
271
271
271
271
271
271
271
271
271
271
271
271
271
271
271
271
271
271
271
271
271
271
271
271
271
271
271
271
271
271
271
271
271
271
271
271
271
271
271
271
271
271
271
271
271
271
271
271
271
271
271
271
271
271
271
271
271
271
271
271
271
271
271
271
271
271
271
271
271
271
271
271
271
271
271
271
271
271
271
271
271
271
271
271
271
271
271
271
271
271
271
271
271
271
271
271
271
271
271
271
271
271
271
271
271
271
271
271
271
271
271
271
271
271
271
271
271
271
271
271
271
271
271
271
271
271
271
271
271
271
271
271
271
271
271
271
271
271
271
271
271
271
271
271
271
271
271
271
271
271
271
271
271
271
271
271
271
271
271
271
271
271
271
271
271
271
271
271
271
271
271
271
271
271
271
271
271
271
271
271
271
271
271
271
271
271
271
271
271
271
271
