5937
1573
1401
1387
1372
1368
1341
1328
1319
1337
1296
1264
1224
1180
1145
1216
1116
1195
1153
1175
1125
1139
1142
1145
1169
1151
1174
1124
1159
1155
1194
1231
1175
1167
1150
1192
1165
1199
1204
1191
1241
1202
1237
1204
1269
1275
1286
1307
1254
1268
1237
1257
1169
1163
1105
1093
1099
1093
1084
1034
1055
1047
1070
1103
1074
1093
1089
1072
1078
1054
1053
1029
1026
993
978
945
945
935
988
953
993
991
1003
1009
981
966
940
968
892
890
844
832
875
888
895
872
909
929
926
886
893
877
863
844
833
829
867
888
896
907
908
906
895
900
850
858
909
901
957
892
960
884
911
868
860
847
870
844
865
858
874
888
896
928
937
997
968
1003
981
968
996
1009
994
999
990
978
966
972
978
933
957
935
963
913
914
899
881
863
852
838
842
862
873
878
899
919
897
902
837
875
846
862
852
858
840
909
885
900
953
919
902
882
881
851
886
860
872
857
831
845
823
804
767
746
755
743
736
678
756
740
821
770
794
778
799
772
798
779
788
825
827
831
841
879
882
878
930
925
965
974
918
925
908
879
879
917
907
924
902
943
895
929
901
947
917
904
879
902
901
933
919
940
903
968
981
956
953
940
938
961
948
987
958
966
957
950
963
968
948
1004
992
1014
981
1019
993
993
984
1032
1016
988
1041
1040
986
1009
1013
1040
1051
1072
1015
988
931
1003
975
991
1003
980
978
973
995
952
936
970
934
970
969
932
939
984
972
975
958
1003
965
977
951
944
923
895
911
924
923
927
944
903
947
883
895
910
892
879
889
869
850
825
794
769
779
765
790
787
790
815
792
842
895
838
883
877
836
798
824
793
804
803
786
799
807
780
793
740
773
789
793
725
734
739
780
730
751
724
791
776
784
767
792
772
801
753
778
772
787
763
776
733
756
735
767
742
742
742
778
803
810
797
826
829
844
844
844
819
852
837
876
832
831
820
854
849
894
831
858
835
822
836
867
880
872
886
893
869
871
870
889
838
835
858
844
821
799
830
781
766
769
722
741
722
723
747
734
733
706
729
729
710
793
781
821
810
805
835
831
783
820
794
795
754
768
728
736
697
719
698
706
709
701
752
747
777
773
785
780
749
767
775
768
732
714
678
707
645
665
696
708
706
718
713
701
721
723
726
728
700
698
726
721
716
728
694
725
692
713
717
735
671
686
664
663
657
691
713
726
709
720
701
717
723
738
734
752
771
808
813
770
758
709
718
683
684
681
679
670
675
665
682
699
689
698
703
719
723
710
722
717
759
706
725
711
768
762
818
793
829
818
811
750
732
698
689
666
655
654
675
681
689
706
679
677
676
643
671
667
671
703
658
691
693
761
728
735
676
712
713
743
728
739
721
707
735
753
759
756
753
726
692
700
687
686
663
636
693
674
698
683
697
689
723
724
754
744
772
755
759
752
751
755
767
710
725
723
747
725
746
727
741
745
760
720
693
707
690
736
732
773
734
722
668
649
618
619
613
610
634
641
664
658
668
685
686
683
668
674
651
642
643
611
616
630
620
656
610
614
586
581
552
599
566
608
577
607
590
604
579
567
578
584
603
597
601
619
623
598
616
615
639
631
637
636
644
638
636
654
667
674
663
682
678
695
694
681
685
653
637
614
611
605
610
614
623
645
643
624
638
599
618
606
609
598
634
608
653
631
665
637
684
646
685
686
736
726
679
738
731
771
713
749
736
760
712
749
730
718
700
697
677
686
668
647
669
632
636
655
654
665
661
669
664
684
696
694
665
686
643
636
620
615
604
610
585
593
560
591
560
568
548
571
557
541
537
553
545
560
528
555
555
553
517
523
474
489
501
544
516
529
527
542
565
588
601
611
565
582
552
575
551
553
545
558
555
553
538
553
503
515
474
488
479
494
492
502
527
480
459
452
453
463
479
492
474
487
467
488
458
432
413
426
421
446
416
423
421
430
410
431
401
443
416
422
439
413
455
394
391
382
399
395
386
375
369
365
361
395
369
400
378
389
379
403
385
389
366
382
384
400
402
412
401
419
405
416
418
408
408
425
432
424
405
405
383
385
385
401
391
377
396
376
393
377
368
373
362
371
376
383
394
385
396
377
412
388
354
356
339
342
322
328
315
329
339
314
340
308
313
300
311
302
303
299
300
304
310
322
323
325
335
336
346
350
347
371
364
366
369
377
390
369
343
364
343
349
329
328
322
326
337
344
354
373
338
340
323
313
328
331
310
334
320
324
320
344
336
352
346
359
360
347
364
365
390
357
364
329
346
334
350
344
333
357
337
351
348
348
349
380
359
366
360
356
356
352
351
342
345
351
367
360
353
342
369
362
368
365
369
366
363
372
385
398
373
368
380
389
352
363
357
353
371
375
378
374
385
387
404
387
384
362
360
368
383
394
393
408
407
415
405
397
392
388
395
380
361
364
339
360
339
350
335
350
336
340
343
362
354
353
355
339
356
341
355
357
371
361
367
373
357
340
349
330
329
318
322
320
330
324
330
318
315
319
343
325
343
339
352
371
363
394
377
362
373
387
391
386
380
379
397
400
374
380
361
381
355
385
358
369
389
389
402
393
391
400
398
388
397
403
419
439
422
420
427
419
426
429
441
445
416
436
420
424
449
444
448
453
459
425
437
436
439
461
439
458
434
434
430
406
402
409
421
428
448
442
455
456
452
448
429
432
432
425
441
439
453
452
415
412
398
408
403
413
413
423
454
438
450
416
431
428
439
431
422
423
396
417
424
425
417
427
404
405
422
408
398
408
386
372
368
376
374
384
385
393
391
384
397
388
402
419
415
432
433
400
384
375
385
383
395
404
404
408
396
394
391
371
398
404
404
432
421
409
403
409
393
394
410
402
409
408
410
420
413
420
411
435
414
431
400
412
399
413
401
420
401
404
410
410
409
418
417
431
412
387
393
377
384
362
359
345
355
342
329
334
333
330
329
330
351
346
350
343
350
345
357
367
338
345
329
343
327
328
325
319
315
301
310
306
312
313
307
304
291
286
283
282
287
280
291
279
291
278
280
276
278
274
275
275
274
277
273
270
272
270
274
269
266
269
268
275
268
268
267
270
273
276
276
280
282
292
282
289
284
294
287
304
300
301
288
295
291
295
302
300
307
300
299
306
308
303
304
303
315
294
303
293
298
284
282
276
270
273
278
274
273
274
280
278
285
277
266
259
261
267
264
265
266
266
270
276
275
270
268
270
271
276
273
278
274
276
276
276
285
278
282
283
283
282
290
287
291
292
290
290
288
285
290
282
280
283
284
285
288
293
289
305
301
328
304
309
304
309
300
312
303
310
311
318
325
340
341
342
353
356
337
372
344
355
346
335
332
327
334
326
328
329
334
332
313
313
310
310
316
316
316
320
329
337
324
332
341
342
336
335
310
326
298
307
300
304
305
304
301
297
296
298
295
302
304
313
317
318
328
332
330
334
335
355
352
360
352
369
335
334
325
349
333
348
333
342
330
336
331
325
330
316
334
334
303
327
308
318
318
334
322
318
334
329
334
346
360
354
360
355
349
352
348
344
327
329
324
342
339
341
348
350
348
358
369
346
351
347
361
370
354
345
347
352
345
351
351
352
333
316
313
316
308
303
306
316
309
321
306
305
312
304
305
299
301
293
291
290
293
294
299
298
300
291
289
288
287
290
292
294
293
298
287
288
287
291
291
297
291
300
295
301
299
303
295
302
295
296
291
285
286
288
293
283
280
275
275
277
277
281
281
289
281
281
281
281
281
281
281
281
281
281
281
281
281
281
281
281
281
281
281
281
281
281
281
281
281
281
281
281
281
281
281
281
281
281
281
281
281
281
281
281
281
281
281
281
281
281
281
281
281
281
281
281
281
281
281
281
281
281
281
281
281
281
281
281
281
281
281
281
281
281
281
281
281
281
281
281
281
281
281
281
281
281
281
281
281
281
281
281
281
281
281
281
281
281
281
281
281
281
281
281
281
281
281
281
281
281
281
281
281
281
281
281
281
281
281
281
281
281
281
281
281
281
281
281
281
281
281
281
281
281
281
281
281
281
281
281
281
281
281
281
281
281
281
281
281
281
281
281
281
281
281
281
281
281
281
281
281
281
281
281
281
281
281
281
281
281
281
281
281
281
281
281
281
281
281
281
281
281
281
281
281
281
281
281
281
281
281
281
281
281
281
281
281
281
281
281
281
281
281
281
281
281
281
281
281
281
281
281
281
281
281
281
281
281
281
281
281
281
281
281
281
281
281
281
281
281
281
281
281
281
281
281
281
281
281
281
281
281
281
281
281
281
281
281
281
281
281
281
281
281
281
281
281
281
281
281
281
281
281
281
281
281
281
281
281
281
281
281
281
281
281
281
281
281
281
281
281
281
281
281
281
281
281
281
281
281
281
281
281
281
281
281
281
281
281
281
281
281
281
281
281
281
281
281
281
281
281
281
281
281
281
281
281
281
281
281
281
281
281
281
281
281
281
281
281
281
281
281
281
281
281
281
281
281
281
281
281
281
281
281
281
281
281
281
281
281
281
281
281
281
281
281
281
281
281
281
281
281
281
281
281
281
281
281
281
281
281
281
281
281
281
281
281
281
281
281
281
281
281
281
281
281
281
281
281
281
281
281
281
281
281
281
281
281
281
281
281
281
281
281
281
281
281
281
281
281
281
281
281
281
281
281
281
281
281
281
281
281
281
281
281
281
281
281
281
281
281
281
281
281
281
281
281
281
281
281
281
281
281
281
281
281
281
281
281
281
281
281
281
281
281
281
281
281
281
281
281
281
281
281
281
281
281
281
281
281
281
281
281
281
281
281
281
281
281
281
281
281
281
281
281
281
281
281
281
281
281
281
281
281
281
281
281
281
281
281
281
281
281
281
281
281
281
281
281
281
281
281
281
281
281
281
281
281
281
281
281
281
281
281
281
281
281
281
281
281
281
281
281
281
281
281
281
281
281
281
281
281
281
281
281
281
281
281
281
281
281
281
281
281
281
281
281
281
281
281
281
281
281
281
281
281
281
281
281
281
281
281
281
281
281
281
281
281
281
281
281
281
281
281
281
281
281
281
281
281
281
281
281
281
281
281
281
281
281
281
281
281
281
281
281
281
281
281
281
281
281
281
281
281
281
281
281
281
281
281
281
281
281
281
281
281
281
281
281
281
281
281
281
281
281
281
281
281
281
281
281
281
281
281
281
281
281
281
281
281
281
281
281
281
281
281
281
281
281
281
281
281
281
281
281
281
281
281
281
281
281
281
281
281
281
281
281
281
281
281
281
281
281
281
281
281
281
281
281
281
281
281
281
281
281
281
281
281
281
281
281
281
281
281
281
281
281
281
281
281
281
281
281
281
281
281
281
281
281
281
281
281
281
281
281
281
281
281
281
281
281
281
281
281
281
281
281
281
281
281
281
281
281
281
281
281
281
281
281
281
281
281
281
281
281
281
281
281
281
281
281
281
281
281
281
281
281
281
281
281
281
281
281
281
281
281
281
281
281
281
281
281
281
281
281
281
281
281
281
281
281
281
281
281
281
281
281
281
281
281
281
281
281
281
281
281
281
281
281
281
281
281
281
281
281
281
281
281
281
281
281
281
281
281
281
281
281
281
281
281
281
281
281
281
281
281
281
281
281
281
281
281
281
281
281
281
281
281
281
281
281
281
281
281
281
281
281
281
281
281
281
281
281
281
281
281
281
281
281
281
281
281
281
281
281
281
281
281
281
281
281
281
281
281
281
281
281
281
281
281
281
281
281
281
281
281
281
281
281
281
281
281
281
281
281
281
281
281
281
281
281
281
281
281
281
281
281
281
281
281
281
281
281
281
281
281
281
281
281
281
281
281
281
281
281
281
281
281
281
281
281
281
281
281
281
281
281
281
281
281
281
281
281
281
281
281
281
281
281
281
281
281
281
281
281
281
281
281
281
281
281
281
281
281
281
281
281
281
281
281
281
281
281
281
281
281
281
281
281
281
281
281
281
281
281
281
281
281
281
281
281
281
281
281
281
281
281
281
281
281
281
281
281
281
281
281
281
281
281
281
281
281
281
281
281
281
281
281
281
281
281
281
281
281
281
281
281
281
281
281
281
281
281
281
281
281
281
281
281
281
281
281
281
281
281
281
281
281
281
281
281
281
281
281
281
281
281
281
281
281
281
281
281
281
281
281
281
281
281
281
281
281
281
281
281
281
281
281
281
281
281
281
281
281
281
281
281
281
281
281
281
281
281
281
281
281
281
281
281
281
281
281
281
281
281
281
281
281
281
281
281
281
281
281
281
281
281
281
281
281
281
281
281
281
281
281
281
281
281
281
281
281
281
281
281
281
281
281
281
281
281
281
281
281
281
281
281
281
281
281
281
281
281
281
281
281
281
281
281
281
281
281
281
281
281
281
281
281
281
281
281
281
281
281
281
281
281
281
281
281
281
281
281
281
281
281
281
281
281
281
281
281
281
281
281
281
281
281
281
281
281
281
281
281
281
281
281
281
281
281
281
281
281
281
281
281
281
281
281
281
281
281
281
281
281
281
281
281
281
281
281
281
281
281
281
281
281
281
281
281
281
281
281
281
281
281
281
281
281
281
281
281
281
281
281
281
281
281
281
281
281
281
281
281
281
281
281
281
281
281
281
281
281
281
281
281
281
281
281
281
281
281
281
281
281
281
281
281
281
281
281
281
281
281
281
281
281
281
281
281
281
281
281
281
281
281
281
281
281
281
281
281
281
281
281
281
281
281
281
281
281
281
281
281
281
281
281
281
281
281
281
281
281
281
281
281
281
281
281
281
281
281
281
281
281
281
281
281
281
281
281
281
281
281
281
281
281
281
281
281
281
281
281
281
281
281
281
281
281
281
281
281
281
281
281
281
281
281
281
281
281
281
281
281
281
281
281
281
281
281
281
281
281
281
281
281
281
281
281
281
281
281
281
281
281
281
281
281
281
281
281
281
281
281
281
281
281
281
281
281
281
281
281
281
281
281
281
281
281
281
281
281
281
281
281
281
281
281
281
281
281
281
281
281
281
281
281
281
281
281
281
281
281
281
281
281
281
281
281
281
281
281
281
281
281
281
281
281
281
281
281
281
281
281
281
281
281
281
281
281
281
281
281
281
281
281
281
281
281
281
281
281
281
281
281
281
281
281
281
281
281
281
281
281
281
281
281
281
281
281
281
281
281
281
281
281
281
281
281
281
281
281
281
281
281
281
281
281
281
281
281
281
281
281
281
281
281
281
281
281
281
281
281
281
281
281
281
281
281
281
281
281
281
281
281
281
281
281
281
281
281
281
281
281
281
281
281
281
281
281
281
281
281
281
281
281
281
281
281
281
281
281
281
281
281
281
281
281
281
281
281
281
281
281
281
281
281
281
281
281
281
281
281
281
281
281
281
281
281
281
281
281
281
281
281
281
281
281
281
281
281
281
281
281
281
281
281
281
281
281
281
281
281
281
281
281
281
281
281
281
281
281
281
281
281
281
281
281
281
281
281
281
281
281
281
281
281
281
281
281
281
281
281
281
281
281
281
281
281
281
281
281
281
281
281
281
281
281
281
281
281
281
281
281
281
281
281
281
281
281
281
281
281
281
281
281
281
281
281
281
281
281
281
281
281
281
281
281
281
281
281
281
281
281
281
281
281
281
281
281
281
281
281
281
281
281
281
281
281
281
281
281
281
281
281
281
281
281
281
281
281
281
281
281
281
281
281
281
281
281
281
281
281
281
281
281
281
281
281
281
281
281
281
281
281
281
281
281
281
281
281
281
281
281
281
281
281
281
281
281
281
281
281
281
281
281
281
281
281
281
281
281
281
281
281
281
281
281
281
281
281
281
281
281
281
281
281
281
281
281
281
281
281
281
281
281
281
281
281
281
281
281
281
281
281
281
281
281
281
281
281
281
281
281
281
281
281
281
281
281
281
281
281
281
281
281
281
281
281
281
281
281
281
281
281
281
281
281
281
281
281
281
281
281
281
281
281
281
281
281
281
281
281
281
281
281
281
281
281
281
281
281
281
281
281
281
281
281
281
281
281
281
281
281
281
281
281
281
281
281
281
281
281
281
281
281
281
281
281
281
281
281
281
281
281
281
281
281
281
281
281
281
281
281
281
281
281
281
281
281
281
281
281
281
281
281
281
281
281
281
281
281
281
281
281
281
281
281
281
281
281
281
281
281
281
281
281
281
281
281
281
281
281
281
281
281
281
281
281
281
281
281
281
281
281
281
281
281
281
281
281
281
281
281
281
281
281
281
281
281
281
281
281
281
281
281
281
281
281
281
281
281
281
281
281
281
281
281
281
281
281
281
281
281
281
281
281
281
281
281
281
281
281
281
281
281
281
281
281
281
281
281
281
281
281
281
281
281
281
281
281
281
281
281
281
281
281
281
281
281
281
281
281
281
281
281
281
281
281
281
281
281
281
281
281
281
281
281
281
281
281
281
281
281
281
281
281
281
281
281
281
281
281
281
281
281
281
281
281
281
281
281
281
281
281
281
281
281
281
281
281
281
281
281
281
281
281
281
281
281
281
281
281
281
281
281
281
281
281
281
281
281
281
281
281
281
281
281
281
281
281
281
281
281
281
281
281
281
281
281
281
281
281
281
281
281
281
281
281
281
281
281
281
281
281
281
281
281
281
281
281
281
281
281
281
281
281
281
281
281
281
281
281
281
281
281
281
281
281
281
281
281
281
281
281
281
281
281
281
281
281
281
281
281
281
281
281
281
281
281
281
281
281
281
281
281
281
281
281
281
281
281
281
281
281
281
281
281
281
281
281
281
281
281
281
281
281
281
281
281
281
281
281
281
281
281
281
281
281
281
281
281
281
281
281
281
281
281
281
281
281
281
281
281
281
281
281
281
281
281
281
281
281
281
281
281
281
281
281
281
281
281
281
281
281
281
281
281
281
281
281
281
281
281
281
281
281
281
281
281
281
281
281
281
281
281
281
281
281
281
281
281
281
281
281
281
281
281
281
281
281
281
281
281
281
281
281
281
281
281
281
281
281
281
281
281
281
281
281
281
281
281
281
281
281
281
281
281
281
281
281
281
281
281
281
281
281
281
281
281
281
281
281
281
281
281
281
281
281
281
281
281
281
281
281
281
281
281
281
281
281
281
281
281
281
281
281
281
281
281
281
281
281
281
281
281
281
281
281
281
281
281
281
281
281
281
281
281
281
281
281
281
281
281
281
281
281
281
281
281
281
281
281
281
281
281
281
281
281
281
281
281
281
281
281
281
281
281
281
281
281
281
281
281
281
281
281
281
281
281
281
281
281
281
281
281
281
281
281
281
281
281
281
281
281
281
281
281
281
281
281
281
281
281
281
281
281
281
281
281
281
281
281
281
281
281
281
281
281
281
281
281
281
281
281
281
281
281
281
281
281
281
281
281
281
281
281
281
281
281
281
281
281
281
281
281
281
281
281
281
281
281
281
281
281
281
281
281
281
281
281
281
281
281
281
281
281
281
281
281
281
281
281
281
281
281
281
281
281
281
281
281
281
281
281
281
281
281
281
281
281
281
281
281
281
281
281
281
281
281
281
281
281
281
281
281
281
281
281
281
281
281
281
281
281
281
281
281
281
281
281
281
281
281
281
281
281
281
281
281
281
281
281
281
281
281
281
281
281
281
281
281
281
281
281
281
281
281
281
281
281
281
281
281
281
281
281
281
281
281
281
281
281
281
281
281
281
281
281
281
281
281
281
281
281
281
281
281
281
281
281
281
281
281
281
281
281
281
281
281
281
281
281
281
281
281
281
281
281
281
281
281
281
281
281
281
281
281
281
281
281
281
281
281
281
281
281
281
281
281
281
281
281
281
281
281
281
281
281
281
281
281
281
281
281
281
281
281
281
281
281
281
281
281
281
281
281
281
281
281
281
281
281
281
281
281
281
281
281
281
281
281
281
281
281
281
281
281
281
281
281
281
281
281
281
281
281
281
281
281
281
281
281
281
281
281
281
281
281
281
281
281
281
281
281
281
281
281
281
281
281
281
281
281
281
281
281
281
281
281
281
281
281
281
281
281
281
281
281
281
281
281
281
281
281
281
281
281
281
281
281
281
281
281
281
281
281
281
281
281
281
281
281
281
281
281
281
281
281
281
281
281
281
281
281
281
281
281
281
281
281
281
281
281
281
281
281
281
281
281
281
281
281
281
281
281
281
281
281
281
281
281
281
281
281
281
281
281
281
281
281
281
281
281
281
281
281
281
281
281
281
281
281
281
281
281
281
281
281
281
281
281
281
281
281
281
281
281
281
281
281
281
281
281
281
281
281
281
281
281
281
281
281
281
281
281
281
281
281
281
281
281
281
281
281
281
281
281
281
281
281
281
281
281
281
281
281
281
281
281
281
281
281
281
281
281
281
281
281
281
281
281
281
281
281
281
281
281
281
281
281
281
281
281
281
281
281
281
281
281
281
281
281
281
281
281
281
281
281
281
281
281
281
281
281
281
281
281
281
281
281
281
281
281
281
281
281
281
281
281
281
281
281
281
281
281
281
281
281
281
281
281
281
281
281
281
281
281
281
281
281
281
281
281
281
281
281
281
281
281
281
281
281
281
281
281
281
281
281
281
281
281
281
281
281
281
281
281
281
281
281
281
281
281
281
281
281
281
281
281
281
281
281
281
281
281
281
281
281
281
281
281
281
281
281
281
281
281
281
281
281
281
281
281
281
281
281
281
281
281
281
281
281
281
281
281
281
281
281
281
281
281
281
281
281
281
281
281
281
281
281
281
281
281
281
281
281
281
281
281
281
281
281
281
281
281
281
281
281
281
281
281
281
281
281
281
281
281
281
281
281
281
281
281
281
281
281
281
281
281
281
281
281
281
281
281
281
281
281
281
281
281
281
281
281
281
281
281
281
281
281
281
281
281
281
281
281
281
281
281
281
281
281
281
281
281
281
281
281
281
281
281
281
281
281
281
281
281
281
281
281
281
281
281
281
281
281
281
281
281
281
281
281
281
281
281
281
281
281
281
281
281
281
281
281
281
281
281
281
281
281
281
281
281
281
281
281
281
281
281
281
281
281
281
281
281
281
281
281
281
281
281
281
281
281
281
281
281
281
281
281
281
281
281
281
281
281
281
281
281
281
281
281
281
281
281
281
281
281
281
281
281
281
281
281
281
281
281
281
281
281
281
281
281
281
281
281
281
281
281
281
281
281
281
281
281
281
281
281
281
281
281
281
281
281
281
281
281
281
281
281
281
281
281
281
281
281
281
281
281
281
281
281
281
281
281
281
281
281
281
281
281
281
281
281
281
281
281
281
281
281
281
281
281
281
281
281
281
281
281
281
281
281
281
281
281
281
281
281
281
281
281
281
281
281
281
281
281
281
281
281
281
281
281
281
281
281
281
281
281
281
281
281
