2996
3501
2992
2892
2607
2587
2503
2370
2318
2295
2208
2246
2113
2149
2034
2006
1925
1947
1928
1813
1878
1861
1837
1833
1811
1754
1737
1675
1700
1616
1601
1466
1473
1444
1484
1413
1349
1341
1296
1293
1273
1218
1213
1224
1198
1204
1200
1178
1242
1207
1186
1170
1162
1127
1103
1134
1106
1103
1064
1070
1070
1037
1018
1050
1021
1026
1008
982
939
937
969
983
971
1014
980
975
958
982
972
949
995
977
983
1016
991
960
1020
994
1049
1008
1061
1049
1074
1092
1080
1083
1061
1057
1081
1084
1093
1123
1095
1086
1070
1091
1062
1075
1002
1018
1003
968
946
933
943
939
972
977
1027
971
996
925
969
928
949
934
882
911
912
938
891
908
924
865
914
860
881
866
884
896
899
907
852
881
821
871
840
822
852
845
809
824
835
833
826
870
822
833
806
766
791
826
818
850
822
840
807
813
790
779
783
784
797
800
811
805
794
794
839
803
807
795
764
753
758
749
706
658
671
636
612
618
667
632
647
651
631
652
649
657
635
672
651
670
659
664
618
621
619
599
638
632
673
696
709
708
704
693
712
693
706
748
750
742
748
713
745
691
721
712
708
643
649
646
639
663
643
683
651
676
710
710
712
748
754
769
783
742
724
717
733
699
717
704
743
715
739
713
759
733
737
696
679
661
652
673
650
687
649
623
604
596
603
584
589
597
611
620
604
623
603
594
581
594
566
563
536
540
528
544
525
511
519
496
510
511
536
555
538
568
581
576
556
613
591
595
602
596
585
593
593
568
569
561
547
533
535
563
545
541
559
572
554
533
527
563
536
538
537
538
524
519
517
536
527
540
529
510
521
526
528
525
537
527
550
534
538
571
548
559
555
557
588
549
558
577
564
557
531
545
516
513
516
524
535
540
537
548
535
536
547
533
551
547
543
548
553
548
536
572
547
553
549
569
546
574
576
569
567
541
562
543
540
533
544
490
517
490
503
503
506
516
537
532
514
524
519
539
523
515
521
527
535
500
503
493
506
510
522
520
524
513
487
470
468
469
459
473
464
461
464
450
460
462
461
476
472
465
453
455
444
465
467
457
463
473
431
430
421
443
430
444
438
435
447
463
457
460
480
476
490
481
513
482
517
491
517
510
508
506
504
487
486
491
507
502
514
514
509
517
484
494
504
496
481
481
478
480
469
481
471
495
477
483
475
471
448
460
433
443
422
438
428
453
444
466
453
469
433
433
448
452
454
462
467
470
476
468
472
473
473
450
447
441
455
458
469
468
453
459
472
456
465
486
466
472
460
481
462
442
443
444
452
447
454
453
468
462
493
482
459
484
474
470
481
489
470
503
471
491
471
455
454
469
451
481
443
456
446
471
470
486
496
509
513
504
536
534
531
566
565
539
542
534
551
557
537
526
516
504
550
512
522
521
531
516
518
542
532
544
540
551
523
514
517
517
522
510
507
505
514
498
528
534
520
521
507
532
504
500
492
485
477
479
466
486
483
489
477
485
499
494
492
494
505
499
497
510
516
490
516
487
487
490
488
494
486
479
486
488
486
502
505
528
503
505
500
508
507
520
512
520
492
500
490
487
509
501
495
503
501
492
494
505
504
525
498
510
521
519
499
532
516
542
505
521
536
503
489
519
499
525
516
525
499
486
496
503
496
472
460
471
483
479
486
503
482
477
473
466
468
452
443
428
432
435
429
424
406
420
412
415
416
402
415
406
416
425
434
442
465
450
464
469
460
457
451
451
425
414
409
420
427
423
428
429
431
449
454
457
451
442
460
432
432
461
461
492
491
483
477
498
515
504
512
507
502
558
489
522
482
475
483
496
506
529
519
540
537
580
524
548
546
569
534
472
483
471
469
492
482
479
483
465
478
510
492
505
487
506
485
493
492
485
485
476
466
494
496
484
491
511
492
495
527
503
517
499
517
517
570
552
547
508
487
518
501
522
505
504
484
499
471
466
464
452
454
436
437
446
426
436
439
419
404
412
414
406
402
392
389
399
401
405
403
424
401
416
422
438
433
448
442
446
457
452
488
475
475
464
444
470
436
440
449
451
438
426
415
426
415
423
421
405
415
400
410
399
403
388
398
398
392
391
381
384
391
394
383
385
377
382
385
377
382
380
400
396
410
425
427
435
413
419
408
427
416
430
415
408
400
394
405
389
398
380
392
379
382
382
383
374
373
389
383
378
370
388
379
384
393
392
400
397
404
405
415
397
390
387
386
381
378
379
372
368
377
366
375
377
367
373
366
387
371
376
376
389
383
402
386
382
374
384
375
390
385
394
401
399
419
411
416
413
426
408
395
403
368
374
353
357
345
350
342
334
327
323
322
325
321
325
321
329
316
319
321
324
321
327
321
330
331
335
338
322
320
323
326
323
332
331
341
331
331
338
328
340
326
341
321
324
321
328
326
332
331
333
338
345
355
351
355
363
341
353
336
338
334
337
332
335
333
336
339
342
350
340
342
342
332
345
341
345
349
361
357
371
353
338
334
348
343
356
349
355
367
367
359
364
360
374
370
376
377
371
357
357
360
361
353
356
352
355
355
347
355
355
359
355
363
364
370
376
365
368
359
367
362
368
367
378
380
386
390
380
389
380
384
379
382
396
393
399
393
379
391
396
407
410
400
392
385
385
375
376
373
372
360
353
339
345
337
344
336
342
330
334
334
346
345
349
356
359
367
354
359
356
352
352
348
364
363
365
362
368
373
366
382
374
373
391
383
398
372
380
364
368
358
359
350
353
353
372
353
353
361
351
359
366
372
363
370
380
380
379
381
382
390
391
386
393
402
404
398
424
407
407
401
419
394
402
397
408
402
387
408
388
392
381
373
377
381
377
382
377
369
360
369
371
370
384
363
397
375
403
375
390
382
395
400
399
400
401
379
385
387
393
384
390
378
353
345
352
351
354
363
358
364
380
374
363
350
349
358
338
333
325
325
323
321
319
320
322
329
323
332
327
322
321
322
320
322
322
331
321
319
321
323
325
326
330
323
329
330
334
329
342
332
338
341
351
347
351
341
348
334
345
345
350
344
358
348
357
344
351
335
349
335
332
332
336
338
344
348
352
364
356
361
369
361
378
374
377
381
383
384
387
387
392
389
402
407
410
413
411
399
413
407
417
412
399
382
376
363
375
357
370
366
379
369
383
382
376
383
378
385
380
391
388
386
384
386
392
384
375
368
373
372
379
386
385
396
395
386
378
384
368
361
366
371
367
374
375
386
376
394
381
396
369
357
358
350
362
350
351
353
352
359
353
354
358
360
361
368
365
381
370
386
377
372
381
371
369
360
360
358
363
363
362
370
366
364
367
367
373
369
366
373
380
375
379
366
388
378
410
382
393
407
407
422
413
408
410
415
429
405
407
405
414
404
379
374
379
396
369
371
364
374
366
374
375
381
362
360
351
345
350
343
345
342
352
359
348
345
353
341
352
349
360
344
366
358
365
358
359
357
361
361
363
368
353
355
368
358
359
357
364
362
368
383
372
364
364
379
368
379
375
384
387
392
388
388
385
397
394
392
382
375
376
376
370
372
364
370
377
370
382
363
370
357
372
371
378
363
366
371
365
369
365
365
363
379
360
364
354
345
342
333
344
341
355
344
348
340
336
334
334
341
338
352
353
373
351
356
348
357
357
365
353
363
372
367
381
370
393
362
364
364
379
362
351
348
345
357
346
356
351
363
357
364
355
362
352
345
345
339
350
338
346
339
339
351
356
362
374
360
351
347
343
343
351
345
356
349
351
351
348
343
342
355
344
330
330
323
329
327
337
338
339
327
315
312
311
311
308
311
317
317
326
316
323
320
335
332
354
345
365
348
357
352
379
368
389
374
388
384
372
380
372
388
393
409
416
445
437
456
457
476
441
467
446
470
454
424
439
440
420
444
447
441
454
458
478
488
495
488
484
504
493
499
482
487
451
444
442
418
420
425
423
436
451
453
460
460
473
483
477
475
477
493
511
485
469
472
446
451
456
449
453
425
455
430
418
414
417
437
439
438
436
425
413
415
421
410
416
424
449
447
455
437
436
442
425
438
428
442
421
434
424
420
427
420
442
434
420
446
426
431
438
447
447
433
439
435
458
436
431
437
429
446
446
440
431
427
438
444
448
460
452
475
463
478
475
486
504
494
504
520
529
516
549
546
555
558
557
530
548
543
565
576
593
585
564
573
580
594
584
573
557
536
516
511
497
502
500
506
479
485
488
501
492
498
508
502
503
514
529
538
550
522
532
501
490
510
492
518
521
525
515
518
511
519
504
500
515
519
514
480
490
496
511
485
506
508
535
523
483
498
498
487
476
501
510
513
499
493
510
517
537
510
546
550
591
624
642
607
636
648
640
627
632
649
603
622
599
595
566
572
606
593
642
601
598
614
588
620
615
629
624
613
656
626
651
629
636
625
618
600
627
612
644
632
598
614
606
634
598
602
600
625
597
608
571
572
603
601
571
563
572
582
587
580
605
579
583
565
580
577
557
531
496
511
517
517
512
482
492
500
496
527
518
514
520
517
521
504
477
500
483
469
490
482
491
497
478
487
465
478
460
476
473
458
465
461
459
465
465
476
483
479
488
469
465
447
449
416
429
426
417
408
391
409
405
433
432
429
410
428
406
409
400
424
420
454
427
460
447
447
436
441
424
443
423
425
445
436
453
416
415
417
428
424
425
424
427
435
417
427
414
428
413
430
443
438
432
462
443
470
457
478
457
477
471
491
520
510
518
529
518
514
541
515
552
547
553
535
555
568
556
550
537
513
529
508
545
540
542
548
579
534
554
563
597
563
589
561
602
576
601
573
598
591
595
606
604
571
595
602
584
574
559
542
546
556
537
545
539
540
578
568
616
572
549
564
544
569
563
583
577
554
539
529
526
520
551
556
562
561
554
542
538
559
578
606
630
610
675
652
661
652
632
645
629
641
620
610
639
634
639
611
609
597
613
586
580
581
580
604
583
578
572
552
566
520
481
490
499
489
477
501
464
440
440
437
435
436
420
443
402
399
400
393
403
399
408
408
426
435
437
446
437
418
409
439
409
392
395
376
395
389
395
396
387
386
415
411
406
395
390
406
428
412
425
404
409
394
400
376
375
381
386
405
389
394
405
395
408
429
417
430
430
420
412
426
417
418
426
417
420
399
419
413
421
436
459
436
451
425
441
440
430
426
423
429
427
414
412
421
403
419
408
407
401
412
413
401
418
414
405
398
408
388
400
389
403
417
429
415
400
389
389
393
385
392
395
403
402
409
405
415
423
419
425
415
429
429
440
400
408
390
393
372
363
374
367
398
382
412
390
404
388
418
411
437
399
411
389
386
385
377
375
378
400
374
384
374
364
370
363
353
368
347
351
355
354
359
367
369
363
383
372
388
402
428
396
415
396
442
398
398
406
415
414
399
409
411
425
416
433
405
416
418
419
396
397
405
401
419
421
421
430
408
412
431
414
419
407
399
408
410
398
402
403
400
400
406
402
411
423
410
427
405
420
405
424
410
413
403
408
396
421
404
410
403
399
398
392
370
385
379
383
375
396
381
386
371
380
362
377
366
380
381
384
410
395
400
412
410
405
421
410
414
411
392
419
394
388
383
393
383
414
392
405
413
420
425
442
431
444
470
425
439
409
415
418
424
434
444
456
442
459
472
448
454
438
466
438
464
445
437
434
432
440
434
445
427
421
414
418
393
387
384
379
361
353
358
353
368
365
380
378
383
381
387
398
396
413
385
387
396
382
370
367
356
365
373
388
399
398
407
414
418
416
420
437
432
430
436
417
433
435
443
437
440
442
444
446
444
432
429
433
447
445
455
460
455
443
435
426
430
431
447
437
449
430
434
436
440
435
420
424
421
418
414
415
411
412
426
425
458
433
437
440
441
447
430
436
442
457
467
448
452
445
456
459
459
469
492
494
470
450
464
463
459
454
465
463
458
472
458
480
471
490
482
506
507
483
484
503
506
517
529
494
476
470
450
441
434
433
442
449
437
423
422
410
406
401
396
405
399
419
418
432
421
448
433
451
430
439
451
439
434
437
446
461
467
469
467
479
464
462
468
467
459
479
506
467
486
468
480
462
472
476
479
466
470
478
474
475
488
485
487
485
466
486
457
468
433
454
444
457
446
434
440
442
448
430
424
424
428
434
442
439
456
464
469
452
483
447
455
438
444
437
446
449
461
464
459
468
446
486
470
481
474
478
482
504
493
515
487
493
457
465
463
457
463
443
452
441
437
447
442
433
429
436
430
450
445
440
429
426
427
439
445
450
437
448
430
452
432
441
424
418
432
426
444
419
431
424
433
435
419
427
429
431
423
446
433
422
433
421
421
402
401
390
400
381
384
371
374
375
375
385
372
381
370
375
369
365
374
369
367
377
367
365
371
371
372
378
375
380
381
374
379
370
370
369
376
377
385
372
370
375
376
383
380
382
377
377
380
382
395
382
390
382
388
390
388
393
393
388
395
379
383
373
374
366
372
373
380
377
374
370
370
369
362
350
347
346
354
344
343
343
342
347
346
354
351
358
361
373
361
370
368
379
377
385
387
392
398
392
393
380
398
400
402
401
413
411
403
398
406
392
412
402
404
407
417
413
427
409
408
411
411
401
406
386
399
389
400
384
391
392
387
394
392
397
400
396
406
405
391
396
401
402
409
424
429
415
420
407
410
405
421
413
396
397
393
405
405
404
399
398
393
407
401
396
389
391
380
391
385
379
388
386
403
390
413
405
415
419
413
398
411
394
402
392
401
399
420
407
411
422
421
421
409
393
404
389
418
390
388
379
396
391
411
391
382
382
381
391
395
393
396
388
375
388
373
375
376
379
375
388
379
392
377
394
379
383
372
381
371
370
371
365
366
366
364
367
377
369
377
365
370
364
365
371
374
380
373
381
378
377
375
360
355
352
355
351
351
353
355
357
359
358
360
364
363
369
365
370
368
379
371
380
363
357
353
356
360
357
375
361
378
360
367
363
378
372
379
365
349
350
346
357
350
367
352
353
352
356
351
354
354
362
354
360
359
357
363
359
360
349
348
340
339
338
336
336
336
336
336
336
336
336
336
336
336
336
336
336
336
336
336
336
336
336
336
336
336
336
336
336
336
336
336
336
336
336
336
336
336
336
336
336
336
336
336
336
336
336
336
336
336
336
336
336
336
336
336
336
336
336
336
336
336
336
336
336
336
336
336
336
336
336
336
336
336
336
336
336
336
336
336
336
336
336
336
336
336
336
336
336
336
336
336
336
336
336
336
336
336
336
336
336
336
336
336
336
336
336
336
336
336
336
336
336
336
336
336
336
336
336
336
336
336
336
336
336
336
336
336
336
336
336
336
336
336
336
336
336
336
336
336
336
336
336
336
336
336
336
336
336
336
336
336
336
336
336
336
336
336
336
336
336
336
336
336
336
336
336
336
336
336
336
336
336
336
336
336
336
336
336
336
336
336
336
336
336
336
336
336
336
336
336
336
336
336
336
336
336
336
336
336
336
336
336
336
336
336
336
336
336
336
336
336
336
336
336
336
336
336
336
336
336
336
336
336
336
336
336
336
336
336
336
336
336
336
336
336
336
336
336
336
336
336
336
336
336
336
336
336
336
336
336
336
336
336
336
336
336
336
336
336
336
336
336
336
336
336
336
336
336
336
336
336
336
336
336
336
336
336
336
336
336
336
336
336
336
336
336
336
336
336
336
336
336
336
336
336
336
336
336
336
336
336
336
336
336
336
336
336
336
336
336
336
336
336
336
336
336
336
336
336
336
336
336
336
336
336
336
336
336
336
336
336
336
336
336
336
336
336
336
336
336
336
336
336
336
336
336
336
336
336
336
336
336
336
336
336
336
336
336
336
336
336
336
336
336
336
336
336
336
336
336
336
336
336
336
336
336
336
336
336
336
336
336
336
336
336
336
336
336
336
336
336
336
336
336
336
336
336
336
336
336
336
336
336
336
336
336
336
336
336
336
336
336
336
336
336
336
336
336
336
336
336
336
336
336
336
336
336
336
336
336
336
336
336
336
336
336
336
336
336
336
336
336
336
336
336
336
336
336
336
336
336
336
336
336
336
336
336
336
336
336
336
336
336
336
336
336
336
336
336
336
336
336
336
336
336
336
336
336
336
336
336
336
336
336
336
336
336
336
336
336
336
336
336
336
336
336
336
336
336
336
336
336
336
336
336
336
336
336
336
336
336
336
336
336
336
336
336
336
336
336
336
336
336
336
336
336
336
336
336
336
336
336
336
336
336
336
336
336
336
336
336
336
336
336
336
336
336
336
336
336
336
336
336
336
336
336
336
336
336
336
336
336
336
336
336
336
336
336
336
336
336
336
336
336
336
336
336
336
336
336
336
336
336
336
336
336
336
336
336
336
336
336
336
336
336
336
336
336
336
336
336
336
336
336
336
336
336
336
336
336
336
336
336
336
336
336
336
336
336
336
336
336
336
336
336
336
336
336
336
336
336
336
336
336
336
336
336
336
336
336
336
336
336
336
336
336
336
336
336
336
336
336
336
336
336
336
336
336
336
336
336
336
336
336
336
336
336
336
336
336
336
336
336
336
336
336
336
336
336
336
336
336
336
336
336
336
336
336
336
336
336
336
336
336
336
336
336
336
336
336
336
336
336
336
336
336
336
336
336
336
336
336
336
336
336
336
336
336
336
336
336
336
336
336
336
336
336
336
336
336
336
336
336
336
336
336
336
336
336
336
336
336
336
336
336
336
336
336
336
336
336
336
336
336
336
336
336
336
336
336
336
336
336
336
336
336
336
336
336
336
336
336
336
336
336
336
336
336
336
336
336
336
336
336
336
336
336
336
336
336
336
336
336
336
336
336
336
336
336
336
336
336
336
336
336
336
336
336
336
336
336
336
336
336
336
336
336
336
336
336
336
336
336
336
336
336
336
336
336
336
336
336
336
336
336
336
336
336
336
336
336
336
336
336
336
336
336
336
336
336
336
336
336
336
336
336
336
336
336
336
336
336
336
336
336
336
336
336
336
336
336
336
336
336
336
336
336
336
336
336
336
336
336
336
336
336
336
336
336
336
336
336
336
336
336
336
336
336
336
336
336
336
336
336
336
336
336
336
336
336
336
336
336
336
336
336
336
336
336
336
336
336
336
336
336
336
336
336
336
336
336
336
336
336
336
336
336
336
336
336
336
336
336
336
336
336
336
336
336
336
336
336
336
336
336
336
336
336
336
336
336
336
336
336
336
336
336
336
336
336
336
336
336
336
336
336
336
336
336
336
336
336
336
336
336
336
336
336
336
336
336
336
336
336
336
336
336
336
336
336
336
336
336
336
336
336
336
336
336
336
336
336
336
336
336
336
336
336
336
336
336
336
336
336
336
336
336
336
336
336
336
336
336
336
336
336
336
336
336
336
336
336
336
336
336
336
336
336
336
336
336
336
336
336
336
336
336
336
336
336
336
336
336
336
336
336
336
336
336
336
336
336
336
336
336
336
336
336
336
336
336
336
336
336
336
336
336
336
336
336
336
336
336
336
336
336
336
336
336
336
336
336
336
336
336
336
336
336
336
336
336
336
336
336
336
336
336
336
336
336
336
336
336
336
336
336
336
336
336
336
336
336
336
336
336
336
336
336
336
336
336
336
336
336
336
336
336
336
336
336
336
336
336
336
336
336
336
336
336
336
336
336
336
336
336
336
336
336
336
336
336
336
336
336
336
336
336
336
336
336
336
336
336
336
336
336
336
336
336
336
336
336
336
336
336
336
336
336
336
336
336
336
336
336
336
336
336
336
336
336
336
336
336
336
336
336
336
336
336
336
336
336
336
336
336
336
336
336
336
336
336
336
336
336
336
336
336
336
336
336
336
336
336
336
336
336
336
336
336
336
336
336
336
336
336
336
336
336
336
336
336
336
336
336
336
336
336
336
336
336
336
336
336
336
336
336
336
336
336
336
336
336
336
336
336
336
336
336
336
336
336
336
336
336
336
336
336
336
336
336
336
336
336
336
336
336
336
336
336
336
336
336
336
336
336
336
336
336
336
336
336
336
336
336
336
336
336
336
336
336
336
336
336
336
336
336
336
336
336
336
336
336
336
336
336
336
336
336
336
336
336
336
336
336
336
336
336
336
336
336
336
336
336
336
336
336
336
336
336
336
336
336
336
336
336
336
336
336
336
336
336
336
336
336
336
336
336
336
336
336
336
336
336
336
336
336
336
336
336
336
336
336
336
336
336
336
336
336
336
336
336
336
336
336
336
336
336
336
336
336
336
336
336
336
336
336
336
336
336
336
336
336
336
336
336
336
336
336
336
336
336
336
336
336
336
336
336
336
336
336
336
336
336
336
336
336
336
336
336
336
336
336
336
336
336
336
336
336
336
336
336
336
336
336
336
336
336
336
336
336
336
336
336
336
336
336
336
336
336
336
336
336
336
336
336
336
336
336
336
336
336
336
336
336
336
336
336
336
336
336
336
336
336
336
336
336
336
336
336
336
336
336
336
336
336
336
336
336
336
336
336
336
336
336
336
336
336
336
336
336
336
336
336
336
336
336
336
336
336
336
336
336
336
336
336
336
336
336
336
336
336
336
336
336
336
336
336
336
336
336
336
336
336
336
336
336
336
336
336
336
336
336
336
336
336
336
336
336
336
336
336
336
336
336
336
336
336
336
336
336
336
336
336
336
336
336
336
336
336
336
336
336
336
336
336
336
336
336
336
336
336
336
336
336
336
336
336
336
336
336
336
336
336
336
336
336
336
336
336
336
336
336
336
336
336
336
336
336
336
336
336
336
336
336
336
336
336
336
336
336
336
336
336
336
336
336
336
336
336
336
336
336
336
336
336
336
336
336
336
336
336
336
336
336
336
336
336
336
336
336
336
336
336
336
336
336
336
336
336
336
336
336
336
336
336
336
336
336
336
336
336
336
336
336
336
336
336
336
336
336
336
336
336
336
336
336
336
336
336
336
336
336
336
336
336
336
336
336
336
336
336
336
336
336
336
336
336
336
336
336
336
336
336
336
336
336
336
336
336
336
336
336
336
336
336
336
336
336
336
336
336
336
336
336
336
336
336
336
336
336
336
336
336
336
336
336
336
336
336
336
336
336
336
336
336
336
336
336
336
336
336
336
336
336
336
336
336
336
336
336
336
336
336
336
336
336
336
336
336
336
336
336
336
336
336
336
336
336
336
336
336
336
336
336
336
336
336
336
336
336
336
336
336
336
336
336
336
336
336
336
336
336
336
336
336
336
336
336
336
336
336
336
336
336
336
336
336
336
336
336
336
336
336
336
336
336
336
336
336
336
336
336
336
336
336
336
336
336
336
336
336
336
336
336
336
336
336
336
336
336
336
336
336
336
336
336
336
336
336
336
336
336
336
336
336
336
336
336
336
336
336
336
336
336
