0.12
0.39
0.36
0.29
0.25
0.33
0.24
0.33
0.27
0.31
0.3
0.29
0.23
0.28
0.25
0.31
0.2
0.18
0.21
0.23
0.22
0.21
0.22
0.18
0.23
0.19
0.25
0.2
0.21
0.18
0.23
0.23
0.19
0.2
0.17
0.17
0.19
0.2
0.2
0.2
0.23
0.16
0.15
0.16
0.16
0.19
0.2
0.25
0.18
0.23
0.26
0.36
0.24
0.36
0.22
0.25
0.28
0.35
0.24
0.29
0.28
0.33
0.25
0.27
0.27
0.28
0.25
0.27
0.37
0.32
0.3
0.41
0.3
0.4
0.31
0.26
0.3
0.33
0.21
0.23
0.23
0.23
0.27
0.29
0.29
0.16
0.16
0.15
0.14
0.19
0.13
0.11
0.08
0.05
0.05
0.06
0.07
0.09
0.08
0.09
0.12
0.11
0.18
0.11
0.11
0.1
0.13
0.16
0.19
0.19
0.23
0.25
0.33
0.24
0.28
0.22
0.21
0.19
0.15
0.18
0.19
0.21
0.19
0.23
0.29
0.28
0.32
0.25
0.35
0.26
0.23
0.23
0.2
0.22
0.13
0.11
0.1
0.11
0.13
0.18
0.16
0.19
0.23
0.21
0.21
0.19
0.24
0.17
0.16
0.17
0.18
0.28
0.15
0.17
0.14
0.2
0.16
0.24
0.18
0.22
0.22
0.26
0.28
0.32
0.35
0.36
0.42
0.33
0.26
0.28
0.27
0.35
0.25
0.23
0.25
0.28
0.35
0.24
0.2
0.25
0.27
0.26
0.27
0.24
0.24
0.24
0.3
0.27
0.27
0.28
0.35
0.21
0.17
0.16
0.18
0.12
0.09
0.05
0.05
0.05
0.03
0.02
0
0
0
0
0
0
0
0
0
0
0
0
0
0
0
0
0
0
0
0
0
0
0
0
0
0
0
0
0
0
0
0
0
0
0
0
0
0
0
0
0
0
0
0
0
0
0
0
0
0
0
0
0
0
0
0
0
0
0
0
0
0
0
0
0
0
0
0
0
0
0
0
0
0
0
0
0
0
0
0
0
0
0
0
0
0
0
0
0
0
0
0
0
0
0
0
0
0
0
0
0
0
0
0
0
0
0
0
0
0
0
0
0
0
0
0
0
0
0
0
0
0
0
0
0
0
0
0
0
0
0
0
0
0
0
0
0
0
0
0
0
0
0
0
0
0
0
0
0
0
0
0
0
0
0
0
0
0
0
0
0
0
0
0
0
0
0
0
0
0
0
0
0
0
0
0
0
0
0
0
0
0
0
0
0
0
0
0
0
0
0
0
0
0
0
0
0
0
0
0
0
0
0
0
0
0
0
0
0
0
0
0
0
0
0
0
0
0
0
0
0
0
0
0
0
0
0
0
0
0
0
0
0
0
0
0
0
0
0
0
0
0
0
0
0
0
0
0
0
0
0
0
0
0
0
0
0
0
0
0
0
0
0
0
0
0
0
0
0
0
0
0
0
0
0
0
0
0
0
0
0
0
0
0
0
0
0
0
0
0
0
0
0
0
0
0
0
0
0
0
0
0
0
0
0
0
0
0
0
0
0
0
0
0
0
0
0
0
0
0
0
0
0
0
0
0
0
0
0
0
0
0
0
0
0
0
0
0
0
0
0
0
0
0
0
0
0
0
0
0
0
0
0
0
0
0
0
0
0
0
0
0
0
0
0
0
0
0
0
0
0
0
0
0
0
0
0
0
0
0
0
0
0
0
0
0
0
0
0
0
0
0
0
0
0
0
0
0
0
0
0
0
0
0
0
0
0
0
0
0
0
0
0
0
0
0
0
0
0
0
0
0
0
0
0
0
0
0
0
0
0
0
0
0
0
0
0
0
0
0
0
0
0
0
0
0
0
0
0
0
0
0
0
0
0
0
0
0
0
0
0
0
0
0
0
0
0
0
0
0
0
0
0
0
0
0
0
0
0
0
0
0
0
0
0
0
0
0
0
0
0
0
0
0
0
0
0
0
0
0
0
0
0
0
0
0
0
0
0
0
0
0
0
0
0
0
0
0
0
0
0
0
0
0
0
0
0
0
0
0
0
0
0
0
0
0
0
0
0
0
0
0
0
0
0
0
0
0
0
0
0
0
0
0
0
0
0
0
0
0
0
0
0
0
0
0
0
0
0
0
0
0
0
0
0
0
0
0
0
0
0
0
0
0
0
0
0
0
0
0
0
0
0
0
0
0
0
0
0
0
0
0
0
0
0
0
0
0
0
0
0
0
0
0
0
0
0
0
0
0
0
0
0
0
0
0
0
0
0
0
0
0
0
0
0
0
0
0
0
0
0
0
0
0
0
0
0
0
0
0
0
0
0
0
0
0
0
0
0
0
0
0
0
0
0
0
0
0
0
0
0
0
0
0
0
0
0
0
0
0
0
0
0
0
0
0
0
0
0
0
0
0
0
0
0
0
0
0
0
0
0
0
0
0
0
0
0
0
0
0
0
0
0
0
0
0
0
0
0
0
0
0
0
0
0
0
0
0
0
0
0
0
0
0
0
0
0
0
0
0
0
0
0
0
0
0
0
0
0
0
0
0
0
0
0
0
0
0
0
0
0
0
0
0
0
0
0
0
0
0
0
0
0
0
0
0
0
0
0
0
0
0
0
0
0
0
0
0
0
0
0
0
0
0
0
0
0
0
0
