0.03
0.2904
0.32
0.2904
0.278
0.252
0.25
0.2404
0.2304
0.208
0.202
0.1888
0.176
0.1752
0.1756
0.1688
0.15
0.1412
0.1256
0.1368
0.1148
0.1228
0.1216
0.1208
0.118
0.1136
0.1076
0.108
0.1176
0.1092
0.13
0.1228
0.1408
0.1048
0.1084
0.0956
0.1
0.09
0.092
0.0956
0.1048
0.1012
0.0992
0.0944
0.102
0.0992
0.0988
0.1132
0.1036
0.1196
0.1084
0.112
0.1108
0.1116
0.1024
0.1052
0.108
0.1176
0.1272
0.1192
0.1232
0.112
0.1064
0.1068
0.1092
0.1132
0.1116
0.112
0.104
0.0976
0.0984
0.0932
0.0824
0.0792
0.0824
0.0776
0.0784
0.0756
0.0708
0.0708
0.0772
0.0784
0.0768
0.0756
0.0768
0.0724
0.0752
0.0768
0.0804
0.0856
0.0828
0.0836
0.0772
0.0804
0.0744
0.0792
0.084
0.0756
0.0832
0.0772
0.0856
0.076
0.0884
0.0888
0.0876
0.086
0.0864
0.0912
0.086
0.0904
0.08
0.0828
0.0848
0.078
0.0852
0.0804
0.0804
0.0672
0.0704
0.0736
0.076
0.0804
0.0748
0.0848
0.0792
0.078
0.0736
0.0752
0.076
0.0776
0.0756
0.076
0.0684
0.072
0.062
0.0588
0.0544
0.056
0.0588
0.0632
0.0604
0.0556
0.0628
0.0612
0.066
0.0716
0.0772
0.0744
0.0856
0.0816
0.0832
0.09
0.0956
0.076
0.07
0.0784
0.076
0.0776
0.0756
0.0784
0.0736
0.074
0.0772
0.08
0.0772
0.086
0.08
0.0748
0.0764
0.0772
0.082
0.09
0.0808
0.0828
0.0788
0.084
0.0784
0.0852
0.0724
0.074
0.0804
0.0788
0.0776
0.0792
0.0748
0.072
0.0716
0.0736
0.0716
0.0744
0.0756
0.072
0.066
0.0668
0.0612
0.0604
0.0608
0.0668
0.0644
0.0636
0.066
0.0688
0.0628
0.0644
0.062
0.0636
0.0668
0.0632
0.062
0.0612
0.0644
0.0624
0.0684
0.066
0.0704
0.0776
0.0672
0.0716
0.0676
0.0724
0.0688
0.074
0.0724
0.074
0.0728
0.0692
0.072
0.0696
0.074
0.07
0.07
0.0668
0.0752
0.0652
0.064
0.0652
0.0632
0.0644
0.0564
0.0552
0.0536
0.054
0.0568
0.0504
0.0516
0.0468
0.0452
0.046
0.0496
0.0452
0.0484
0.0468
0.046
0.0472
0.048
0.05
0.0504
0.046
0.0448
0.0456
0.048
0.0472
0.0464
0.0472
0.0476
0.0492
0.0472
0.0476
0.0504
0.0504
0.0488
0.0496
0.0516
0.0508
0.0524
0.0504
0.0536
0.0536
0.0524
0.0544
0.0548
0.0548
0.06
0.0576
0.0632
0.0596
0.0608
0.0592
0.0556
0.0568
0.0576
0.0596
0.0588
0.0556
0.0536
0.0536
0.0544
0.0564
0.0556
0.0528
0.0544
0.052
0.0568
0.0524
0.0588
0.052
0.0584
0.0548
0.0592
0.0564
0.0584
0.0568
0.056
0.0564
0.0564
0.054
0.0524
0.0528
0.0524
0.0532
0.0524
0.0472
0.0492
0.048
0.0496
0.0496
0.0492
0.0544
0.0492
0.0532
0.05
0.0528
0.0512
0.0504
0.0504
0.0564
0.0528
0.056
0.06
0.0576
0.0576
0.0564
0.06
0.0504
0.0516
0.0508
0.0524
0.0512
0.0512
0.0524
0.05
0.0452
0.0432
0.0428
0.042
0.0424
0.044
0.0464
0.0456
0.0488
0.0472
0.0484
0.048
0.046
0.0468
0.0464
0.0472
0.0472
0.0472
0.0472
0.0436
0.0412
0.0432
0.0408
0.0404
0.0396
0.04
0.0416
0.042
0.0444
0.0416
0.044
0.044
0.048
0.0436
0.0428
0.0448
0.0444
0.0432
0.0424
0.0432
0.0412
0.0416
0.0412
0.0388
0.0388
0.0404
0.0368
0.0372
0.0372
0.0372
0.0388
0.0356
0.036
0.0372
0.0344
0.034
0.0332
0.0348
0.0324
0.0332
0.0312
0.0308
0.0304
0.0308
0.03
0.0296
0.0296
0.0304
0.0304
0.0304
0.0304
0.0304
0.0304
0.0304
0.0304
0.0304
0.0304
0.0304
0.0304
0.0304
0.0304
0.0304
0.0304
0.0304
0.0304
0.0304
0.0304
0.0304
0.0304
0.0304
0.0304
0.0304
0.0304
0.0304
0.0304
0.0304
0.0304
0.0304
0.0304
0.0304
0.0304
0.0304
0.0304
0.0304
0.0304
0.0304
0.0304
0.0304
0.0304
0.0304
0.0304
0.0304
0.0304
0.0304
0.0304
0.0304
0.0304
0.0304
0.0304
0.0304
0.0304
0.0304
0.0304
0.0304
0.0304
0.0304
0.0304
0.0304
0.0304
0.0304
0.0304
0.0304
0.0304
0.0304
0.0304
0.0304
0.0304
0.0304
0.0304
0.0304
0.0304
0.0304
0.0304
0.0304
0.0304
0.0304
0.0304
0.0304
0.0304
0.0304
0.0304
0.0304
0.0304
0.0304
0.0304
0.0304
0.0304
0.0304
0.0304
0.0304
0.0304
0.0304
0.0304
0.0304
0.0304
0.0304
0.0304
0.0304
0.0304
0.0304
0.0304
0.0304
0.0304
0.0304
0.0304
0.0304
0.0304
0.0304
0.0304
0.0304
0.0304
0.0304
0.0304
0.0304
0.0304
0.0304
0.0304
0.0304
0.0304
0.0304
0.0304
0.0304
0.0304
0.0304
0.0304
0.0304
0.0304
0.0304
0.0304
0.0304
0.0304
0.0304
0.0304
0.0304
0.0304
0.0304
0.0304
0.0304
0.0304
0.0304
0.0304
0.0304
0.0304
0.0304
0.0304
0.0304
0.0304
0.0304
0.0304
0.0304
0.0304
0.0304
0.0304
0.0304
0.0304
0.0304
0.0304
0.0304
0.0304
0.0304
0.0304
0.0304
0.0304
0.0304
0.0304
0.0304
0.0304
0.0304
0.0304
0.0304
0.0304
0.0304
0.0304
0.0304
0.0304
0.0304
0.0304
0.0304
0.0304
0.0304
0.0304
0.0304
0.0304
0.0304
0.0304
0.0304
0.0304
0.0304
0.0304
0.0304
0.0304
0.0304
0.0304
0.0304
0.0304
0.0304
0.0304
0.0304
0.0304
0.0304
0.0304
0.0304
0.0304
0.0304
0.0304
0.0304
0.0304
0.0304
0.0304
0.0304
0.0304
0.0304
0.0304
0.0304
0.0304
0.0304
0.0304
0.0304
0.0304
0.0304
0.0304
0.0304
0.0304
0.0304
0.0304
0.0304
0.0304
0.0304
0.0304
0.0304
0.0304
0.0304
0.0304
0.0304
0.0304
0.0304
0.0304
0.0304
0.0304
0.0304
0.0304
0.0304
0.0304
0.0304
0.0304
0.0304
0.0304
0.0304
0.0304
0.0304
0.0304
0.0304
0.0304
0.0304
0.0304
0.0304
0.0304
0.0304
0.0304
0.0304
0.0304
0.0304
0.0304
0.0304
0.0304
0.0304
0.0304
0.0304
0.0304
0.0304
0.0304
0.0304
0.0304
0.0304
0.0304
0.0304
0.0304
0.0304
0.0304
0.0304
0.0304
0.0304
0.0304
0.0304
0.0304
0.0304
0.0304
0.0304
0.0304
0.0304
0.0304
0.0304
0.0304
0.0304
0.0304
0.0304
0.0304
0.0304
0.0304
0.0304
0.0304
0.0304
0.0304
0.0304
0.0304
0.0304
0.0304
0.0304
0.0304
0.0304
0.0304
0.0304
0.0304
0.0304
0.0304
0.0304
0.0304
0.0304
0.0304
0.0304
0.0304
0.0304
0.0304
0.0304
0.0304
0.0304
0.0304
0.0304
0.0304
0.0304
0.0304
0.0304
0.0304
0.0304
0.0304
0.0304
0.0304
0.0304
0.0304
0.0304
0.0304
0.0304
0.0304
0.0304
0.0304
0.0304
0.0304
0.0304
0.0304
0.0304
0.0304
0.0304
0.0304
0.0304
0.0304
0.0304
0.0304
0.0304
0.0304
0.0304
0.0304
0.0304
0.0304
0.0304
0.0304
0.0304
0.0304
0.0304
0.0304
0.0304
0.0304
0.0304
0.0304
0.0304
0.0304
0.0304
0.0304
0.0304
0.0304
0.0304
0.0304
0.0304
0.0304
0.0304
0.0304
0.0304
0.0304
0.0304
0.0304
0.0304
0.0304
0.0304
0.0304
0.0304
0.0304
0.0304
0.0304
0.0304
0.0304
0.0304
0.0304
0.0304
0.0304
0.0304
0.0304
0.0304
0.0304
0.0304
0.0304
0.0304
0.0304
0.0304
0.0304
0.0304
0.0304
0.0304
0.0304
0.0304
0.0304
0.0304
0.0304
0.0304
0.0304
0.0304
0.0304
0.0304
0.0304
0.0304
0.0304
0.0304
0.0304
0.0304
0.0304
0.0304
0.0304
0.0304
0.0304
0.0304
0.0304
0.0304
0.0304
0.0304
0.0304
0.0304
0.0304
0.0304
0.0304
0.0304
0.0304
0.0304
0.0304
0.0304
0.0304
0.0304
0.0304
0.0304
0.0304
0.0304
0.0304
0.0304
0.0304
0.0304
0.0304
0.0304
0.0304
0.0304
0.0304
0.0304
0.0304
0.0304
0.0304
0.0304
0.0304
0.0304
0.0304
0.0304
0.0304
0.0304
0.0304
0.0304
0.0304
0.0304
0.0304
0.0304
0.0304
0.0304
0.0304
0.0304
0.0304
0.0304
0.0304
0.0304
0.0304
0.0304
0.0304
0.0304
0.0304
0.0304
0.0304
0.0304
0.0304
0.0304
0.0304
0.0304
0.0304
0.0304
0.0304
0.0304
0.0304
0.0304
0.0304
0.0304
0.0304
0.0304
0.0304
0.0304
0.0304
0.0304
0.0304
0.0304
0.0304
0.0304
0.0304
0.0304
0.0304
0.0304
0.0304
0.0304
0.0304
0.0304
0.0304
0.0304
0.0304
0.0304
0.0304
0.0304
0.0304
0.0304
0.0304
0.0304
0.0304
0.0304
0.0304
0.0304
0.0304
0.0304
0.0304
0.0304
0.0304
0.0304
0.0304
0.0304
0.0304
0.0304
0.0304
0.0304
0.0304
0.0304
0.0304
0.0304
0.0304
0.0304
0.0304
0.0304
0.0304
0.0304
0.0304
0.0304
0.0304
0.0304
0.0304
0.0304
0.0304
0.0304
0.0304
0.0304
0.0304
0.0304
0.0304
0.0304
