0.0304
0.2912
0.3344
0.2832
0.2928
0.2796
0.2564
0.2716
0.2436
0.2284
0.2296
0.224
0.212
0.218
0.1932
0.1964
0.1704
0.1824
0.1704
0.1876
0.186
0.1788
0.2016
0.1932
0.21
0.2112
0.19
0.1844
0.186
0.1604
0.1632
0.1584
0.156
0.1484
0.1516
0.1552
0.1452
0.1524
0.1472
0.1488
0.1424
0.1456
0.1372
0.1476
0.1464
0.1452
0.1448
0.1244
0.1316
0.1204
0.122
0.122
0.1104
0.1068
0.1168
0.114
0.1128
0.1092
0.1104
0.1172
0.1088
0.118
0.1012
0.1
0.0992
0.1032
0.0952
0.094
0.0976
0.0932
0.0964
0.0932
0.0996
0.0936
0.0916
0.0884
0.094
0.0956
0.0856
0.1008
0.09
0.1
0.09
0.0948
0.0928
0.0928
0.0888
0.088
0.0924
0.098
0.0904
0.106
0.0984
0.1096
0.1072
0.1256
0.1092
0.1224
0.1168
0.1176
0.1228
0.114
0.1144
0.112
0.1172
0.1112
0.1144
0.124
0.1064
0.114
0.1052
0.1028
0.0996
0.1068
0.1048
0.0992
0.1128
0.102
0.1072
0.1064
0.1016
0.092
0.0904
0.0812
0.08
0.0784
0.0824
0.0864
0.086
0.0908
0.0872
0.0924
0.0868
0.0888
0.0848
0.0828
0.0804
0.0816
0.0804
0.0804
0.0888
0.0796
0.068
0.0744
0.0696
0.078
0.0744
0.0792
0.076
0.078
0.0716
0.0748
0.0724
0.0796
0.0832
0.0812
0.0968
0.0888
0.0916
0.0876
0.0864
0.078
0.0728
0.076
0.0816
0.0836
0.0868
0.0796
0.0804
0.0784
0.0768
0.0832
0.0924
0.0872
0.0868
0.0844
0.0796
0.0872
0.0844
0.0856
0.0872
0.078
0.0764
0.0788
0.0828
0.08
0.0796
0.0788
0.082
0.0804
0.0772
0.0732
0.0696
0.0704
0.0708
0.0692
0.0716
0.072
0.0724
0.0732
0.0732
0.078
0.0772
0.0852
0.084
0.0896
0.0908
0.0964
0.0908
0.0912
0.0888
0.092
0.092
0.0868
0.0804
0.0856
0.0896
0.09
0.0952
0.092
0.0916
0.0996
0.094
0.0984
0.1044
0.0996
0.1108
0.094
0.094
0.092
0.0956
0.0932
0.0816
0.0864
0.0888
0.0872
0.0864
0.0808
0.084
0.0864
0.0844
0.0784
0.0732
0.074
0.0752
0.0724
0.0692
0.0692
0.0808
0.0724
0.0756
0.0776
0.0772
0.082
0.0724
0.074
0.07
0.0672
0.0688
0.0704
0.0672
0.07
0.0752
0.0784
0.0776
0.0704
0.0732
0.0708
0.074
0.074
0.078
0.0708
0.0788
0.0748
0.0788
0.0772
0.0792
0.0776
0.0752
0.0812
0.0832
0.0812
0.088
0.0872
0.0888
0.0904
0.0916
0.0892
0.0868
0.0908
0.1068
0.1016
0.1104
0.108
0.1156
0.1248
0.1164
0.1124
0.1092
0.1116
0.0996
0.104
0.0996
0.0988
0.0988
0.1032
0.0952
0.092
0.0936
0.0928
0.0848
0.0856
0.0884
0.0884
0.0872
0.0828
0.0756
0.0744
0.0752
0.0824
0.0856
0.0948
0.0884
0.0908
0.0932
0.104
0.098
0.0984
0.0968
0.0976
0.104
0.0992
0.0948
0.0984
0.0932
0.0904
0.096
0.09
0.09
0.09
0.086
0.08
0.0824
0.0808
0.0776
0.0828
0.0816
0.0692
0.0652
0.0652
0.0628
0.0644
0.0656
0.0632
0.072
0.0652
0.0644
0.0636
0.0624
0.07
0.0684
0.078
0.0672
0.0756
0.0696
0.0732
0.0752
0.0784
0.0756
0.078
0.08
0.0812
0.084
0.0724
0.0804
0.0812
0.0848
0.0844
0.0916
0.0884
0.092
0.0856
0.0952
0.0816
0.0888
0.0872
0.0868
0.0912
0.0884
0.0928
0.1024
0.0968
0.1072
0.1024
0.1104
0.1028
0.1084
0.1008
0.1108
0.112
0.1112
0.106
0.1132
0.124
0.118
0.1176
0.12
0.1148
0.1196
0.1152
0.106
0.106
0.11
0.1116
0.1044
0.11
0.11
0.0964
0.098
0.1044
0.0992
0.0872
0.0932
0.0876
0.0844
0.092
0.0908
0.0932
0.0868
0.0884
0.0936
0.0884
0.086
0.086
0.0836
0.0856
0.082
0.0884
0.078
0.08
0.0872
0.0732
0.0768
0.0688
0.0696
0.0664
0.066
0.062
0.064
0.0628
0.0664
0.0712
0.0684
0.072
0.0716
0.074
0.0704
0.0672
0.066
0.0672
0.0624
0.0636
0.0644
0.0592
0.0612
0.0624
0.054
0.0568
0.0536
0.0592
0.0528
0.0608
0.0564
0.0632
0.0608
0.0624
0.06
0.0604
0.0612
0.0632
0.054
0.0524
0.056
0.0556
0.0552
0.0532
0.0556
0.0584
0.0592
0.0568
0.0616
0.0636
0.0652
0.062
0.0632
0.0576
0.0632
0.0564
0.0636
0.0592
0.0576
0.0568
0.0588
0.0588
0.0608
0.062
0.0672
0.0616
0.0676
0.0652
0.0684
0.0696
0.0684
0.0636
0.0584
0.054
0.0532
0.0504
0.052
0.0528
0.0508
0.0568
0.0536
0.0632
0.0532
0.052
0.0532
0.0464
0.0488
0.0468
0.0476
0.0484
0.0496
0.0464
0.0448
0.0436
0.0396
0.0392
0.038
0.0392
0.0392
0.0408
0.0404
0.044
0.042
0.0464
0.0428
0.0436
0.0408
0.042
0.0432
0.0476
0.0452
0.0468
0.0508
0.0512
0.0512
0.0512
0.0536
0.0536
0.05
0.0536
0.0508
0.0528
0.0532
0.0516
0.0568
0.0528
0.0548
0.054
0.0596
0.0556
0.0544
0.0604
0.0516
0.058
0.0556
0.0532
0.0536
0.0548
0.0512
0.0528
0.0548
0.0548
0.0576
0.0596
0.0596
0.0608
0.0628
0.058
0.0656
0.0632
0.07
0.07
0.07
0.07
0.0744
0.0728
0.0664
0.072
0.0684
0.0712
0.0752
0.0704
0.076
0.0712
0.0708
0.064
0.0636
0.0652
0.0636
0.064
0.0596
0.06
0.0544
0.058
0.0568
0.054
0.052
0.0508
0.0508
0.0512
0.048
0.0516
0.0504
0.0492
0.0496
0.0528
0.0524
0.0528
0.0552
0.0504
0.0484
0.0504
0.0512
0.0504
0.0508
0.0564
0.0516
0.058
0.0548
0.0596
0.0608
0.0644
0.0504
0.052
0.0528
0.0496
0.0476
0.0472
0.0476
0.0496
0.0488
0.052
0.0492
0.0512
0.0504
0.0508
0.054
0.0524
0.0532
0.0532
0.0516
0.0508
0.05
0.0504
0.0492
0.05
0.05
0.0508
0.05
0.0504
0.0516
0.0524
0.054
0.0556
0.0548
0.0536
0.056
0.056
0.0604
0.0544
0.0544
0.0528
0.052
0.0492
0.0492
0.048
0.0488
0.0484
0.048
0.0484
0.0464
0.0472
0.0452
0.0448
0.044
0.044
0.044
0.044
0.044
0.044
0.044
0.044
0.044
0.0444
0.0448
0.044
0.0448
0.0436
0.0432
0.044
0.042
0.0412
0.0412
0.0412
0.0412
0.0412
0.0412
0.0412
0.0412
0.0412
0.0412
0.0412
0.0412
0.0412
0.0412
0.0412
0.0412
0.0412
0.0412
0.0412
0.0412
0.0412
0.0412
0.0412
0.0412
0.0412
0.0412
0.0412
0.0412
0.0412
0.0412
0.0412
0.0412
0.0412
0.0412
0.0412
0.0412
0.0412
0.0412
0.0412
0.0412
0.0412
0.0412
0.0412
0.0412
0.0412
0.0412
0.0412
0.0412
0.0412
0.0412
0.0412
0.0412
0.0412
0.0412
0.0412
0.0412
0.0412
0.0412
0.0412
0.0412
0.0412
0.0412
0.0412
0.0412
0.0412
0.0412
0.0412
0.0412
0.0412
0.0412
0.0412
0.0412
0.0412
0.0412
0.0412
0.0412
0.0412
0.0412
0.0412
0.0412
0.0412
0.0412
0.0412
0.0412
0.0412
0.0412
0.0412
0.0412
0.0412
0.0412
0.0412
0.0412
0.0412
0.0412
0.0412
0.0412
0.0412
0.0412
0.0412
0.0412
0.0412
0.0412
0.0412
0.0412
0.0412
0.0412
0.0412
0.0412
0.0412
0.0412
0.0412
0.0412
0.0412
0.0412
0.0412
0.0412
0.0412
0.0412
0.0412
0.0412
0.0412
0.0412
0.0412
0.0412
0.0412
0.0412
0.0412
0.0412
0.0412
0.0412
0.0412
0.0412
0.0412
0.0412
0.0412
0.0412
0.0412
0.0412
0.0412
0.0412
0.0412
0.0412
0.0412
0.0412
0.0412
0.0412
0.0412
0.0412
0.0412
0.0412
0.0412
0.0412
0.0412
0.0412
0.0412
0.0412
0.0412
0.0412
0.0412
0.0412
0.0412
0.0412
0.0412
0.0412
0.0412
0.0412
0.0412
0.0412
0.0412
0.0412
0.0412
0.0412
0.0412
0.0412
0.0412
0.0412
0.0412
0.0412
0.0412
0.0412
0.0412
0.0412
0.0412
0.0412
0.0412
0.0412
0.0412
0.0412
0.0412
0.0412
0.0412
0.0412
0.0412
0.0412
0.0412
0.0412
0.0412
0.0412
0.0412
0.0412
0.0412
0.0412
0.0412
0.0412
0.0412
0.0412
0.0412
0.0412
0.0412
0.0412
0.0412
0.0412
0.0412
0.0412
0.0412
0.0412
0.0412
0.0412
0.0412
0.0412
0.0412
0.0412
0.0412
0.0412
0.0412
0.0412
0.0412
0.0412
0.0412
0.0412
0.0412
0.0412
0.0412
0.0412
0.0412
0.0412
0.0412
0.0412
0.0412
0.0412
0.0412
0.0412
0.0412
0.0412
0.0412
0.0412
0.0412
0.0412
0.0412
0.0412
0.0412
0.0412
0.0412
0.0412
0.0412
0.0412
0.0412
0.0412
0.0412
0.0412
0.0412
0.0412
0.0412
0.0412
0.0412
0.0412
0.0412
0.0412
0.0412
0.0412
0.0412
0.0412
0.0412
0.0412
0.0412
0.0412
0.0412
0.0412
0.0412
0.0412
0.0412
0.0412
0.0412
0.0412
0.0412
0.0412
0.0412
0.0412
