0.112
0.2848
0.324
0.2876
0.2688
0.25
0.2348
0.2356
0.2252
0.2148
0.2032
0.1928
0.1796
0.1736
0.1684
0.1692
0.1716
0.1696
0.1752
0.1624
0.1732
0.1644
0.1576
0.1476
0.1372
0.146
0.136
0.1284
0.1212
0.1228
0.1344
0.1308
0.136
0.1428
0.1436
0.1384
0.1428
0.1468
0.144
0.1396
0.1492
0.1508
0.1548
0.1496
0.15
0.1464
0.146
0.1452
0.148
0.1372
0.134
0.1296
0.1136
0.1056
0.1108
0.0996
0.0984
0.0956
0.0956
0.0996
0.0976
0.1032
0.09
0.0868
0.0884
0.0916
0.09
0.0972
0.0976
0.0972
0.0944
0.094
0.0924
0.094
0.0908
0.0916
0.1
0.0968
0.1112
0.1148
0.1144
0.1176
0.1212
0.1192
0.1096
0.122
0.1076
0.1188
0.1144
0.104
0.1008
0.1036
0.1008
0.1076
0.0992
0.0884
0.1004
0.0904
0.0916
0.1004
0.0928
0.0928
0.0944
0.0908
0.102
0.1028
0.1008
0.1076
0.1072
0.1112
0.1124
0.1136
0.1152
0.116
0.1144
0.106
0.1088
0.1076
0.1152
0.1024
0.1076
0.1028
0.116
0.1008
0.1072
0.0984
0.0988
0.0948
0.0996
0.0992
0.088
0.0896
0.0908
0.1
0.0912
0.0972
0.09
0.0956
0.0936
0.0948
0.1004
0.1004
0.1016
0.108
0.1052
0.1076
0.1084
0.1088
0.1076
0.1096
0.0976
0.1068
0.1012
0.1108
0.1192
0.1196
0.1128
0.1152
0.124
0.1124
0.1076
0.1144
0.1084
0.1108
0.104
0.1088
0.1012
0.102
0.0972
0.0944
0.0936
0.094
0.0872
0.0868
0.0828
0.086
0.0856
0.082
0.0788
0.0728
0.076
0.0716
0.0716
0.0684
0.07
0.072
0.0664
0.0692
0.0628
0.0648
0.0592
0.0564
0.0556
0.0596
0.0592
0.0604
0.0664
0.062
0.058
0.0644
0.0588
0.0612
0.0592
0.0612
0.0596
0.0556
0.0644
0.0556
0.0584
0.0612
0.0648
0.0636
0.0676
0.07
0.0648
0.0676
0.0704
0.0708
0.068
0.062
0.0684
0.064
0.0664
0.0644
0.0644
0.0612
0.058
0.0552
0.0544
0.052
0.0508
0.05
0.0472
0.0496
0.0496
0.0492
0.0496
0.046
0.0436
0.0424
0.0476
0.0392
0.0388
0.0392
0.0396
0.0416
0.042
0.0472
0.0396
0.044
0.0444
0.0508
0.0456
0.0488
0.0528
0.048
0.0456
0.0512
0.0456
0.05
0.0484
0.0524
0.0496
0.052
0.0564
0.0596
0.0588
0.0656
0.06
0.0652
0.07
0.0656
0.0688
0.0668
0.0668
0.0632
0.0668
0.06
0.0628
0.0584
0.0656
0.0596
0.062
0.0636
0.0656
0.0728
0.0672
0.0632
0.0624
0.0624
0.0644
0.068
0.068
0.0632
0.0672
0.0644
0.0676
0.0684
0.0656
0.0712
0.0708
0.0796
0.0668
0.0624
0.0656
0.0664
0.064
0.062
0.0648
0.0592
0.0612
0.0572
0.0568
0.0556
0.0592
0.0584
0.0576
0.0612
0.0648
0.058
0.0572
0.0564
0.056
0.0504
0.048
0.0488
0.054
0.0536
0.0592
0.054
0.0508
0.0496
0.0496
0.0536
0.0552
0.0572
0.0636
0.062
0.0652
0.0656
0.0708
0.0624
0.0612
0.0604
0.0624
0.0644
0.06
0.064
0.0572
0.048
0.0508
0.052
0.056
0.0504
0.0504
0.0492
0.0568
0.0556
0.0584
0.058
0.0612
0.0592
0.0624
0.0592
0.0636
0.0668
0.068
0.0712
0.072
0.0752
0.0668
0.0676
0.07
0.0628
0.0596
0.0608
0.0636
0.0616
0.0672
0.064
0.0608
0.0612
0.0676
0.0624
0.0652
0.0624
0.0676
0.0708
0.0672
0.0696
0.0704
0.0692
0.0672
0.0692
0.0716
0.0696
0.076
0.0752
0.0724
0.0796
0.0792
0.0852
0.08
0.084
0.0776
0.0724
0.0664
0.0692
0.0672
0.0632
0.0656
0.0684
0.0672
0.0704
0.0712
0.0764
0.0724
0.0772
0.0696
0.074
0.0712
0.0784
0.0752
0.0812
0.0744
0.078
0.076
0.0708
0.0688
0.0764
0.0664
0.0708
0.0668
0.0672
0.0676
0.066
0.0688
0.0672
0.068
0.0656
0.0652
0.0644
0.0696
0.0664
0.0564
0.0584
0.0524
0.0568
0.0548
0.0592
0.0592
0.0532
0.0468
0.048
0.0472
0.044
0.0508
0.0484
0.0564
0.0464
0.0548
0.0488
0.0516
0.0472
0.0512
0.0472
0.0528
0.0544
0.0572
0.0624
0.0644
0.06
0.0644
0.0608
0.056
0.0492
0.0524
0.0544
0.0544
0.0584
0.0576
0.0572
0.0604
0.0532
0.0528
0.0512
0.0508
0.052
0.0484
0.0488
0.0524
0.0524
0.0548
0.0564
0.054
0.0628
0.0568
0.054
0.054
0.0556
0.0584
0.0556
0.0616
0.0552
0.0572
0.058
0.0624
0.0632
0.0584
0.0624
0.062
0.0612
0.0588
0.0536
0.05
0.0508
0.0516
0.054
0.048
0.0456
0.04
0.0444
0.0412
0.044
0.044
0.0416
0.042
0.042
0.0452
0.0448
0.0492
0.0428
0.044
0.0464
0.0524
0.0508
0.0564
0.0476
0.0456
0.0484
0.05
0.0532
0.0456
0.0456
0.0464
0.0384
0.0404
0.038
0.0412
0.0368
0.0352
0.0368
0.0352
0.0352
0.0376
0.038
0.0408
0.0432
0.04
0.0424
0.0384
0.0436
0.0436
0.0412
0.0432
0.0428
0.0444
0.046
0.0536
0.052
0.0568
0.0496
0.044
0.0512
0.048
0.046
0.052
0.0504
0.0512
0.0596
0.052
0.05
0.0512
0.0492
0.0496
0.052
0.0544
0.0516
0.0528
0.0488
0.0524
0.0536
0.0536
0.0588
0.0572
0.0628
0.0588
0.054
0.056
0.0512
0.0576
0.0536
0.0568
0.054
0.0596
0.0608
0.062
0.066
0.0612
0.0612
0.0612
0.0644
0.0644
0.0728
0.0656
0.0716
0.0664
0.072
0.0676
0.0648
0.0616
0.0672
0.064
0.0732
0.0692
0.0708
0.0636
0.0612
0.0584
0.0548
0.06
0.0484
0.0468
0.0492
0.05
0.0504
0.052
0.0552
0.0556
0.0644
0.0592
0.064
0.0568
0.0596
0.0624
0.068
0.06
0.0592
0.0616
0.0584
0.0612
0.0628
0.0648
0.0652
0.0704
0.07
0.0712
0.0688
0.0736
0.07
0.0756
0.0752
0.0716
0.0664
0.0564
0.0556
0.06
0.0572
0.06
0.0624
0.0612
0.06
0.0548
0.0556
0.0524
0.0492
0.0444
0.0436
0.044
0.0424
0.0432
0.0436
0.046
0.0444
0.0472
0.0492
0.048
0.0484
0.0468
0.0472
0.0464
0.0476
0.0492
0.0516
0.0512
0.046
0.0468
0.0488
0.0452
0.0484
0.046
0.0472
0.048
0.0532
0.0508
0.05
0.05
0.0516
0.0512
0.0548
0.0588
0.0512
0.0544
0.054
0.0564
0.056
0.0548
0.0564
0.0556
0.0548
0.0592
0.0548
0.0568
0.0556
0.0576
0.064
0.0624
0.0576
0.0504
0.0488
0.0548
0.0528
0.0516
0.0528
0.05
0.0528
0.048
0.0488
0.046
0.0468
0.0496
0.0516
0.056
0.0524
0.0492
0.0572
0.0488
0.0488
0.0496
0.056
0.0524
0.0536
0.054
0.0552
0.0504
0.05
0.0508
0.0508
0.052
0.0532
0.0492
0.0504
0.0456
0.0492
0.0472
0.0468
0.0484
0.0448
0.0504
0.0516
0.0556
0.0504
0.0528
0.0556
0.0532
0.0548
0.0536
0.0596
0.0596
0.0496
0.0556
0.046
0.0508
0.0464
0.05
0.0484
0.0544
0.0468
0.0536
0.0496
0.0476
0.0452
0.0452
0.0432
0.046
0.042
0.042
0.0428
0.0448
0.048
0.0512
0.0484
0.0556
0.0536
0.0636
0.0568
0.064
0.0652
0.0688
0.0692
0.0744
0.056
0.0588
0.06
0.068
0.0636
0.0672
0.064
0.062
0.0672
0.0672
0.0724
0.0684
0.064
0.0628
0.0616
0.064
0.0564
0.06
0.0616
0.062
0.0564
0.0692
0.0508
0.052
0.0532
0.0524
0.0484
0.0484
0.0456
0.05
0.0476
0.046
0.0436
0.0424
0.038
0.0372
0.038
0.0388
0.0396
0.0432
0.042
0.0416
0.0436
0.0452
0.0472
0.046
0.05
0.0464
0.0492
0.0432
0.0448
0.0432
0.0452
0.0436
0.0448
0.0452
0.046
0.0468
0.046
0.0456
0.0516
0.0488
0.0524
0.054
0.0608
0.0528
0.0576
0.0588
0.0584
0.0588
0.0568
0.06
0.066
0.0664
0.074
0.0744
0.0656
0.064
0.068
0.0612
0.0644
0.062
0.0628
0.0668
0.0612
0.0612
0.0616
0.0692
0.0648
0.0552
0.0584
0.0548
0.058
0.0552
0.052
0.0508
0.05
0.052
0.0512
0.0492
0.052
0.0452
0.046
0.0444
0.046
0.0488
0.0456
0.05
0.0468
0.0516
0.0452
0.0452
0.0476
0.0524
0.0512
0.0508
0.0508
0.0512
0.0536
0.052
0.0576
0.0532
0.056
0.0592
0.0552
0.0508
0.0556
0.0532
0.0596
0.0524
0.054
0.0508
0.046
0.0452
0.0444
0.0448
0.0412
0.0392
0.0384
0.036
0.04
0.0368
0.0392
0.0376
0.036
0.0416
0.0392
0.046
0.0444
0.0528
0.048
0.0524
0.0528
0.0576
0.0448
0.0488
0.0484
0.0584
0.0476
0.054
0.048
0.0508
0.0512
0.05
0.0552
0.0536
0.0496
0.05
0.0484
0.0512
0.0492
0.0572
0.0476
0.0508
0.0492
0.044
0.0444
0.0444
0.044
0.0488
0.0464
0.0464
0.0456
0.0456
0.0456
0.0504
0.0524
0.0532
0.0556
0.0524
