0.0456
0.2944
0.3356
0.2904
0.2924
0.2616
0.2448
0.2384
0.216
0.2212
0.2136
0.2308
0.2212
0.2404
0.2156
0.2052
0.2008
0.2016
0.2072
0.2
0.2004
0.198
0.1988
0.2108
0.2044
0.2116
0.2044
0.2044
0.2008
0.2132
0.2028
0.2152
0.2036
0.2068
0.1896
0.1924
0.1848
0.1844
0.1892
0.1804
0.1884
0.1752
0.184
0.1772
0.1728
0.168
0.1532
0.1604
0.1548
0.1524
0.1496
0.144
0.1272
0.1324
0.134
0.1316
0.1388
0.1368
0.1308
0.1308
0.1384
0.1308
0.1432
0.1464
0.1412
0.1368
0.1324
0.134
0.1384
0.1312
0.1448
0.1376
0.1352
0.132
0.1264
0.1352
0.134
0.1272
0.1368
0.14
0.1376
0.1436
0.1456
0.1452
0.1512
0.1544
0.1452
0.1284
0.1336
0.116
0.1224
0.1152
0.1116
0.1192
0.1144
0.1108
0.102
0.0996
0.1048
0.1068
0.1144
0.1088
0.1136
0.1124
0.1152
0.1252
0.106
0.1164
0.1008
0.0976
0.0988
0.0984
0.1
0.1064
0.1084
0.1184
0.1064
0.1184
0.1156
0.1136
0.1108
0.1208
0.1152
0.1252
0.1176
0.1204
0.114
0.1264
0.1188
0.1264
0.1344
0.124
0.1316
0.1296
0.1376
0.1308
0.1316
0.1304
0.1212
0.1172
0.1104
0.104
0.1128
0.1032
0.1112
0.11
0.11
0.1132
0.1136
0.1168
0.106
0.1028
0.0992
0.1036
0.1064
0.1016
0.1048
0.1116
0.1028
0.1076
0.1036
0.1068
0.1036
0.1048
0.0968
0.1012
0.098
0.0988
0.1036
0.106
0.1036
0.098
0.0944
0.094
0.1004
0.1008
0.1028
0.1044
0.102
0.1024
0.1068
0.102
0.1008
0.094
0.0952
0.0948
0.1012
0.1004
0.11
0.1052
0.1044
0.1124
0.1136
0.1164
0.1004
0.108
0.1028
0.102
0.1024
0.096
0.102
0.1036
0.1076
0.1088
0.1048
0.1024
0.1032
0.0924
0.0948
0.0832
0.0864
0.0824
0.0976
0.0824
0.0892
0.08
0.0828
0.0828
0.0868
0.0888
0.0864
0.0776
0.0784
0.0792
0.0792
0.0836
0.0844
0.09
0.09
0.0984
0.086
0.09
0.0888
0.0928
0.1004
0.1084
0.1084
0.094
0.0964
0.1004
0.092
0.1028
0.1016
0.1204
0.1084
0.1288
0.11
0.122
0.1072
0.1144
0.1136
0.1224
0.122
0.1124
0.1096
0.1092
0.1044
0.0968
0.098
0.1
0.0928
0.0924
0.0868
0.0896
0.0852
0.08
0.076
0.0752
0.0752
0.0824
0.0868
0.0948
0.0928
0.0928
0.0956
0.0932
0.0992
0.0952
0.0892
0.0948
0.0828
0.0776
0.0812
0.0908
0.0984
0.0928
0.0864
0.0832
0.082
0.0772
0.0848
0.0884
0.0888
0.0924
0.088
0.0884
0.0804
0.072
0.0776
0.0808
0.0744
0.078
0.0732
0.0744
0.0772
0.0792
0.0808
0.078
0.0748
0.0808
0.0816
0.0808
0.0796
0.0772
0.0744
0.0808
0.0836
0.088
0.0932
0.0928
0.0948
0.0972
0.1044
0.102
0.0904
0.0956
0.0928
0.0952
0.0948
0.0896
0.0904
0.0908
0.0888
0.0924
0.0936
0.0904
0.094
0.0964
0.0964
0.0992
0.0944
0.1056
0.1
0.1012
0.1032
0.1076
0.1036
0.0996
0.0956
0.092
0.0968
0.1024
0.104
0.1136
0.1228
0.1272
0.12
0.1088
0.1092
0.1128
0.1068
0.1092
0.1088
0.104
0.1028
0.0988
0.09
0.094
0.0964
0.0968
0.088
0.0976
0.092
0.0972
0.1012
0.0892
0.0932
0.0948
0.098
0.0936
0.102
0.1
0.1008
0.104
0.102
0.0976
0.0872
0.0876
0.0888
0.0884
0.0924
0.0884
0.0896
0.0892
0.0964
0.0856
0.0972
0.0844
0.0892
0.088
0.0864
0.0856
0.0908
0.0804
0.086
0.078
0.0784
0.0784
0.0824
0.086
0.0876
0.082
0.0804
0.0748
0.0788
0.0748
0.0768
0.0748
0.08
0.0796
0.0768
0.0884
0.078
0.08
0.0772
0.0772
0.0764
0.0748
0.0732
0.0692
0.0688
0.074
0.0592
0.0624
0.0604
0.0656
0.0592
0.066
0.0604
0.0556
0.0576
0.0584
0.0612
0.0632
0.0664
0.062
0.0588
0.0608
0.0536
0.064
0.0644
0.0644
0.0604
0.0636
0.0684
0.0652
0.0652
0.0624
0.0668
0.0652
0.0624
0.0688
0.062
0.0672
0.0644
0.0612
0.0648
0.0604
0.0656
0.0668
0.0652
0.0636
0.062
0.0632
0.0684
0.064
0.0652
0.062
0.0608
0.0624
0.0648
0.0612
0.0656
0.06
0.0588
0.0592
0.0636
0.0608
0.0616
0.0676
0.0592
0.0588
0.0596
0.054
0.0524
0.0512
0.0536
0.0496
0.0488
0.0488
0.0528
0.05
0.05
0.0472
0.0452
0.05
0.052
0.0532
0.0548
0.0516
0.0584
0.0504
0.0544
0.0536
0.052
0.0496
0.0552
0.0512
0.0564
0.054
0.0512
0.0556
0.0504
0.0508
0.0496
0.0536
0.0508
0.0556
0.0516
0.0488
0.0508
0.0492
0.0516
0.0468
0.0468
0.052
0.0488
0.0548
0.0524
0.0512
0.0512
0.0568
0.066
0.0604
0.0676
0.0636
0.0656
0.0684
0.07
0.0748
0.0772
0.0644
0.0616
0.058
0.0608
0.0552
0.048
0.0536
0.0448
0.0436
0.0484
0.0456
0.0428
0.0428
0.0476
0.0452
0.052
0.0424
0.0436
0.0388
0.0436
0.0412
0.0472
0.0476
0.0628
0.0364
0.0376
0.0364
0.0368
0.0396
0.0404
0.0476
0.0432
0.048
0.0388
0.0428
0.044
0.0508
0.0484
0.046
0.048
0.0456
0.0468
0.0468
0.0512
0.0524
0.0516
0.0536
0.0572
0.054
0.052
0.0568
0.0632
0.0576
0.054
0.0564
0.056
0.0504
0.0496
0.0492
0.0404
0.036
0.0344
0.0352
0.0392
0.0392
0.0412
0.0468
0.0412
0.0424
0.0372
0.0328
0.0336
0.032
0.0356
0.0328
0.0364
0.0336
0.034
0.0356
0.0348
0.0376
0.034
0.0328
0.032
0.032
0.032
0.032
0.032
0.032
0.032
0.032
0.032
0.032
0.032
0.032
0.032
0.032
0.032
0.032
0.032
0.032
0.032
0.032
0.032
0.032
0.032
0.032
0.032
0.032
0.032
0.032
0.032
0.032
0.032
0.032
0.032
0.032
0.032
0.032
0.032
0.032
0.032
0.032
0.032
0.032
0.032
0.032
0.032
0.032
0.032
0.032
0.032
0.032
0.032
0.032
0.032
0.032
0.032
0.032
0.032
0.032
0.032
0.032
0.032
0.032
0.032
0.032
0.032
0.032
0.032
0.032
0.032
0.032
0.032
0.032
0.032
0.032
0.032
0.032
0.032
0.0328
0.0316
0.0312
0.0316
0.0316
0.0316
0.0316
0.0316
0.0316
0.0316
0.0316
0.0316
0.0316
0.0316
0.0316
0.0316
0.0316
0.0316
0.0316
0.0316
0.0316
0.0316
0.0316
0.0316
0.0316
0.0316
0.0316
0.0316
0.0316
0.0316
0.0316
0.0316
0.0316
0.0316
0.0316
0.0316
0.0316
0.0316
0.0316
0.0316
0.0316
0.0316
0.0316
0.0316
0.0316
0.0316
0.0316
0.0316
0.0316
0.0316
0.0316
0.0316
0.0316
0.0316
0.0316
0.0316
0.0316
0.0316
0.0316
0.0316
0.0316
0.0316
0.0316
0.0316
0.0316
0.0316
0.0316
0.0316
0.0316
0.0316
0.0316
0.0316
0.0316
0.0316
0.0316
0.0316
0.0316
0.0316
0.0316
0.0316
0.0316
0.0316
0.0316
0.0316
0.0316
0.0316
0.0316
0.0316
0.0316
0.0316
0.0316
0.0316
0.0316
0.0316
0.0316
0.0316
0.0316
0.0316
0.0316
0.0316
0.0316
0.0316
0.0316
0.0316
0.0316
0.0316
0.0316
0.0316
0.0316
0.0316
0.0316
0.0316
0.0316
0.0316
0.0316
0.0316
0.0316
0.0316
0.0316
0.0316
0.0316
0.0316
0.0316
0.0316
0.0316
0.0316
0.0316
0.0316
0.0316
0.0316
0.0316
0.0316
0.0316
0.0316
0.0316
0.0316
0.0316
0.0316
0.0316
0.0316
0.0316
0.0316
0.0316
0.0316
0.0316
0.0316
0.0316
0.0316
0.0316
0.0316
0.0316
0.0316
0.0316
0.0316
0.0316
0.0316
0.0316
0.0316
0.0316
0.0316
0.0316
0.0316
0.0316
0.0316
0.0316
0.0316
0.0316
0.0316
0.0316
0.0316
0.0316
0.0316
0.0316
0.0316
0.0316
0.0316
0.0316
0.0316
0.0316
0.0316
0.0316
0.0316
0.0316
0.0316
0.0316
0.0316
0.0316
0.0316
0.0316
0.0316
0.0316
0.0316
0.0316
0.0316
0.0316
0.0316
0.0316
0.0316
0.0316
0.0316
0.0316
0.0316
0.0316
0.0316
0.0316
0.0316
0.0316
0.0316
0.0316
0.0316
0.0316
0.0316
0.0316
0.0316
0.0316
0.0316
0.0316
0.0316
0.0316
0.0316
0.0316
0.0316
0.0316
0.0316
0.0316
0.0316
0.0316
0.0316
0.0316
0.0316
0.0316
0.0316
0.0316
0.0316
0.0316
0.0316
0.0316
0.0316
0.0316
0.0316
0.0316
0.0316
0.0316
0.0316
0.0316
0.0316
0.0316
0.0316
0.0316
0.0316
0.0316
0.0316
0.0316
0.0316
0.0316
0.0316
0.0316
0.0316
0.0316
0.0316
0.0316
0.0316
0.0316
0.0316
0.0316
0.0316
0.0316
0.0316
0.0316
0.0316
0.0316
0.0316
0.0316
0.0316
0.0316
0.0316
0.0316
0.0316
0.0316
0.0316
0.0316
0.0316
0.0316
0.0316
0.0316
0.0316
0.0316
0.0316
0.0316
0.0316
