0.0316
0.3028
0.3156
0.2976
0.286
0.2668
0.258
0.2448
0.246
0.2436
0.2312
0.2364
0.21
0.2068
0.2032
0.2012
0.1896
0.1864
0.1716
0.1684
0.1576
0.1468
0.1404
0.1424
0.1396
0.1476
0.148
0.148
0.1384
0.1336
0.1416
0.134
0.1348
0.1412
0.1444
0.152
0.1608
0.1636
0.1712
0.1636
0.1776
0.1684
0.1632
0.1628
0.158
0.152
0.1452
0.1392
0.1424
0.146
0.1396
0.1524
0.148
0.148
0.158
0.1608
0.1508
0.1572
0.1612
0.1396
0.1424
0.1316
0.142
0.144
0.1428
0.144
0.1336
0.132
0.132
0.1384
0.152
0.1488
0.1504
0.156
0.1612
0.1628
0.164
0.1656
0.1568
0.1544
0.1572
0.1584
0.1504
0.1572
0.1476
0.1524
0.1488
0.164
0.1496
0.1508
0.1524
0.156
0.1532
0.1524
0.1376
0.152
0.144
0.1524
0.1512
0.1596
0.1492
0.162
0.1532
0.1624
0.1592
0.152
0.1436
0.1528
0.1328
0.134
0.1328
0.1404
0.1352
0.1264
0.1256
0.1128
0.1128
0.112
0.1004
0.0984
0.0936
0.0984
0.0968
0.1
0.0988
0.1008
0.1044
0.116
0.1044
0.1084
0.1064
0.1104
0.1136
0.118
0.1204
0.112
0.1208
0.1216
0.1248
0.1236
0.1132
0.1144
0.1248
0.1148
0.1336
0.128
0.132
0.1172
0.1144
0.1132
0.1128
0.1088
0.106
0.1128
0.0952
0.0976
0.0908
0.0792
0.0848
0.0784
0.074
0.0764
0.0692
0.0724
0.0704
0.0756
0.0864
0.082
0.094
0.0832
0.0932
0.0904
0.0856
0.088
0.0916
0.1004
0.1036
0.1004
0.1036
0.0844
0.082
0.084
0.0872
0.0812
0.08
0.084
0.0784
0.0804
0.08
0.084
0.0888
0.0904
0.0908
0.0912
0.0888
0.0972
0.0884
0.0928
0.0856
0.0824
0.0812
0.074
0.078
0.0732
0.0724
0.074
0.0732
0.0776
0.082
0.0776
0.0752
0.0788
0.076
0.0788
0.0796
0.0716
0.078
0.0736
0.0736
0.0664
0.0672
0.0608
0.0608
0.064
0.0652
0.07
0.0672
0.0616
0.0612
0.0628
0.0672
0.0704
0.0652
0.0648
0.064
0.0676
0.0608
0.0644
0.058
0.054
0.0572
0.0552
0.0572
0.0564
0.0584
0.0564
0.0556
0.0568
0.0508
0.0548
0.0512
0.06
0.0548
0.0548
0.0516
0.0552
0.0472
0.05
0.0476
0.0516
0.0456
0.0472
0.0468
0.0456
0.052
0.0432
0.048
0.042
0.0412
0.042
0.0444
0.0428
0.0424
0.0464
0.0452
0.0496
0.0496
0.0512
0.0496
0.0504
0.0476
0.046
0.0424
0.0444
0.0448
0.0492
0.0488
0.0536
0.0488
0.0508
0.044
0.044
0.0396
0.0404
0.0396
0.04
0.042
0.0432
0.0468
0.0468
0.046
0.052
0.048
0.0536
0.0468
0.0512
0.0472
0.0484
0.0492
0.0472
0.0456
0.0468
0.0452
0.0444
0.0432
0.0412
0.04
0.038
0.0388
0.0376
0.0404
0.0396
0.0432
0.0404
0.0388
0.0388
0.0412
0.038
0.0428
0.0404
0.0452
0.0448
0.0432
0.0452
0.046
0.0488
0.0496
0.0508
0.0536
0.0496
0.0468
0.046
0.0516
0.0456
0.0472
0.0468
0.0504
0.054
0.0524
0.0588
0.0508
0.0504
0.0472
0.0452
0.046
0.0456
0.0472
0.0468
0.0492
0.0472
0.0512
0.0488
0.0528
0.0488
0.052
0.052
0.0544
0.058
0.056
0.0548
0.0584
0.06
0.0604
0.0592
0.0616
0.0576
0.0608
0.0564
0.0568
0.0564
0.0584
0.0608
0.0612
0.06
0.0616
0.0608
0.0556
0.056
0.0568
0.0592
0.0572
0.0588
0.0592
0.056
0.056
0.0552
0.0524
0.0536
0.0512
0.046
0.046
0.046
0.0512
0.0508
0.05
0.0472
0.0488
0.0512
0.0452
0.042
0.0408
0.044
0.0424
0.0452
0.0416
0.0496
0.0432
0.0444
0.046
0.0428
0.0436
0.042
0.0476
0.044
0.0448
0.0412
0.0428
0.0396
0.0412
0.038
0.0392
0.0408
0.0404
0.0396
0.038
0.0388
0.038
0.0408
0.04
0.0412
0.04
0.0416
0.0356
0.0352
0.0336
0.0332
0.0308
0.0324
0.0332
0.0328
0.0352
0.0336
0.0348
0.0348
0.034
0.0368
0.0356
0.036
0.036
0.038
0.034
0.0364
0.0352
0.0388
0.0324
0.032
0.032
0.0328
0.0344
0.0352
0.038
0.0404
0.0388
0.038
0.0424
0.0372
0.0364
0.0352
0.0404
0.0352
0.038
0.0364
0.038
0.0404
0.044
0.0452
0.0428
0.0468
0.0508
0.0492
0.042
0.0408
0.0388
0.0424
0.0396
0.0388
0.0396
0.0432
0.0408
0.0428
0.0432
0.0472
0.0432
0.0456
0.048
0.0436
0.0436
0.0432
0.0424
0.0432
0.0388
0.0404
0.042
0.0376
0.0436
0.038
0.0452
0.0428
0.0452
0.0496
0.0508
0.056
0.0564
0.0544
0.0528
0.048
0.0568
0.0512
0.0584
0.05
0.048
0.0464
0.0496
0.0512
0.0516
0.054
0.05
0.0528
0.054
0.0556
0.0556
0.0552
0.0616
0.0636
0.06
0.07
0.0588
0.0624
0.0608
0.064
0.0648
0.0716
0.0744
0.0716
0.0776
0.0684
0.0548
0.05
0.0508
0.0488
0.0456
0.0472
0.042
0.0432
0.0368
0.0372
0.0376
0.0388
0.0404
0.044
0.042
0.046
0.0484
0.0392
0.0424
0.0404
0.0444
0.0396
0.0444
0.0432
0.0456
0.0416
0.0392
0.0404
0.04
0.042
0.0436
0.0424
0.0448
0.0408
0.0428
0.0388
0.0384
0.0388
0.0396
0.0376
0.0396
0.038
0.0428
0.0432
0.0376
0.04
0.0372
0.0384
0.0356
0.0376
0.0392
0.0388
0.0384
0.0392
0.0372
0.0384
0.0404
0.0428
0.0392
0.0364
0.04
0.0372
0.0392
0.0376
0.0364
0.0372
0.0356
0.0364
0.0352
0.0352
0.0384
0.0384
0.0376
0.0428
0.0404
0.044
0.0432
0.0408
0.0412
0.036
0.038
0.034
0.0332
0.0328
0.0312
0.0312
0.03
0.0312
0.0292
0.0292
0.0292
0.0304
0.0316
0.0324
0.0304
0.03
0.0324
0.0292
0.0284
0.0288
0.0304
0.0292
0.0328
0.03
0.0316
0.0308
0.034
0.0344
0.0344
0.0372
0.0372
0.036
0.0408
0.0372
0.0412
0.0384
0.0352
0.0348
0.0336
0.036
0.0384
0.0376
0.0352
0.032
0.0312
0.0332
0.0316
0.0324
0.0328
0.0324
0.0352
0.0352
0.0392
0.036
0.04
0.0376
0.0408
0.036
0.0384
0.038
0.0424
0.044
0.0428
0.0476
0.0468
0.0436
0.0412
0.048
0.04
0.0388
0.0364
0.0372
0.0404
0.038
0.0368
0.0372
0.0396
0.04
0.0464
0.0404
0.0404
0.0412
0.0444
0.044
0.0452
0.0484
0.0436
0.0468
0.0468
0.0492
0.0512
0.056
0.054
0.0596
0.0588
0.0576
0.0572
0.0588
0.0568
0.0596
0.06
0.0604
0.0576
0.0608
0.0584
0.0668
0.0632
0.0672
0.0696
0.0708
0.0724
0.0716
0.0708
0.0796
0.0732
0.0708
0.0724
0.07
0.072
0.072
0.07
0.0708
0.0692
0.0608
0.062
0.0612
0.0616
0.0612
0.0604
0.0608
0.0568
0.0568
0.0592
0.0592
0.06
0.0632
0.056
0.0636
0.0576
0.0564
0.0608
0.0636
0.062
0.066
0.0712
0.0692
0.0732
0.0736
0.07
0.0748
0.066
0.0624
0.0636
0.068
0.0672
0.0676
0.0644
0.0692
0.0664
0.0692
0.07
0.0632
0.0692
0.0736
0.0816
0.0792
0.0816
0.0824
0.084
0.0936
0.0932
0.1004
0.092
0.0944
0.0912
0.0884
0.0924
0.0896
0.0968
0.0944
0.1004
0.0996
0.1076
0.1124
0.1064
0.1124
0.108
0.108
0.1028
0.1128
0.0964
0.0976
0.1056
0.112
0.116
0.1152
0.1092
0.1108
0.1184
0.1044
0.1048
0.1032
0.1036
0.108
0.1036
0.0988
0.098
0.1024
0.0944
0.1028
0.106
0.1176
0.1148
0.0988
0.1024
0.096
0.0956
0.104
0.1044
0.1092
0.1024
0.0996
0.0988
0.0892
0.1004
0.098
0.1
0.1044
0.1024
0.0928
0.0932
0.0892
0.094
0.0912
0.0872
0.0856
0.0872
0.0856
0.0824
0.0828
0.082
0.08
0.0828
0.08
0.0848
0.0888
0.0888
0.088
0.1
0.0904
0.0892
0.098
0.0956
0.096
0.0872
0.0912
0.0824
0.0908
0.088
0.0968
0.0984
0.1004
0.0968
0.0876
0.0888
0.0912
0.0892
0.0844
0.0888
0.0896
0.0892
0.0828
0.0836
0.088
0.0936
0.0868
0.084
0.0844
0.0808
0.0832
0.076
0.082
0.078
0.0756
0.0748
0.0704
0.072
0.0756
0.0832
0.0752
0.0732
0.0744
0.0748
0.0772
0.0764
0.0772
0.0768
0.082
0.0868
0.0848
0.0864
0.0872
0.0868
0.0844
0.0832
0.0856
0.092
0.102
0.1044
0.1036
0.0992
0.1112
0.1052
0.1152
0.108
0.1124
0.1028
0.104
0.102
0.1052
0.1032
0.098
0.098
0.0944
0.0948
0.094
0.1028
0.0976
0.0936
0.0988
0.0936
0.0944
0.0956
0.0936
0.088
0.094
0.0996
0.1032
0.1008
0.1052
0.098
0.092
0.0948
0.0904
0.0968
0.0916
0.0924
0.0972
0.0928
0.0888
0.0924
0.0896
0.0788
0.0896
0.0888
0.0844
0.0916
0.0852
0.0888
0.0796
0.0748
0.0828
0.0712
0.0712
0.0668
