0.068
0.2896
0.3276
0.2832
0.2784
0.2488
0.2504
0.2396
0.2272
0.228
0.2292
0.2148
0.2172
0.2228
0.2144
0.2136
0.2096
0.2088
0.216
0.1956
0.1964
0.1844
0.1852
0.1756
0.1784
0.1744
0.1692
0.1604
0.1868
0.17
0.1896
0.1812
0.1792
0.164
0.1592
0.1672
0.1588
0.1496
0.1476
0.156
0.1456
0.1564
0.1552
0.1484
0.148
0.1488
0.138
0.1452
0.1432
0.1488
0.1404
0.1388
0.1344
0.1348
0.1284
0.1328
0.1272
0.1328
0.1348
0.1384
0.128
0.1408
0.1152
0.1196
0.12
0.1224
0.1276
0.134
0.1192
0.1232
0.124
0.1276
0.1276
0.1248
0.134
0.1468
0.134
0.1588
0.1472
0.1572
0.138
0.1308
0.1276
0.1208
0.1388
0.1312
0.1284
0.1316
0.1276
0.13
0.1256
0.1164
0.122
0.134
0.1144
0.126
0.1136
0.1192
0.1144
0.1132
0.108
0.1044
0.1092
0.106
0.1024
0.1056
0.104
0.1112
0.0996
0.1084
0.1112
0.1048
0.1132
0.112
0.11
0.1124
0.1068
0.108
0.1024
0.096
0.0968
0.0924
0.0992
0.0824
0.0872
0.0748
0.0728
0.0752
0.0852
0.0848
0.0876
0.0904
0.0948
0.104
0.0964
0.1024
0.1084
0.1036
0.1036
0.1072
0.1056
0.104
0.1044
0.1044
0.1004
0.096
0.0968
0.102
0.086
0.0852
0.0796
0.09
0.0892
0.0812
0.08
0.082
0.0816
0.0788
0.0876
0.086
0.0652
0.0724
0.0724
0.0776
0.076
0.0776
0.0916
0.0876
0.0844
0.0852
0.0856
0.088
0.0872
0.088
0.0856
0.0852
0.1008
0.0868
0.0936
0.0996
0.094
0.1012
0.0968
0.1068
0.102
0.0964
0.088
0.096
0.0884
0.0936
0.0948
0.0972
0.0964
0.1044
0.1116
0.1092
0.1116
0.112
0.1252
0.126
0.1364
0.1464
0.144
0.1496
0.1296
0.1308
0.1312
0.1204
0.1232
0.128
0.1188
0.1192
0.1064
0.1008
0.1084
0.1052
0.1108
0.1028
0.1076
0.096
0.0944
0.0936
0.09
0.0908
0.0896
0.102
0.0944
0.1028
0.0996
0.1048
0.108
0.114
0.1116
0.1264
0.118
0.1124
0.106
0.1016
0.1128
0.1124
0.108
0.1068
0.1156
0.1012
0.1
0.0888
0.0968
0.0832
0.0888
0.0796
0.084
0.092
0.0856
0.0876
0.0792
0.0872
0.0808
0.0868
0.0804
0.0768
0.0776
0.0808
0.0784
0.0816
0.0788
0.0704
0.0768
0.0764
0.0748
0.0772
0.0784
0.0844
0.0864
0.082
0.0892
0.0824
0.082
0.08
0.0828
0.0836
0.0848
0.0908
0.0828
0.0936
0.0848
0.0936
0.094
0.1036
0.0972
0.098
0.098
0.1016
0.1056
0.1144
0.1116
0.1032
0.1152
0.1072
0.1092
0.1068
0.1148
0.1076
0.108
0.1004
0.104
0.094
0.0936
0.0932
0.0948
0.0884
0.0964
0.0956
0.0944
0.0908
0.092
0.094
0.0984
0.1048
0.1016
0.102
0.1024
0.0928
0.1064
0.0924
0.1052
0.098
0.0948
0.0924
0.1004
0.0948
0.108
0.1024
0.1056
0.1144
0.1188
0.1216
0.1244
0.118
0.1224
0.1164
0.1188
0.1164
0.1276
0.1248
0.1256
0.1272
0.1368
0.1444
0.1248
0.1296
0.122
0.1172
0.114
0.112
0.1092
0.0996
0.0912
0.0968
0.0848
0.0852
0.0812
0.094
0.09
0.0912
0.1024
0.0928
0.094
0.0976
0.1016
0.0988
0.0988
0.0868
0.0784
0.0828
0.0872
0.0848
0.0912
0.0908
0.0948
0.0988
0.0952
0.0832
0.0776
0.082
0.078
0.0824
0.0816
0.0768
0.0768
0.0704
0.068
0.0652
0.0652
0.064
0.0652
0.0684
0.0752
0.0688
0.0696
0.0684
0.0696
0.0716
0.0732
0.0652
0.0648
0.0688
0.0704
0.07
0.0712
0.07
0.0756
0.072
0.07
0.0688
0.0764
0.0724
0.0748
0.0708
0.0672
0.066
0.062
0.062
0.0592
0.0628
0.0596
0.064
0.0632
0.0556
0.0572
0.0552
0.0548
0.0524
0.054
0.0496
0.052
0.0488
0.048
0.042
0.0464
0.0472
0.0504
0.0512
0.0576
0.0564
0.0584
0.0564
0.0624
0.0608
0.064
0.0684
0.0692
0.0728
0.0772
0.0836
0.0768
0.078
0.0768
0.0728
0.0708
0.0756
0.0672
0.0596
0.0608
0.0564
0.0508
0.058
0.0532
0.0612
0.0568
0.058
0.0652
0.0644
0.0636
0.0608
0.0564
0.0596
0.0576
0.0544
0.0548
0.0632
0.0596
0.0636
0.0612
0.0616
0.0616
0.0616
0.0588
0.064
0.0632
0.0668
0.0688
0.068
0.0628
0.0676
0.0696
0.066
0.07
0.0724
0.0768
0.0712
0.0848
0.064
0.072
0.054
0.058
0.0472
0.0524
0.048
0.048
0.0476
0.0456
0.0468
0.044
0.0508
0.0456
0.048
0.05
0.0532
0.0552
0.0544
0.0572
0.0604
0.0636
0.0552
0.0608
0.0596
0.0672
0.0584
0.054
0.058
0.0624
0.058
0.0636
0.0544
0.0524
0.0528
0.056
0.0576
0.0568
0.0664
0.056
0.0584
0.0656
0.0656
0.0644
0.0672
0.0656
0.0692
0.0652
0.0656
0.0712
0.0604
0.0656
0.0648
0.0628
0.0568
0.058
0.0584
0.0552
0.0512
0.0508
0.0484
0.052
0.0484
0.0556
0.052
0.0604
0.0584
0.0668
0.0688
0.0708
0.0664
0.0704
0.064
0.0688
0.0596
0.0592
0.0592
0.0568
0.0604
0.062
0.0628
0.0592
0.0612
0.0624
0.0628
0.0648
0.0632
0.0656
0.068
0.0636
0.0732
0.0632
0.0608
0.0564
0.0588
0.0544
0.0604
0.0608
0.0552
0.0532
0.0464
0.0512
0.0464
0.0508
0.0416
0.04
0.0372
0.038
0.0336
0.036
0.036
0.0408
0.0376
0.0404
0.0388
0.044
0.0376
0.04
0.0364
0.0424
0.0452
0.0436
0.0424
0.0448
0.0396
0.0396
0.0428
0.0484
0.048
0.0504
0.0496
0.0552
0.0512
0.0544
0.0524
0.056
0.0496
0.0484
0.0552
0.0528
0.05
0.05
0.052
0.0588
0.0564
0.0576
0.0568
0.06
0.0604
0.062
0.0656
0.0648
0.068
0.0672
0.0632
0.066
0.0676
0.0592
0.0664
0.06
0.068
0.0612
0.0596
0.062
0.0632
0.064
0.0668
0.0616
0.0672
0.0564
0.0592
0.0556
0.054
0.0532
0.0564
0.0544
0.0528
0.0492
0.0496
0.05
0.0452
0.0448
0.0468
0.0456
0.048
0.0516
0.052
0.0584
0.0516
0.0548
0.0588
0.0684
0.0632
0.0712
0.0636
0.0756
0.0608
0.0668
0.0612
0.0724
0.0664
0.0728
0.0688
0.074
0.07
0.0756
0.0744
0.08
0.0788
0.078
0.082
0.0744
0.072
0.074
0.0748
0.0728
0.0784
0.0768
0.0796
0.0756
0.0784
0.0812
0.0776
0.0808
0.086
0.0904
0.0852
0.0848
0.092
0.0904
0.1008
0.0976
0.0836
0.0764
0.0788
0.0796
0.0832
0.0844
0.0788
0.0824
0.076
0.0788
0.0812
0.0792
0.072
0.0772
0.0688
0.0776
0.0728
0.0728
0.068
0.074
0.0768
0.08
0.0788
0.0832
0.088
0.0852
0.08
0.0732
0.0692
0.0668
0.066
0.0552
0.0508
0.054
0.0504
0.0532
0.0472
0.0516
0.05
0.054
0.0548
0.06
0.0616
0.058
0.0612
0.064
0.068
0.064
0.0692
0.0684
0.066
0.0664
0.06
0.0584
0.0516
0.0576
0.0504
0.058
0.0568
0.0628
0.0596
0.0616
0.0624
0.0652
0.0684
0.0648
0.06
0.0616
0.0592
0.0552
0.0548
0.0564
0.0584
0.056
0.0532
0.0548
0.0584
0.0584
0.066
0.0624
0.0688
0.0628
0.064
0.06
0.058
0.0636
0.062
0.064
0.0652
0.0776
0.0708
0.0792
0.078
0.0808
0.0736
0.0832
0.0752
0.0892
0.0728
0.0804
0.0752
0.0776
0.0756
0.0744
0.0704
0.0764
0.0768
0.0736
0.07
0.0688
0.0716
0.0684
0.0776
0.0684
0.0776
0.0728
0.086
0.086
0.0928
0.0948
0.102
0.1076
0.102
0.1088
0.1044
0.102
0.0988
0.094
0.0832
0.0772
0.0796
0.0748
0.0788
0.0732
0.0744
0.0808
0.08
0.0876
0.0756
0.0808
0.0712
0.074
0.0648
0.0604
0.06
0.0628
0.0632
0.0636
0.0668
0.0648
0.0676
0.064
0.062
0.0608
0.0648
0.062
0.0668
0.0596
0.0604
0.0612
0.0668
0.0692
0.0724
0.0624
0.0668
0.068
0.0708
0.0676
0.0696
0.0756
0.0764
0.0696
0.0684
0.0744
0.0712
0.082
0.0808
0.0812
0.0736
0.0752
0.0768
0.078
0.0724
0.0764
0.0792
0.0804
0.0756
0.0776
0.0816
0.0824
0.0844
0.0852
0.0872
0.0904
0.0792
0.0752
0.0788
0.0764
0.0796
0.0732
0.0692
0.0676
0.0744
0.0728
0.0776
0.0744
0.0776
0.0792
0.0824
0.0808
0.0848
0.0844
0.084
0.0892
0.0932
0.0864
0.0888
0.082
0.088
0.0872
0.0888
0.09
0.0844
0.0816
0.0844
0.0808
0.0872
0.0844
0.0828
0.0876
0.0776
0.0804
0.0792
0.0788
0.068
0.066
0.0712
0.0712
0.0732
0.0724
0.07
0.0736
0.0676
0.0644
0.064
0.0656
0.062
0.0648
0.064
0.0672
0.068
0.0652
0.0664
0.0592
0.0632
0.0632
0.0684
0.0648
0.0616
0.0608
0.062
0.058
0.0652
0.0608
0.064
0.0572
0.0592
0.056
