0.0608
0.2968
0.3412
0.2816
0.2596
0.2668
0.2304
0.2328
0.2248
0.218
0.2112
0.2132
0.2036
0.2004
0.1868
0.192
0.1936
0.1904
0.192
0.1808
0.1804
0.18
0.1608
0.15
0.152
0.1444
0.1444
0.1456
0.1372
0.1416
0.1356
0.1408
0.1468
0.1388
0.1404
0.1564
0.138
0.14
0.1284
0.126
0.1292
0.1296
0.1124
0.1152
0.1152
0.1164
0.1136
0.1204
0.1272
0.1276
0.1332
0.118
0.1116
0.114
0.116
0.114
0.1004
0.0948
0.0868
0.0932
0.0892
0.0964
0.098
0.0984
0.0984
0.0968
0.0908
0.1024
0.0944
0.0976
0.0972
0.102
0.1032
0.0976
0.1032
0.0948
0.094
0.0924
0.0964
0.0952
0.0984
0.0912
0.0996
0.0952
0.0928
0.0952
0.086
0.0812
0.0828
0.0844
0.0824
0.078
0.0772
0.0796
0.0788
0.0736
0.0808
0.0804
0.0804
0.0808
0.0844
0.0888
0.092
0.1012
0.094
0.1016
0.094
0.1
0.09
0.0888
0.0956
0.094
0.0936
0.094
0.09
0.0896
0.0936
0.0888
0.09
0.0916
0.0896
0.096
0.0852
0.0968
0.0968
0.106
0.0844
0.0808
0.0772
0.0848
0.0852
0.0888
0.0888
0.0808
0.082
0.0828
0.0832
0.0768
0.0772
0.0772
0.0768
0.0768
0.0796
0.0756
0.0732
0.07
0.0712
0.068
0.072
0.0704
0.0684
0.07
0.0636
0.064
0.0628
0.058
0.0616
0.06
0.0596
0.0636
0.0612
0.0596
0.0588
0.0608
0.0596
0.0612
0.0568
0.056
0.0552
0.0568
0.0544
0.0528
0.05
0.0524
0.0516
0.0516
0.0544
0.0524
0.0552
0.0564
0.0552
0.0608
0.0608
0.0604
0.0584
0.058
0.06
0.062
0.0664
0.0608
0.0576
0.0556
0.0568
0.0572
0.0564
0.0572
0.0604
0.0552
0.0528
0.0544
0.0516
0.0552
0.0484
0.0504
0.0528
0.0544
0.0584
0.0576
0.062
0.0552
0.0524
0.0564
0.0528
0.0556
0.0548
0.0604
0.0556
0.0548
0.054
0.0568
0.0548
0.0572
0.0544
0.0536
0.0532
0.0568
0.0512
0.0548
0.0516
0.0496
0.0528
0.0536
0.0532
0.0516
0.0572
0.0544
0.0512
0.0544
0.0544
0.0544
0.0552
0.0544
0.052
0.0536
0.0512
0.0528
0.0528
0.0564
0.054
0.0568
0.0564
0.0548
0.0592
0.058
0.0548
0.0572
0.0524
0.0532
0.0508
0.0532
0.0524
0.0548
0.0572
0.0588
0.0548
0.056
0.0544
0.0552
0.052
0.0512
0.0492
0.0484
0.0504
0.048
0.0476
0.0472
0.0484
0.0492
0.0508
0.0524
0.0528
0.0488
0.0492
0.048
0.0504
0.0472
0.0472
0.0452
0.044
0.0428
0.0432
0.0432
0.0432
0.0432
0.0432
0.0432
0.0432
0.0432
0.0432
0.0432
0.0432
0.0432
0.0432
0.0432
0.0432
0.0432
0.0432
0.0432
0.0432
0.0432
0.0432
0.0432
0.0432
0.0432
0.0432
0.0432
0.0432
0.0432
0.0432
0.0432
0.0432
0.0432
0.0432
0.0432
0.0432
0.0432
0.0432
0.0432
0.0432
0.0432
0.0432
0.0432
0.0432
0.0432
0.0432
0.0432
0.0432
0.0432
0.0432
0.0432
0.0432
0.0432
0.0432
0.0432
0.0432
0.0432
0.0432
0.0432
0.0432
0.0432
0.0432
0.0432
0.0432
0.0432
0.0432
0.0432
0.0432
0.0432
0.0432
0.0432
0.0432
0.0432
0.0432
0.0432
0.0432
0.0432
0.0432
0.0432
0.0432
0.0432
0.0432
0.0432
0.0432
0.0432
0.0432
0.0432
0.0432
0.0432
0.0432
0.0432
0.0432
0.0432
0.0432
0.0432
0.0432
0.0432
0.0432
0.0432
0.0432
0.0432
0.0432
0.0432
0.0432
0.0432
0.0432
0.0432
0.0432
0.0432
0.0432
0.0432
0.0432
0.0432
0.0432
0.0432
0.0432
0.0432
0.0432
0.0432
0.0432
0.0432
0.0432
0.0432
0.0432
0.0432
0.0432
0.0432
0.0432
0.0432
0.0432
0.0432
0.0432
0.0432
0.0432
0.0432
0.0432
0.0432
0.0432
0.0432
0.0432
0.0432
0.0432
0.0432
0.0432
0.0432
0.0432
0.0432
0.0432
0.0432
0.0432
0.0432
0.0432
0.0432
0.0432
0.0432
0.0432
0.0432
0.0432
0.0432
0.0432
0.0432
0.0432
0.0432
0.0432
0.0432
0.0432
0.0432
0.0432
0.0432
0.0432
0.0432
0.0432
0.0432
0.0432
0.0432
0.0432
0.0432
0.0432
0.0432
0.0432
0.0432
0.0432
0.0432
0.0432
0.0432
0.0432
0.0432
0.0432
0.0432
0.0432
0.0432
0.0432
0.0432
0.0432
0.0432
0.0432
0.0432
0.0432
0.0432
0.0432
0.0432
0.0432
0.0432
0.0432
0.0432
0.0432
0.0432
0.0432
0.0432
0.0432
0.0432
0.0432
0.0432
0.0432
0.0432
0.0432
0.0432
0.0432
0.0432
0.0432
0.0432
0.0432
0.0432
0.0432
0.0432
0.0432
0.0432
0.0432
0.0432
0.0432
0.0432
0.0432
0.0432
0.0432
0.0432
0.0432
0.0432
0.0432
0.0432
0.0432
0.0432
0.0432
0.0432
0.0432
0.0432
0.0432
0.0432
0.0432
0.0432
0.0432
0.0432
0.0432
0.0432
0.0432
0.0432
0.0432
0.0432
0.0432
0.0432
0.0432
0.0432
0.0432
0.0432
0.0432
0.0432
0.0432
0.0432
0.0432
0.0432
0.0432
0.0432
0.0432
0.0432
0.0432
0.0432
0.0432
0.0432
0.0432
0.0432
0.0432
0.0432
0.0432
0.0432
0.0432
0.0432
0.0432
0.0432
0.0432
0.0432
0.0432
0.0432
0.0432
0.0432
0.0432
0.0432
0.0432
0.0432
0.0432
0.0432
0.0432
0.0432
0.0432
0.0432
0.0432
0.0432
0.0432
0.0432
0.0432
0.0432
0.0432
0.0432
0.0432
0.0432
0.0432
0.0432
0.0432
0.0432
0.0432
0.0432
0.0432
0.0432
0.0432
0.0432
0.0432
0.0432
0.0432
0.0432
0.0432
0.0432
0.0432
0.0432
0.0432
0.0432
0.0432
0.0432
0.0432
0.0432
0.0432
0.0432
0.0432
0.0432
0.0432
0.0432
0.0432
0.0432
0.0432
0.0432
0.0432
0.0432
0.0432
0.0432
0.0432
0.0432
0.0432
0.0432
0.0432
0.0432
0.0432
0.0432
0.0432
0.0432
0.0432
0.0432
0.0432
0.0432
0.0432
0.0432
0.0432
0.0432
0.0432
0.0432
0.0432
0.0432
0.0432
0.0432
0.0432
0.0432
0.0432
0.0432
0.0432
0.0432
0.0432
0.0432
0.0432
0.0432
0.0432
0.0432
0.0432
0.0432
0.0432
0.0432
0.0432
0.0432
0.0432
0.0432
0.0432
0.0432
0.0432
0.0432
0.0432
0.0432
0.0432
0.0432
0.0432
0.0432
0.0432
0.0432
0.0432
0.0432
0.0432
0.0432
0.0432
0.0432
0.0432
0.0432
0.0432
0.0432
0.0432
0.0432
0.0432
0.0432
0.0432
0.0432
0.0432
0.0432
0.0432
0.0432
0.0432
0.0432
0.0432
0.0432
0.0432
0.0432
0.0432
0.0432
0.0432
0.0432
0.0432
0.0432
0.0432
0.0432
0.0432
0.0432
0.0432
0.0432
0.0432
0.0432
0.0432
0.0432
0.0432
0.0432
0.0432
0.0432
0.0432
0.0432
0.0432
0.0432
0.0432
0.0432
0.0432
0.0432
0.0432
0.0432
0.0432
0.0432
0.0432
0.0432
0.0432
0.0432
0.0432
0.0432
0.0432
0.0432
0.0432
0.0432
0.0432
0.0432
0.0432
0.0432
0.0432
0.0432
0.0432
0.0432
0.0432
0.0432
0.0432
0.0432
0.0432
0.0432
0.0432
0.0432
0.0432
0.0432
0.0432
0.0432
0.0432
0.0432
0.0432
0.0432
0.0432
0.0432
0.0432
0.0432
0.0432
0.0432
0.0432
0.0432
0.0432
0.0432
0.0432
0.0432
0.0432
0.0432
0.0432
0.0432
0.0432
0.0432
0.0432
0.0432
0.0432
0.0432
0.0432
0.0432
0.0432
0.0432
0.0432
0.0432
0.0432
0.0432
0.0432
0.0432
0.0432
0.0432
0.0432
0.0432
0.0432
0.0432
0.0432
0.0432
0.0432
0.0432
0.0432
0.0432
0.0432
0.0432
0.0432
0.0432
0.0432
0.0432
0.0432
0.0432
0.0432
0.0432
0.0432
0.0432
0.0432
0.0432
0.0432
0.0432
0.0432
0.0432
0.0432
0.0432
0.0432
0.0432
0.0432
0.0432
0.0432
0.0432
0.0432
0.0432
0.0432
0.0432
0.0432
0.0432
0.0432
0.0432
0.0432
0.0432
0.0432
0.0432
0.0432
0.0432
0.0432
0.0432
0.0432
0.0432
0.0432
0.0432
0.0432
0.0432
0.0432
0.0432
0.0432
0.0432
0.0432
0.0432
0.0432
0.0432
0.0432
0.0432
0.0432
0.0432
0.0432
0.0432
0.0432
0.0432
0.0432
0.0432
0.0432
0.0432
0.0432
0.0432
0.0432
0.0432
0.0432
0.0432
0.0432
0.0432
0.0432
0.0432
0.0432
0.0432
0.0432
0.0432
0.0432
0.0432
0.0432
0.0432
0.0432
0.0432
0.0432
0.0432
0.0432
0.0432
0.0432
0.0432
0.0432
0.0432
0.0432
0.0432
0.0432
0.0432
0.0432
0.0432
0.0432
0.0432
0.0432
0.0432
0.0432
0.0432
0.0432
0.0432
0.0432
0.0432
0.0432
0.0432
0.0432
0.0432
0.0432
0.0432
0.0432
0.0432
0.0432
0.0432
0.0432
0.0432
0.0432
0.0432
0.0432
0.0432
0.0432
0.0432
0.0432
0.0432
0.0432
0.0432
0.0432
0.0432
0.0432
0.0432
0.0432
0.0432
0.0432
0.0432
0.0432
0.0432
0.0432
0.0432
0.0432
0.0432
0.0432
0.0432
0.0432
0.0432
0.0432
0.0432
0.0432
0.0432
0.0432
0.0432
0.0432
0.0432
0.0432
0.0432
0.0432
0.0432
0.0432
0.0432
0.0432
0.0432
0.0432
