0.0432
0.3144
0.3572
0.276
0.2828
0.274
0.27
0.2664
0.2544
0.2428
0.2384
0.2564
0.2396
0.24
0.232
0.2276
0.2112
0.2232
0.2032
0.2008
0.1952
0.1876
0.1896
0.1832
0.1856
0.1796
0.1804
0.1708
0.1696
0.1664
0.1768
0.162
0.1668
0.1576
0.1504
0.1572
0.1564
0.1644
0.1652
0.156
0.1588
0.1476
0.1408
0.1352
0.1308
0.126
0.1176
0.1072
0.1148
0.1068
0.106
0.1004
0.0952
0.1032
0.1016
0.0972
0.1076
0.1132
0.116
0.112
0.1168
0.1224
0.1304
0.1344
0.1232
0.1224
0.1292
0.1292
0.1256
0.1284
0.1348
0.1216
0.13
0.1212
0.1156
0.1164
0.1112
0.1172
0.0928
0.1016
0.096
0.0928
0.104
0.0948
0.102
0.0996
0.094
0.0964
0.0884
0.0928
0.0936
0.0888
0.0932
0.082
0.0892
0.0824
0.0904
0.086
0.078
0.0848
0.0756
0.0728
0.0728
0.076
0.0832
0.078
0.0824
0.0836
0.0912
0.0796
0.0972
0.0892
0.0972
0.0856
0.0892
0.0828
0.0756
0.0928
0.0764
0.0864
0.0808
0.086
0.082
0.0796
0.0768
0.0848
0.0792
0.0764
0.0748
0.074
0.0792
0.0852
0.0796
0.0784
0.084
0.0852
0.084
0.09
0.0808
0.0752
0.0752
0.0748
0.078
0.0792
0.0912
0.0804
0.0752
0.0692
0.062
0.0644
0.0652
0.064
0.058
0.0524
0.0536
0.0436
0.0364
0.0332
0.0336
0.0316
0.0312
0.03
0.0324
0.0296
0.03
0.03
0.028
0.0284
0.028
0.0308
0.032
0.0352
0.0332
0.032
0.034
0.034
0.032
0.0332
0.0308
0.0332
0.0304
0.0308
0.03
0.0312
0.0304
0.0308
0.03
0.0296
0.0292
0.0292
0.03
0.0288
0.028
0.028
0.0276
0.0276
0.0284
0.0276
0.0272
0.026
0.0248
0.0248
0.0248
0.0248
0.0248
0.0248
0.0248
0.0248
0.0248
0.0248
0.0248
0.0248
0.0248
0.0248
0.0248
0.0248
0.0248
0.0248
0.0248
0.0248
0.0248
0.0248
0.0248
0.0248
0.0248
0.0248
0.0248
0.0248
0.0248
0.0248
0.0248
0.0248
0.0248
0.0248
0.0248
0.0248
0.0248
0.0248
0.0248
0.0248
0.0248
0.0248
0.0248
0.0248
0.0248
0.0248
0.0248
0.0248
0.0248
0.0248
0.0248
0.0248
0.0248
0.0248
0.0248
0.0248
0.0248
0.0248
0.0248
0.0248
0.0248
0.0248
0.0248
0.0248
0.0248
0.0248
0.0248
0.0248
0.0248
0.0248
0.0248
0.0248
0.0248
0.0248
0.0248
0.0248
0.0248
0.0248
0.0248
0.0248
0.0248
0.0248
0.0248
0.0248
0.0248
0.0248
0.0248
0.0248
0.0248
0.0248
0.0248
0.0248
0.0248
0.0248
0.0248
0.0248
0.0248
0.0248
0.0248
0.0248
0.0248
0.0248
0.0248
0.0248
0.0248
0.0248
0.0248
0.0248
0.0248
0.0248
0.0248
0.0248
0.0248
0.0248
0.0248
0.0248
0.0248
0.0248
0.0248
0.0248
0.0248
0.0248
0.0248
0.0248
0.0248
0.0248
0.0248
0.0248
0.0248
0.0248
0.0248
0.0248
0.0248
0.0248
0.0248
0.0248
0.0248
0.0248
0.0248
0.0248
0.0248
0.0248
0.0248
0.0248
0.0248
0.0248
0.0248
0.0248
0.0248
0.0248
0.0248
0.0248
0.0248
0.0248
0.0248
0.0248
0.0248
0.0248
0.0248
0.0248
0.0248
0.0248
0.0248
0.0248
0.0248
0.0248
0.0248
0.0248
0.0248
0.0248
0.0248
0.0248
0.0248
0.0248
0.0248
0.0248
0.0248
0.0248
0.0248
0.0248
0.0248
0.0248
0.0248
0.0248
0.0248
0.0248
0.0248
0.0248
0.0248
0.0248
0.0248
0.0248
0.0248
0.0248
0.0248
0.0248
0.0248
0.0248
0.0248
0.0248
0.0248
0.0248
0.0248
0.0248
0.0248
0.0248
0.0248
0.0248
0.0248
0.0248
0.0248
0.0248
0.0248
0.0248
0.0248
0.0248
0.0248
0.0248
0.0248
0.0248
0.0248
0.0248
0.0248
0.0248
0.0248
0.0248
0.0248
0.0248
0.0248
0.0248
0.0248
0.0248
0.0248
0.0248
0.0248
0.0248
0.0248
0.0248
0.0248
0.0248
0.0248
0.0248
0.0248
0.0248
0.0248
0.0248
0.0248
0.0248
0.0248
0.0248
0.0248
0.0248
0.0248
0.0248
0.0248
0.0248
0.0248
0.0248
0.0248
0.0248
0.0248
0.0248
0.0248
0.0248
0.0248
0.0248
0.0248
0.0248
0.0248
0.0248
0.0248
0.0248
0.0248
0.0248
0.0248
0.0248
0.0248
0.0248
0.0248
0.0248
0.0248
0.0248
0.0248
0.0248
0.0248
0.0248
0.0248
0.0248
0.0248
0.0248
0.0248
0.0248
0.0248
0.0248
0.0248
0.0248
0.0248
0.0248
0.0248
0.0248
0.0248
0.0248
0.0248
0.0248
0.0248
0.0248
0.0248
0.0248
0.0248
0.0248
0.0248
0.0248
0.0248
0.0248
0.0248
0.0248
0.0248
0.0248
0.0248
0.0248
0.0248
0.0248
0.0248
0.0248
0.0248
0.0248
0.0248
0.0248
0.0248
0.0248
0.0248
0.0248
0.0248
0.0248
0.0248
0.0248
0.0248
0.0248
0.0248
0.0248
0.0248
0.0248
0.0248
0.0248
0.0248
0.0248
0.0248
0.0248
0.0248
0.0248
0.0248
0.0248
0.0248
0.0248
0.0248
0.0248
0.0248
0.0248
0.0248
0.0248
0.0248
0.0248
0.0248
0.0248
0.0248
0.0248
0.0248
0.0248
0.0248
0.0248
0.0248
0.0248
0.0248
0.0248
0.0248
0.0248
0.0248
0.0248
0.0248
0.0248
0.0248
0.0248
0.0248
0.0248
0.0248
0.0248
0.0248
0.0248
0.0248
0.0248
0.0248
0.0248
0.0248
0.0248
0.0248
0.0248
0.0248
0.0248
0.0248
0.0248
0.0248
0.0248
0.0248
0.0248
0.0248
0.0248
0.0248
0.0248
0.0248
0.0248
0.0248
0.0248
0.0248
0.0248
0.0248
0.0248
0.0248
0.0248
0.0248
0.0248
0.0248
0.0248
0.0248
0.0248
0.0248
0.0248
0.0248
0.0248
0.0248
0.0248
0.0248
0.0248
0.0248
0.0248
0.0248
0.0248
0.0248
0.0248
0.0248
0.0248
0.0248
0.0248
0.0248
0.0248
0.0248
0.0248
0.0248
0.0248
0.0248
0.0248
0.0248
0.0248
0.0248
0.0248
0.0248
0.0248
0.0248
0.0248
0.0248
0.0248
0.0248
0.0248
0.0248
0.0248
0.0248
0.0248
0.0248
0.0248
0.0248
0.0248
0.0248
0.0248
0.0248
0.0248
0.0248
0.0248
0.0248
0.0248
0.0248
0.0248
0.0248
0.0248
0.0248
0.0248
0.0248
0.0248
0.0248
0.0248
0.0248
0.0248
0.0248
0.0248
0.0248
0.0248
0.0248
0.0248
0.0248
0.0248
0.0248
0.0248
0.0248
0.0248
0.0248
0.0248
0.0248
0.0248
0.0248
0.0248
0.0248
0.0248
0.0248
0.0248
0.0248
0.0248
0.0248
0.0248
0.0248
0.0248
0.0248
0.0248
0.0248
0.0248
0.0248
0.0248
0.0248
0.0248
0.0248
0.0248
0.0248
0.0248
0.0248
0.0248
0.0248
0.0248
0.0248
0.0248
0.0248
0.0248
0.0248
0.0248
0.0248
0.0248
0.0248
0.0248
0.0248
0.0248
0.0248
0.0248
0.0248
0.0248
0.0248
0.0248
0.0248
0.0248
0.0248
0.0248
0.0248
0.0248
0.0248
0.0248
0.0248
0.0248
0.0248
0.0248
0.0248
0.0248
0.0248
0.0248
0.0248
0.0248
0.0248
0.0248
0.0248
0.0248
0.0248
0.0248
0.0248
0.0248
0.0248
0.0248
0.0248
0.0248
0.0248
0.0248
0.0248
0.0248
0.0248
0.0248
0.0248
0.0248
0.0248
0.0248
0.0248
0.0248
0.0248
0.0248
0.0248
0.0248
0.0248
0.0248
0.0248
0.0248
0.0248
0.0248
0.0248
0.0248
0.0248
0.0248
0.0248
0.0248
0.0248
0.0248
0.0248
0.0248
0.0248
0.0248
0.0248
0.0248
0.0248
0.0248
0.0248
0.0248
0.0248
0.0248
0.0248
0.0248
0.0248
0.0248
0.0248
0.0248
0.0248
0.0248
0.0248
0.0248
0.0248
0.0248
0.0248
0.0248
0.0248
0.0248
0.0248
0.0248
0.0248
0.0248
0.0248
0.0248
0.0248
0.0248
0.0248
0.0248
0.0248
0.0248
0.0248
0.0248
0.0248
0.0248
0.0248
0.0248
0.0248
0.0248
0.0248
0.0248
0.0248
0.0248
0.0248
0.0248
0.0248
0.0248
0.0248
0.0248
0.0248
0.0248
0.0248
0.0248
0.0248
0.0248
0.0248
0.0248
0.0248
0.0248
0.0248
0.0248
0.0248
0.0248
0.0248
0.0248
0.0248
0.0248
0.0248
0.0248
0.0248
0.0248
0.0248
0.0248
0.0248
0.0248
0.0248
0.0248
0.0248
0.0248
0.0248
0.0248
0.0248
0.0248
0.0248
0.0248
0.0248
0.0248
0.0248
0.0248
0.0248
0.0248
0.0248
0.0248
0.0248
0.0248
0.0248
0.0248
0.0248
0.0248
0.0248
0.0248
0.0248
0.0248
0.0248
0.0248
0.0248
0.0248
0.0248
0.0248
0.0248
0.0248
0.0248
0.0248
0.0248
0.0248
0.0248
0.0248
0.0248
0.0248
0.0248
0.0248
0.0248
0.0248
0.0248
0.0248
0.0248
0.0248
0.0248
0.0248
0.0248
0.0248
0.0248
0.0248
0.0248
0.0248
0.0248
0.0248
0.0248
0.0248
0.0248
0.0248
0.0248
0.0248
0.0248
0.0248
0.0248
0.0248
0.0248
0.0248
0.0248
0.0248
0.0248
0.0248
0.0248
0.0248
0.0248
0.0248
0.0248
0.0248
0.0248
0.0248
0.0248
0.0248
0.0248
0.0248
0.0248
0.0248
0.0248
0.0248
0.0248
0.0248
0.0248
0.0248
0.0248
0.0248
0.0248
0.0248
0.0248
0.0248
0.0248
