0.0248
0.3156
0.3604
0.292
0.2832
0.2476
0.242
0.2372
0.2152
0.2044
0.2044
0.1936
0.194
0.188
0.176
0.1756
0.1696
0.166
0.1684
0.1616
0.16
0.152
0.158
0.148
0.1456
0.1452
0.1516
0.1376
0.1352
0.134
0.1264
0.1328
0.122
0.122
0.1292
0.1216
0.1216
0.1128
0.1164
0.12
0.1212
0.1236
0.1172
0.1208
0.1164
0.1336
0.1236
0.1312
0.1212
0.1172
0.1116
0.1108
0.1136
0.1104
0.1072
0.1016
0.0964
0.1036
0.1012
0.1016
0.1016
0.0972
0.102
0.0992
0.118
0.1024
0.1124
0.1128
0.1156
0.1032
0.1024
0.0996
0.0968
0.0892
0.0916
0.0896
0.0964
0.0952
0.0996
0.102
0.104
0.1032
0.102
0.1004
0.1084
0.102
0.104
0.096
0.0968
0.0972
0.0928
0.0888
0.0848
0.0848
0.0852
0.0852
0.086
0.0932
0.0836
0.0848
0.0816
0.0788
0.086
0.0864
0.0848
0.0784
0.0828
0.0708
0.0716
0.068
0.0676
0.0724
0.0708
0.0752
0.0764
0.0704
0.0748
0.0684
0.074
0.0752
0.0756
0.078
0.0808
0.09
0.0884
0.0836
0.0788
0.0804
0.078
0.0816
0.08
0.08
0.0812
0.0916
0.082
0.0844
0.082
0.0812
0.0852
0.0852
0.0864
0.0896
0.0864
0.0968
0.0816
0.0928
0.0828
0.0872
0.0848
0.0824
0.0792
0.0804
0.0784
0.0808
0.08
0.0792
0.076
0.0728
0.0752
0.076
0.0792
0.0784
0.084
0.086
0.0848
0.0904
0.0984
0.0856
0.088
0.0796
0.0792
0.0772
0.0792
0.0836
0.0912
0.0788
0.0888
0.0836
0.0852
0.09
0.0852
0.0832
0.0892
0.0872
0.0964
0.0976
0.1016
0.1
0.1024
0.0916
0.0952
0.0972
0.1052
0.1064
0.1076
0.1016
0.1044
0.1068
0.102
0.1088
0.1032
0.1092
0.0944
0.0964
0.0908
0.0948
0.1072
0.104
0.0952
0.0916
0.0896
0.0868
0.0808
0.094
0.0848
0.0876
0.0908
0.0972
0.0988
0.1012
0.122
0.1008
0.1092
0.1076
0.1076
0.108
0.1096
0.1056
0.1024
0.1092
0.1056
0.1088
0.0968
0.0944
0.1012
0.1068
0.1016
0.1012
0.0992
0.0876
0.0932
0.0824
0.0832
0.0792
0.0824
0.084
0.0848
0.0936
0.0956
0.0976
0.1128
0.1032
0.1116
0.1116
0.1064
0.1116
0.116
0.1208
0.1168
0.114
0.1168
0.1096
0.1172
0.112
0.11
0.1096
0.1064
0.0976
0.1008
0.1028
0.1024
0.0968
0.1004
0.096
0.0972
0.098
0.1024
0.0964
0.1024
0.0892
0.0916
0.0984
0.098
0.1068
0.1068
0.1172
0.1144
0.1172
0.106
0.1112
0.1076
0.104
0.0948
0.0816
0.084
0.074
0.0824
0.0784
0.0668
0.0716
0.0788
0.0692
0.0752
0.0696
0.0644
0.0688
0.07
0.0676
0.0756
0.0764
0.0764
0.0792
0.0712
0.0716
0.07
0.0704
0.0728
0.0764
0.0744
0.0748
0.0744
0.0788
0.08
0.08
0.0796
0.0884
0.0852
0.086
0.0856
0.0968
0.0848
0.0888
0.096
0.0944
0.094
0.098
0.0952
0.0956
0.0964
0.0964
0.09
0.0908
0.0916
0.0848
0.0844
0.0904
0.0856
0.0872
0.0932
0.0988
0.0992
0.094
0.0856
0.0792
0.0804
0.078
0.0784
0.0692
0.0708
0.0604
0.0636
0.0652
0.0628
0.0664
0.0708
0.0732
0.0804
0.0812
0.0808
0.0776
0.0724
0.0768
0.0768
0.0836
0.0776
0.0816
0.0832
0.0884
0.0904
0.088
0.0924
0.0888
0.0892
0.0992
0.0996
0.0884
0.0912
0.0904
0.0848
0.0872
0.0836
0.0872
0.0868
0.0884
0.0808
0.0856
0.0912
0.0844
0.0836
0.0836
0.0856
0.0908
0.0876
0.1016
0.0948
0.1044
0.1
0.1088
0.1044
0.1124
0.1144
0.1096
0.1188
0.1172
0.1192
0.0984
0.1056
0.1092
0.1092
0.1056
0.1052
0.1016
0.096
0.104
0.0992
0.098
0.0944
0.0964
0.1048
0.0952
0.0932
0.0916
0.0864
0.094
0.084
0.092
0.092
0.098
0.0912
0.1016
0.0912
0.0932
0.096
0.1012
0.1008
0.1072
0.098
0.1032
0.104
0.1052
0.0976
0.0992
0.1
0.0972
0.0996
0.0932
0.0904
0.092
0.092
0.0932
0.096
0.0892
0.0916
0.08
0.0924
0.0796
0.086
0.0752
0.0804
0.0724
0.0744
0.0684
0.0692
0.0752
0.0748
0.0752
0.078
0.0784
0.0812
0.0796
0.078
0.0836
0.0752
0.0848
0.0796
0.0916
0.0868
0.0816
0.0784
0.0812
0.078
0.0808
0.0812
0.076
0.0732
0.0784
0.0708
0.0776
0.0744
0.0692
0.07
0.0692
0.07
0.0696
0.0736
0.074
0.0796
0.0796
0.086
0.0884
0.09
0.088
0.088
0.082
0.0964
0.0788
0.0752
0.0688
0.0696
0.064
0.0696
0.0664
0.0672
0.07
0.0692
0.0692
0.0736
0.0616
0.06
0.0636
0.064
0.0652
0.0644
0.0648
0.064
0.0644
0.0608
0.0648
0.062
0.0604
0.0684
0.0684
0.0684
0.0688
0.07
0.0744
0.0716
0.0748
0.0764
0.0808
0.08
0.0908
0.09
0.0932
0.0876
0.0844
0.094
0.09
0.0892
0.078
0.0824
0.0772
0.0708
0.0752
0.0712
0.07
0.0692
0.0652
0.0616
0.0676
0.066
0.0636
0.0628
0.068
0.066
0.0716
0.0624
0.0708
0.0692
0.0756
0.0676
0.0752
0.0688
0.0696
0.0712
0.07
0.07
0.0796
0.0732
0.0872
0.0832
0.0856
0.092
0.0928
0.0964
0.0892
0.094
0.0876
0.0872
0.0812
0.0824
0.0732
0.0676
0.0684
0.0652
0.064
0.0672
0.0576
0.0596
0.058
0.0564
0.0624
0.0536
0.054
0.0556
0.056
0.0528
0.0532
0.0468
0.052
0.0464
0.0496
0.0432
0.0456
0.05
0.046
0.0488
0.0468
0.052
0.0412
0.0468
0.0376
0.04
0.0428
0.0464
0.0468
0.048
0.0532
0.0476
0.0532
0.0468
0.042
0.0412
0.0392
0.0388
0.0408
0.0392
0.0404
0.0436
0.0448
0.038
0.0404
0.0388
0.0388
0.0376
0.0396
0.0388
0.0336
0.0348
0.032
0.0328
0.032
0.0344
0.0324
0.0296
0.0292
0.0296
0.0284
0.0292
0.0276
0.0268
0.0244
0.0244
0.0244
0.0244
0.0244
0.0244
0.0244
0.0244
0.0244
0.0244
0.0244
0.0244
0.0244
0.0244
0.0244
0.0244
0.0244
0.0244
0.0244
0.0244
0.0244
0.0244
0.0244
0.0244
0.0244
0.0244
0.0244
0.0244
0.0244
0.0244
0.0244
0.0244
0.0244
0.0244
0.0244
0.0244
0.0244
0.0244
0.0244
0.0244
0.0244
0.0244
0.0244
0.0244
0.0244
0.0244
0.0244
0.0244
0.0244
0.0244
0.0244
0.0244
0.0244
0.0244
0.0244
0.0244
0.0244
0.0244
0.0244
0.0244
0.0244
0.0244
0.0244
0.0244
0.0244
0.0244
0.0244
0.0244
0.0244
0.0244
0.0244
0.0244
0.0244
0.0244
0.0244
0.0244
0.0244
0.0244
0.0244
0.0244
0.0244
0.0244
0.0244
0.0244
0.0244
0.0244
0.0244
0.0244
0.0244
0.0244
0.0244
0.0244
0.0244
0.0244
0.0244
0.0244
0.0244
0.0244
0.0244
0.0244
0.0244
0.0244
0.0244
0.0244
0.0244
0.0244
0.0244
0.0244
0.0244
0.0244
0.0244
0.0244
0.0244
0.0244
0.0244
0.0244
0.0244
0.0244
0.0244
0.0244
0.0244
0.0244
0.0244
0.0244
0.0244
0.0244
0.0244
0.0244
0.0244
0.0244
0.0244
0.0244
0.0244
0.0244
0.0244
0.0244
0.0244
0.0244
0.0244
0.0244
0.0244
0.0244
0.0244
0.0244
0.0244
0.0244
0.0244
0.0244
0.0244
0.0244
0.0244
0.0244
0.0244
0.0244
0.0244
0.0244
0.0244
0.0244
0.0244
0.0244
0.0244
0.0244
0.0244
0.0244
0.0244
0.0244
0.0244
0.0244
0.0244
0.0244
0.0244
0.0244
0.0244
0.0244
0.0244
0.0244
0.0244
0.0244
0.0244
0.0244
0.0244
0.0244
0.0244
0.0244
0.0244
0.0244
0.0244
0.0244
0.0244
0.0244
0.0244
0.0244
0.0244
0.0244
0.0244
0.0244
0.0244
0.0244
0.0244
0.0244
0.0244
0.0244
0.0244
0.0244
0.0244
0.0244
0.0244
0.0244
0.0244
0.0244
0.0244
0.0244
0.0244
0.0244
0.0244
0.0244
0.0244
0.0244
0.0244
0.0244
0.0244
0.0244
0.0244
0.0244
0.0244
0.0244
0.0244
0.0244
0.0244
0.0244
0.0244
0.0244
0.0244
0.0244
0.0244
0.0244
0.0244
0.0244
0.0244
0.0244
0.0244
0.0244
0.0244
0.0244
0.0244
0.0244
0.0244
0.0244
0.0244
0.0244
0.0244
0.0244
0.0244
0.0244
0.0244
0.0244
0.0244
0.0244
0.0244
0.0244
0.0244
0.0244
0.0244
0.0244
0.0244
0.0244
0.0244
0.0244
0.0244
0.0244
0.0244
0.0244
0.0244
0.0244
0.0244
0.0244
0.0244
0.0244
0.0244
0.0244
0.0244
0.0244
0.0244
0.0244
0.0244
0.0244
0.0244
0.0244
0.0244
0.0244
0.0244
0.0244
0.0244
0.0244
0.0244
0.0244
0.0244
0.0244
0.0244
0.0244
0.0244
0.0244
0.0244
0.0244
0.0244
0.0244
0.0244
0.0244
0.0244
0.0244
0.0244
0.0244
0.0244
0.0244
0.0244
0.0244
0.0244
0.0244
0.0244
0.0244
0.0244
0.0244
0.0244
0.0244
0.0244
0.0244
0.0244
0.0244
0.0244
0.0244
