0.0324
0.2912
0.3392
0.282
0.2972
0.2432
0.2592
0.2388
0.2284
0.224
0.2272
0.2248
0.2216
0.2204
0.2216
0.2052
0.2152
0.188
0.1884
0.1808
0.1892
0.172
0.1656
0.1712
0.1656
0.1696
0.1684
0.1692
0.17
0.1684
0.1572
0.1472
0.1392
0.1292
0.1228
0.1136
0.1152
0.1156
0.116
0.1088
0.1156
0.1124
0.122
0.1236
0.1304
0.1236
0.1328
0.1344
0.1428
0.1392
0.144
0.1332
0.1292
0.1264
0.1352
0.116
0.1252
0.1212
0.114
0.112
0.1156
0.116
0.1264
0.1156
0.1184
0.1224
0.116
0.1228
0.1188
0.1212
0.1156
0.128
0.116
0.1192
0.1208
0.1268
0.1224
0.1216
0.1096
0.1244
0.1092
0.1244
0.1188
0.1272
0.1256
0.1248
0.1244
0.1332
0.1216
0.1172
0.112
0.1084
0.0952
0.0988
0.0992
0.1032
0.108
0.1064
0.1072
0.112
0.106
0.104
0.0972
0.0952
0.0916
0.092
0.0928
0.1004
0.1072
0.0956
0.0828
0.0832
0.0792
0.0784
0.08
0.0836
0.07
0.0768
0.0696
0.0672
0.064
0.0624
0.0628
0.0612
0.062
0.0612
0.058
0.0584
0.0556
0.056
0.054
0.056
0.0548
0.0556
0.058
0.0588
0.0628
0.06
0.0576
0.0576
0.0552
0.0584
0.0556
0.0612
0.0584
0.0576
0.062
0.0612
0.058
0.0536
0.0548
0.048
0.0448
0.0436
0.0448
0.0432
0.0472
0.0444
0.05
0.0464
0.0532
0.0504
0.0528
0.0556
0.06
0.0492
0.0508
0.052
0.0604
0.0504
0.052
0.0524
0.0524
0.052
0.052
0.0556
0.06
0.0576
0.0608
0.0584
0.0576
0.052
0.0512
0.0516
0.052
0.054
0.0536
0.0508
0.056
0.0528
0.0532
0.054
0.0524
0.0504
0.0492
0.042
0.0412
0.042
0.0424
0.0452
0.0444
0.048
0.0468
0.052
0.0524
0.0516
0.0536
0.0568
0.06
0.0564
0.0528
0.0544
0.0512
0.0516
0.0508
0.0516
0.052
0.0504
0.0444
0.0436
0.0428
0.044
0.0432
0.0436
0.0444
0.0464
0.0448
0.042
0.0428
0.0448
0.048
0.0508
0.0464
0.0512
0.0504
0.054
0.058
0.0532
0.0612
0.0576
0.0616
0.0588
0.0568
0.0584
0.0592
0.0624
0.0592
0.0556
0.06
0.0576
0.0536
0.0516
0.0548
0.0504
0.052
0.0532
0.0512
0.05
0.0488
0.0536
0.0492
0.0516
0.0488
0.0464
0.0488
0.0496
0.0468
0.0528
0.0512
0.0536
0.0564
0.0536
0.0476
0.048
0.0484
0.0468
0.0476
0.0464
0.0496
0.0476
0.0524
0.0496
0.0484
0.0504
0.0532
0.0544
0.0504
0.0548
0.0536
0.0568
0.0564
0.056
0.0592
0.058
0.0596
0.0612
0.06
0.06
0.064
0.0632
0.072
0.0704
0.0764
0.0748
0.0752
0.0776
0.0772
0.0788
0.0824
0.0856
0.0836
0.0692
0.0664
0.0656
0.07
0.0688
0.0748
0.074
0.0788
0.08
0.084
0.0736
0.0716
0.0732
0.0692
0.076
0.0644
0.0652
0.068
0.0632
0.0656
0.0712
0.064
0.0704
0.0692
0.072
0.0648
0.0604
0.0676
0.0696
0.066
0.0644
0.0708
0.0688
0.0768
0.078
0.0808
0.0704
0.0736
0.0772
0.0772
0.0796
0.0848
0.0844
0.0848
0.0832
0.0752
0.0848
0.078
0.0828
0.082
0.0852
0.0852
0.0828
0.088
0.0776
0.0832
0.0772
0.0868
0.0736
0.0768
0.0748
0.0756
0.0776
0.0776
0.0824
0.0812
0.0836
0.0792
0.0848
0.0832
0.0784
0.082
0.0812
0.0728
0.0852
0.0824
0.0896
0.0824
0.0892
0.0908
0.0908
0.088
0.0876
0.0888
0.0912
0.0988
0.094
0.0996
0.1028
0.1036
0.1
0.0872
0.09
0.0884
0.0868
0.0864
0.0864
0.0872
0.0924
0.088
0.084
0.0932
0.088
0.0928
0.0872
0.096
0.0856
0.0864
0.0768
0.086
0.0736
0.084
0.0764
0.0768
0.0836
0.0916
0.0844
0.0888
0.0868
0.0888
0.0992
0.092
0.0884
0.0872
0.0848
0.0764
0.0748
0.0684
0.0712
0.0652
0.0712
0.0712
0.0796
0.076
0.0804
0.0748
0.0772
0.0792
0.0864
0.0872
0.0864
0.0792
0.0856
0.0844
0.0896
0.096
0.09
0.0988
0.0928
0.0884
0.0964
0.0928
0.0936
0.0988
0.1024
0.0972
0.1064
0.106
0.0996
0.1052
0.1004
0.1
0.0944
0.1008
0.1016
0.0896
0.0856
0.0812
0.0888
0.0768
0.0756
0.0772
0.0816
0.0844
0.0772
0.0752
0.08
0.0792
0.0804
0.0824
0.0772
0.0792
0.08
0.0824
0.092
0.0856
0.0896
0.0872
0.0964
0.0828
0.0828
0.0836
0.0876
0.0824
0.0804
0.0796
0.0784
0.0784
0.08
0.0796
0.0676
0.07
0.0756
0.074
0.0728
0.08
0.0748
0.0756
0.0744
0.0724
0.0824
0.0788
0.08
0.0724
0.0716
0.0712
0.0708
0.0716
0.0732
0.0668
0.0696
0.0652
0.0584
0.0688
0.0556
0.0568
0.0564
0.064
0.0656
0.0696
0.0704
0.072
0.0728
0.0804
0.0776
0.0876
0.082
0.0852
0.0764
0.0796
0.0704
0.0784
0.072
0.0752
0.0744
0.068
0.0652
0.0612
0.0596
0.0616
0.062
0.0688
0.0572
0.0664
0.0556
0.0596
0.058
0.0656
0.0628
0.0604
0.06
0.058
0.0576
0.0544
0.056
0.0552
0.0556
0.0508
0.0488
0.0448
0.0432
0.0488
0.0448
0.0488
0.0496
0.0536
0.0552
0.0644
0.064
0.0848
0.0616
0.0636
0.0592
0.0576
0.0532
0.0568
0.0572
0.0568
0.0628
0.0568
0.0668
0.0568
0.0572
0.0556
0.0608
0.0596
0.064
0.0616
0.0592
0.0644
0.0648
0.0636
0.062
0.0584
0.0656
0.0644
0.0704
0.0676
0.0736
0.0684
0.068
0.0608
0.066
0.0716
0.0724
0.0652
0.0668
0.0632
0.0708
0.0648
0.0624
0.0616
0.0636
0.066
0.06
0.0612
0.0548
0.0488
0.0528
0.0532
0.0528
0.058
0.0564
0.0576
0.0636
0.0592
0.0672
0.0596
0.0676
0.0616
0.0676
0.0672
0.074
0.0688
0.072
0.0672
0.0692
0.0736
0.0656
0.06
0.058
0.0544
0.058
0.0544
0.0476
0.0504
0.0556
0.054
0.0476
0.0516
0.0472
0.0524
0.0476
0.05
0.0464
0.0512
0.0464
0.0456
0.048
0.042
0.0412
0.0368
0.0344
0.0364
0.038
0.0384
0.0356
0.0396
0.038
0.042
0.0408
0.0392
0.0388
0.04
0.0364
0.0388
0.04
0.0428
0.046
0.0524
0.0528
0.0548
0.0476
0.0436
0.0504
0.0488
0.0504
0.0572
0.0524
0.054
0.0588
0.0556
0.0508
0.0512
0.0492
0.0528
0.0564
0.0556
0.0576
0.0568
0.0644
0.0628
0.072
0.0608
0.0676
0.0664
0.0696
0.0548
0.058
0.056
0.054
0.052
0.0576
0.0556
0.05
0.0516
0.0544
0.0604
0.062
0.0632
0.0644
0.0604
0.0644
0.0544
0.0588
0.0552
0.0624
0.056
0.0596
0.0592
0.0616
0.0644
0.0596
0.0604
0.0572
0.064
0.064
0.0632
0.064
0.0692
0.07
0.0728
0.064
0.0736
0.0668
0.072
0.0632
0.0704
0.074
0.0716
0.0776
0.0856
0.0828
0.0832
0.0804
0.0908
0.0752
0.0812
0.074
0.0732
0.074
0.0776
0.076
0.0836
0.0828
0.084
0.0828
0.0788
0.0768
0.0832
0.0788
0.0856
0.0816
0.092
0.0888
0.0904
0.0932
0.09
0.0936
0.092
0.084
0.0836
0.0752
0.0664
0.0732
0.0704
0.0648
0.064
0.0664
0.0636
0.0608
0.0608
0.0568
0.0552
0.0536
0.0548
0.0536
0.06
0.0616
0.0616
0.064
0.0632
0.066
0.0692
0.0668
0.0724
0.0728
0.074
0.07
0.07
0.0712
0.0656
0.0684
0.0732
0.06
0.0644
0.0544
0.0528
0.0568
0.054
0.0536
0.054
0.054
0.0568
0.0532
0.0568
0.0576
0.0516
0.0492
0.0508
0.0512
0.0496
0.0516
0.0504
0.0508
0.0528
0.0468
0.0468
0.0472
0.0484
0.0472
0.0468
0.0412
0.0428
0.0468
0.0468
0.0532
0.0476
0.0464
0.048
0.0468
0.0536
0.0512
0.0548
0.0524
0.0504
0.044
0.0436
0.0448
0.0452
0.046
0.0508
0.0496
0.0556
0.0488
0.0564
0.0524
0.054
0.0516
0.0488
0.0504
0.052
0.05
0.0548
0.0472
0.0492
0.0488
0.0504
0.0496
0.054
0.0544
0.0588
0.0608
0.06
0.0668
0.058
0.0632
0.0584
0.0612
0.0664
0.068
0.0736
0.0744
0.0752
0.0764
0.074
0.0788
0.072
0.074
0.082
0.084
0.09
0.08
0.0744
0.0716
0.0708
0.0672
0.0684
0.0696
0.0712
0.072
0.0732
0.0716
0.0664
0.0668
0.0668
0.0628
0.0624
0.0592
0.0604
0.0656
0.0612
0.0672
0.0568
0.0584
0.0604
0.0628
0.0548
0.0616
0.0532
0.058
0.0588
0.0568
0.0636
0.0572
0.056
0.058
0.0584
0.0588
0.0608
0.0604
0.058
0.0556
0.0624
0.0572
0.0608
0.0524
0.0528
0.054
0.0512
0.05
0.0492
0.0508
0.0528
0.0536
0.0528
0.0604
0.0592
0.0608
0.06
0.0576
0.0584
0.0532
0.0532
0.0532
0.052
0.0508
0.0516
0.0536
0.0568
0.058
0.0648
0.0564
0.0648
0.0604
0.0644
0.066
0.0728
0.056
0.0556
