0.0244
0.2964
0.326
0.2812
0.2612
0.2664
0.2332
0.2216
0.206
0.214
0.2016
0.212
0.2028
0.2132
0.1956
0.2104
0.1916
0.1976
0.1852
0.1916
0.1664
0.1748
0.1576
0.1628
0.1592
0.1548
0.1628
0.1692
0.154
0.1624
0.1552
0.1492
0.152
0.1456
0.1428
0.14
0.1452
0.1424
0.1384
0.1404
0.1372
0.1432
0.138
0.152
0.1628
0.1404
0.1376
0.134
0.1432
0.138
0.1288
0.1272
0.1176
0.1204
0.1116
0.124
0.1196
0.108
0.0988
0.0904
0.0964
0.0908
0.1024
0.094
0.0968
0.0992
0.0972
0.108
0.0912
0.094
0.0948
0.0944
0.0932
0.1
0.0904
0.0904
0.0852
0.0924
0.0908
0.0892
0.092
0.0752
0.0792
0.0736
0.0752
0.0728
0.076
0.0688
0.0708
0.0724
0.078
0.0708
0.0788
0.072
0.0816
0.0732
0.0744
0.0744
0.0796
0.0892
0.0816
0.0932
0.0876
0.1036
0.0864
0.0876
0.0916
0.0972
0.0968
0.1
0.1016
0.0996
0.0904
0.086
0.09
0.0896
0.0832
0.0892
0.0916
0.0868
0.0928
0.0928
0.0944
0.0936
0.0968
0.0932
0.0912
0.088
0.0884
0.0788
0.0832
0.0836
0.0788
0.0724
0.0692
0.0644
0.0708
0.0684
0.0724
0.072
0.0816
0.076
0.0848
0.082
0.0888
0.0804
0.0804
0.0788
0.092
0.0924
0.0888
0.0884
0.098
0.0848
0.0888
0.0892
0.0876
0.0844
0.0932
0.0788
0.0848
0.0824
0.084
0.0848
0.086
0.0832
0.0852
0.0816
0.084
0.0848
0.0812
0.0856
0.0848
0.0764
0.0708
0.0696
0.0692
0.0712
0.0696
0.0664
0.0688
0.0708
0.0724
0.068
0.0684
0.0684
0.0708
0.0736
0.0712
0.0788
0.0708
0.0632
0.074
0.0648
0.0704
0.066
0.064
0.0632
0.0608
0.0652
0.0592
0.0612
0.0612
0.0652
0.0644
0.0688
0.07
0.07
0.0664
0.07
0.0656
0.0732
0.0684
0.07
0.07
0.0728
0.0764
0.0632
0.0604
0.062
0.058
0.0604
0.06
0.0632
0.0564
0.0552
0.0548
0.058
0.0576
0.0612
0.062
0.064
0.06
0.0616
0.0636
0.062
0.0656
0.0652
0.0672
0.0688
0.0632
0.0708
0.0648
0.0664
0.0676
0.07
0.072
0.0684
0.072
0.0744
0.0704
0.074
0.0696
0.0708
0.064
0.0692
0.066
0.0636
0.064
0.0628
0.0628
0.0608
0.0612
0.0576
0.0508
0.0504
0.052
0.0532
0.0584
0.0532
0.054
0.0528
0.0512
0.054
0.0496
0.0488
0.0496
0.0512
0.0516
0.0536
0.0544
0.056
0.0584
0.0624
0.0616
0.062
0.0592
0.0628
0.0588
0.0612
0.062
0.0668
0.0596
0.064
0.0604
0.0644
0.06
0.0548
0.0552
0.0556
0.0572
0.0572
0.0612
0.0564
0.0552
0.0568
0.0552
0.0564
0.056
0.0564
0.056
0.0536
0.0564
0.054
0.058
0.0528
0.0508
0.0508
0.052
0.0516
0.052
0.0504
0.0504
0.048
0.0468
0.0468
0.0468
0.0468
0.0468
0.0468
0.0468
0.0468
0.0468
0.0468
0.0468
0.0468
0.0468
0.0468
0.0468
0.0468
0.0468
0.0468
0.0468
0.0468
0.0468
0.0468
0.0468
0.0468
0.0468
0.0468
0.0468
0.0468
0.0468
0.0468
0.0468
0.0468
0.0468
0.0468
0.0468
0.0468
0.0468
0.0468
0.0468
0.0468
0.0468
0.0468
0.0468
0.0468
0.0468
0.0468
0.0468
0.0468
0.0468
0.0468
0.0468
0.0468
0.0468
0.0468
0.0468
0.0468
0.0468
0.0468
0.0468
0.0468
0.0468
0.0468
0.0468
0.0468
0.0468
0.0468
0.0468
0.0468
0.0468
0.0468
0.0468
0.0468
0.0468
0.0468
0.0468
0.0468
0.0468
0.0468
0.0468
0.0468
0.0468
0.0468
0.0468
0.0468
0.0468
0.0468
0.0468
0.0468
0.0468
0.0468
0.0468
0.0468
0.0468
0.0468
0.0468
0.0468
0.0468
0.0468
0.0468
0.0468
0.0468
0.0468
0.0468
0.0468
0.0468
0.0468
0.0468
0.0468
0.0468
0.0468
0.0468
0.0468
0.0468
0.0468
0.0468
0.0468
0.0468
0.0468
0.0468
0.0468
0.0468
0.0468
0.0468
0.0468
0.0468
0.0468
0.0468
0.0468
0.0468
0.0468
0.0468
0.0468
0.0468
0.0468
0.0468
0.0468
0.0468
0.0468
0.0468
0.0468
0.0468
0.0468
0.0468
0.0468
0.0468
0.0468
0.0468
0.0468
0.0468
0.0468
0.0468
0.0468
0.0468
0.0468
0.0468
0.0468
0.0468
0.0468
0.0468
0.0468
0.0468
0.0468
0.0468
0.0468
0.0468
0.0468
0.0468
0.0468
0.0468
0.0468
0.0468
0.0468
0.0468
0.0468
0.0468
0.0468
0.0468
0.0468
0.0468
0.0468
0.0468
0.0468
0.0468
0.0468
0.0468
0.0468
0.0468
0.0468
0.0468
0.0468
0.0468
0.0468
0.0468
0.0468
0.0468
0.0468
0.0468
0.0468
0.0468
0.0468
0.0468
0.0468
0.0468
0.0468
0.0468
0.0468
0.0468
0.0468
0.0468
0.0468
0.0468
0.0468
0.0468
0.0468
0.0468
0.0468
0.0468
0.0468
0.0468
0.0468
0.0468
0.0468
0.0468
0.0468
0.0468
0.0468
0.0468
0.0468
0.0468
0.0468
0.0468
0.0468
0.0468
0.0468
0.0468
0.0468
0.0468
0.0468
0.0468
0.0468
0.0468
0.0468
0.0468
0.0468
0.0468
0.0468
0.0468
0.0468
0.0468
0.0468
0.0468
0.0468
0.0468
0.0468
0.0468
0.0468
0.0468
0.0468
0.0468
0.0468
0.0468
0.0468
0.0468
0.0468
0.0468
0.0468
0.0468
0.0468
0.0468
0.0468
0.0468
0.0468
0.0468
0.0468
0.0468
0.0468
0.0468
0.0468
0.0468
0.0468
0.0468
0.0468
0.0468
0.0468
0.0468
0.0468
0.0468
0.0468
0.0468
0.0468
0.0468
0.0468
0.0468
0.0468
0.0468
0.0468
0.0468
0.0468
0.0468
0.0468
0.0468
0.0468
0.0468
0.0468
0.0468
0.0468
0.0468
0.0468
0.0468
0.0468
0.0468
0.0468
0.0468
0.0468
0.0468
0.0468
0.0468
0.0468
0.0468
0.0468
0.0468
0.0468
0.0468
0.0468
0.0468
0.0468
0.0468
0.0468
0.0468
0.0468
0.0468
0.0468
0.0468
0.0468
0.0468
0.0468
0.0468
0.0468
0.0468
0.0468
0.0468
0.0468
0.0468
0.0468
0.0468
0.0468
0.0468
0.0468
0.0468
0.0468
0.0468
0.0468
0.0468
0.0468
0.0468
0.0468
0.0468
0.0468
0.0468
0.0468
0.0468
0.0468
0.0468
0.0468
0.0468
0.0468
0.0468
0.0468
0.0468
0.0468
0.0468
0.0468
0.0468
0.0468
0.0468
0.0468
0.0468
0.0468
0.0468
0.0468
0.0468
0.0468
0.0468
0.0468
0.0468
0.0468
0.0468
0.0468
0.0468
0.0468
0.0468
0.0468
0.0468
0.0468
0.0468
0.0468
0.0468
0.0468
0.0468
0.0468
0.0468
0.0468
0.0468
0.0468
0.0468
0.0468
0.0468
0.0468
0.0468
0.0468
0.0468
0.0468
0.0468
0.0468
0.0468
0.0468
0.0468
0.0468
0.0468
0.0468
0.0468
0.0468
0.0468
0.0468
0.0468
0.0468
0.0468
0.0468
0.0468
0.0468
0.0468
0.0468
0.0468
0.0468
0.0468
0.0468
0.0468
0.0468
0.0468
0.0468
0.0468
0.0468
0.0468
0.0468
0.0468
0.0468
0.0468
0.0468
0.0468
0.0468
0.0468
0.0468
0.0468
0.0468
0.0468
0.0468
0.0468
0.0468
0.0468
0.0468
0.0468
0.0468
0.0468
0.0468
0.0468
0.0468
0.0468
0.0468
0.0468
0.0468
0.0468
0.0468
0.0468
0.0468
0.0468
0.0468
0.0468
0.0468
0.0468
0.0468
0.0468
0.0468
0.0468
0.0468
0.0468
0.0468
0.0468
0.0468
0.0468
0.0468
0.0468
0.0468
0.0468
0.0468
0.0468
0.0468
0.0468
0.0468
0.0468
0.0468
0.0468
0.0468
0.0468
0.0468
0.0468
0.0468
0.0468
0.0468
0.0468
0.0468
0.0468
0.0468
0.0468
0.0468
0.0468
0.0468
0.0468
0.0468
0.0468
0.0468
0.0468
0.0468
0.0468
0.0468
0.0468
0.0468
0.0468
0.0468
0.0468
0.0468
0.0468
0.0468
0.0468
0.0468
0.0468
0.0468
0.0468
0.0468
0.0468
0.0468
0.0468
0.0468
0.0468
0.0468
0.0468
0.0468
0.0468
0.0468
0.0468
0.0468
0.0468
0.0468
0.0468
0.0468
0.0468
0.0468
0.0468
0.0468
0.0468
0.0468
0.0468
0.0468
0.0468
0.0468
0.0468
0.0468
0.0468
0.0468
0.0468
0.0468
0.0468
0.0468
0.0468
0.0468
0.0468
0.0468
0.0468
0.0468
0.0468
0.0468
0.0468
0.0468
0.0468
0.0468
0.0468
0.0468
0.0468
0.0468
0.0468
0.0468
0.0468
0.0468
0.0468
0.0468
0.0468
0.0468
0.0468
0.0468
0.0468
0.0468
0.0468
0.0468
0.0468
0.0468
0.0468
0.0468
0.0468
0.0468
0.0468
0.0468
0.0468
0.0468
0.0468
0.0468
0.0468
0.0468
0.0468
0.0468
0.0468
0.0468
0.0468
0.0468
0.0468
0.0468
0.0468
0.0468
0.0468
0.0468
0.0468
0.0468
0.0468
0.0468
0.0468
0.0468
0.0468
0.0468
0.0468
0.0468
0.0468
0.0468
0.0468
0.0468
0.0468
0.0468
0.0468
0.0468
0.0468
0.0468
0.0468
0.0468
0.0468
0.0468
0.0468
0.0468
0.0468
0.0468
0.0468
0.0468
0.0468
0.0468
0.0468
0.0468
0.0468
0.0468
0.0468
0.0468
0.0468
0.0468
0.0468
0.0468
0.0468
0.0468
0.0468
0.0468
0.0468
0.0468
0.0468
