0.0468
0.3056
0.3512
0.2852
0.28
0.2572
0.254
0.242
0.2228
0.2104
0.1924
0.1904
0.1852
0.1836
0.172
0.1732
0.1644
0.1708
0.1668
0.156
0.16
0.1448
0.1496
0.1428
0.1428
0.1464
0.148
0.1404
0.1552
0.1396
0.1564
0.1536
0.162
0.1652
0.1732
0.154
0.1536
0.1488
0.1488
0.1464
0.1556
0.1576
0.1536
0.1512
0.1384
0.1416
0.1416
0.146
0.1368
0.1464
0.128
0.1268
0.1248
0.1352
0.1392
0.1408
0.1472
0.1556
0.1496
0.1632
0.158
0.1592
0.1668
0.164
0.1472
0.1492
0.15
0.1476
0.1488
0.1552
0.154
0.156
0.166
0.154
0.1652
0.1548
0.1504
0.144
0.1496
0.1336
0.1384
0.136
0.1372
0.1476
0.1384
0.1468
0.1444
0.1628
0.1616
0.1512
0.1556
0.1356
0.1656
0.148
0.1496
0.1556
0.138
0.1468
0.1404
0.1516
0.1516
0.1596
0.1468
0.1428
0.1392
0.1416
0.1368
0.1484
0.1416
0.1476
0.154
0.1556
0.1412
0.1464
0.1364
0.1308
0.134
0.1376
0.1236
0.1336
0.1276
0.1244
0.1236
0.126
0.1308
0.1244
0.1148
0.12
0.1228
0.1284
0.122
0.1388
0.1216
0.14
0.1376
0.1456
0.1548
0.1432
0.1424
0.142
0.1448
0.148
0.1312
0.1276
0.1264
0.1268
0.1172
0.1056
0.1136
0.0992
0.1124
0.0948
0.0924
0.0876
0.0856
0.0836
0.0888
0.0904
0.0888
0.084
0.0952
0.09
0.0856
0.0908
0.0884
0.0932
0.0856
0.0808
0.084
0.0832
0.0852
0.0788
0.0852
0.0816
0.0892
0.082
0.0852
0.0828
0.092
0.0784
0.0784
0.08
0.0824
0.0812
0.0796
0.0744
0.08
0.0808
0.0836
0.0868
0.0796
0.0748
0.0672
0.066
0.064
0.0604
0.0568
0.0548
0.0548
0.0572
0.0584
0.0632
0.0604
0.0636
0.0648
0.0684
0.074
0.0724
0.0768
0.0744
0.0776
0.0792
0.086
0.0764
0.0784
0.0836
0.0752
0.0812
0.0832
0.0824
0.0812
0.0808
0.0844
0.084
0.092
0.0868
0.0836
0.0852
0.09
0.086
0.0816
0.082
0.0808
0.0812
0.0876
0.0988
0.0856
0.086
0.0964
0.0928
0.1012
0.1016
0.1084
0.0968
0.1008
0.0984
0.108
0.094
0.0964
0.0904
0.0912
0.0916
0.094
0.0904
0.104
0.1
0.1064
0.1012
0.1088
0.11
0.1108
0.1136
0.1128
0.1196
0.1144
0.1092
0.0968
0.1044
0.0992
0.1024
0.1068
0.1096
0.1092
0.0976
0.096
0.0852
0.0788
0.0824
0.0844
0.0856
0.0776
0.082
0.088
0.0816
0.0944
0.0912
0.0944
0.0908
0.086
0.08
0.0844
0.0864
0.08
0.0796
0.0744
0.072
0.078
0.0716
0.0732
0.0824
0.072
0.066
0.07
0.0648
0.0688
0.0676
0.0672
0.0636
0.0656
0.0676
0.068
0.0728
0.0664
0.062
0.0556
0.058
0.0556
0.0588
0.0632
0.066
0.0648
0.0644
0.0668
0.0596
0.0572
0.0564
0.0556
0.0568
0.0616
0.0648
0.0636
0.066
0.0676
0.068
0.072
0.0716
0.074
0.0676
0.0664
0.0672
0.0724
0.0696
0.0828
0.0788
0.0884
0.0788
0.0772
0.0828
0.0832
0.0812
0.0824
0.0836
0.0904
0.0796
0.084
0.0744
0.0808
0.0804
0.0816
0.0812
0.0864
0.0788
0.084
0.0808
0.0808
0.078
0.0808
0.0748
0.0736
0.074
0.0796
0.0716
0.0744
0.0656
0.0736
0.0756
0.0764
0.076
0.0732
0.0688
0.0628
0.0596
0.0632
0.0632
0.0688
0.0672
0.0736
0.0704
0.066
0.068
0.0704
0.0692
0.074
0.0744
0.0672
0.0736
0.078
0.076
0.0732
0.0736
0.0804
0.0712
0.078
0.078
0.0872
0.0744
0.0876
0.084
0.0884
0.0864
0.0828
0.0848
0.084
0.0936
0.0856
0.086
0.0832
0.0792
0.0812
0.076
0.082
0.0748
0.0772
0.08
0.084
0.0836
0.0848
0.0868
0.086
0.084
0.0772
0.0724
0.0716
0.074
0.07
0.0732
0.0652
0.0632
0.0592
0.0456
0.0468
0.046
0.0436
0.0428
0.0416
0.0432
0.0404
0.0424
0.038
0.0372
0.0404
0.0396
0.0372
0.04
0.038
0.042
0.0396
0.0396
0.0416
0.0416
0.042
0.0476
0.0436
0.052
0.0416
0.0408
0.0396
0.0436
0.0432
0.0468
0.0504
0.0492
0.0452
0.0456
0.0452
0.0436
0.042
0.0408
0.0424
0.0424
0.0476
0.046
0.05
0.0512
0.0488
0.0492
0.052
0.0512
0.0492
0.052
0.0572
0.0552
0.0612
0.0668
0.0676
0.0584
0.0536
0.0552
0.054
0.0524
0.0556
0.0564
0.0568
0.0564
0.0552
0.0556
0.0556
0.0616
0.0552
0.0644
0.0564
0.0576
0.0556
0.0564
0.0568
0.0536
0.0468
0.0428
0.044
0.0396
0.0432
0.04
0.0436
0.0448
0.0452
0.0452
0.0448
0.0448
0.0508
0.0424
0.0496
0.0404
0.0432
0.0392
0.0412
0.0408
0.038
0.0396
0.038
0.0388
0.0368
0.04
0.0404
0.042
0.044
0.044
0.0476
0.0516
0.0432
0.0476
0.05
0.0472
0.0492
0.0488
0.0452
0.046
0.0432
0.042
0.0416
0.044
0.0452
0.0468
0.052
0.0448
0.0488
0.046
0.0476
0.0468
0.0528
0.0484
0.054
0.0504
0.0492
0.0496
0.0444
0.0424
0.046
0.0424
0.0412
0.0392
0.0416
0.0396
0.0432
0.0424
0.0444
0.0468
0.0492
0.0468
0.0516
0.044
0.0472
0.0472
0.0456
0.0476
0.048
0.0508
0.0492
0.0492
0.0492
0.048
0.0452
0.0476
0.048
0.0468
0.0504
0.05
0.0496
0.0492
0.0504
0.0496
0.0536
0.0492
0.0544
0.0524
0.0492
0.0488
0.0476
0.0464
0.0512
0.046
0.0484
0.048
0.048
0.0516
0.0484
0.0476
0.0488
0.0424
0.0428
0.0448
0.0484
0.0492
0.0536
0.0532
0.0576
0.0588
0.0604
0.0612
0.0624
0.0716
0.074
0.074
0.0796
0.0732
0.0684
0.068
0.0728
0.0744
0.0732
0.0744
0.0772
0.0796
0.0796
0.0804
0.0728
0.0804
0.0752
0.0796
0.0788
0.08
0.0808
0.0816
0.084
0.084
0.0892
0.0848
0.0892
0.082
0.0828
0.0808
0.0912
0.0852
0.0824
0.0876
0.0848
0.0952
0.0856
0.0904
0.0836
0.0896
0.0888
0.078
0.0744
0.0724
0.07
0.0712
0.0732
0.0708
0.0768
0.0788
0.088
0.0768
0.0764
0.0772
0.0744
0.078
0.0768
0.07
0.0676
0.0632
0.0592
0.0596
0.0628
0.0596
0.0648
0.0576
0.0572
0.06
0.0536
0.052
0.0496
0.0548
0.0508
0.0552
0.054
0.0544
0.0556
0.054
0.0596
0.0588
0.0672
0.062
0.0652
0.062
0.0692
0.0696
0.0748
0.0748
0.074
0.074
0.0724
0.0712
0.07
0.0708
0.0704
0.0772
0.0784
0.0716
0.0696
0.0676
0.0688
0.0668
0.0716
0.0808
0.082
0.0752
0.0788
0.0816
0.08
0.0744
0.0744
0.0752
0.0736
0.0764
0.0732
0.0784
0.0756
0.0788
0.0768
0.078
0.076
0.076
0.078
0.0784
0.0792
0.0816
0.0816
0.0772
0.0848
0.0752
0.0748
0.0756
0.0764
0.0804
0.0876
0.0836
0.0848
0.0752
0.072
0.0684
0.0696
0.0672
0.0664
0.0632
0.0648
0.0572
0.0612
0.0584
0.0604
0.0632
0.0628
0.07
0.0664
0.0652
0.0664
0.0712
0.0704
0.0724
0.066
0.0712
0.0728
0.0712
0.0704
0.0752
0.074
0.0892
0.0828
0.0964
0.0924
0.0896
0.0892
0.0792
0.0856
0.0864
0.0796
0.0772
0.0812
0.0776
0.0732
0.0672
0.0692
0.0704
0.0736
0.0772
0.0716
0.0756
0.0768
0.08
0.0808
0.0812
0.0884
0.086
0.0928
0.0804
0.086
0.0904
0.0924
0.0992
0.0864
0.0952
0.0904
0.09
0.088
0.0844
0.0868
0.0756
0.08
0.0804
0.0828
0.082
0.0848
0.082
0.0944
0.0948
0.0928
0.0964
0.0968
0.0928
0.092
0.0964
0.0956
0.098
0.0984
0.1
0.1028
0.1056
0.1024
0.0936
0.0964
0.1036
0.096
0.0992
0.098
0.1012
0.0916
0.1008
0.0932
0.088
0.0776
0.0776
0.072
0.0664
0.0616
0.0628
0.0636
0.0596
0.0588
0.06
0.062
0.0672
0.0648
0.0708
0.0576
0.07
0.0652
0.068
0.0708
0.076
0.0828
0.0772
0.0764
0.084
0.0764
0.0768
0.074
0.0752
0.0816
0.084
0.0964
0.0852
0.0848
0.0728
0.0752
0.0768
0.0868
0.0924
0.0952
0.092
0.0976
0.0868
0.0996
0.0864
0.0916
0.0924
0.0928
0.104
0.0948
0.11
0.0928
0.0972
0.0948
0.0928
0.09
0.086
0.0916
0.0892
0.0888
0.0884
0.0844
0.0812
0.08
0.0824
0.0812
0.084
0.0812
0.0768
0.0788
0.0752
0.0724
0.0732
0.072
0.076
0.0716
0.078
0.0728
0.0764
0.0704
0.0684
0.0636
0.0656
0.0652
0.062
0.0596
0.0652
0.062
0.0656
0.0612
0.066
0.0656
0.064
0.0616
0.06
0.0636
0.0584
0.0612
0.0644
0.0672
0.0636
0.072
0.0684
0.0776
0.0708
0.074
0.0808
0.0712
0.0776
0.0756
0.072
0.0708
0.074
0.0684
0.07
0.0684
0.0672
0.064
0.0632
0.06
0.058
0.0596
0.0556
0.0616
