0.0632
0.3028
0.344
0.2964
0.302
0.2748
0.2596
0.2512
0.2448
0.2332
0.2168
0.1968
0.1952
0.1808
0.1788
0.1848
0.1776
0.174
0.164
0.1796
0.1736
0.1732
0.168
0.1644
0.1664
0.166
0.1584
0.1668
0.1512
0.1564
0.1404
0.1292
0.1248
0.132
0.1368
0.1388
0.1388
0.13
0.12
0.1172
0.1224
0.1148
0.1112
0.1132
0.1124
0.1216
0.1288
0.1192
0.1248
0.1144
0.1164
0.116
0.1164
0.106
0.1084
0.1016
0.1044
0.1032
0.0976
0.0904
0.0852
0.0852
0.0868
0.0924
0.0928
0.1
0.0924
0.0956
0.0996
0.0972
0.0928
0.0924
0.09
0.0928
0.0972
0.1016
0.1024
0.0988
0.096
0.0868
0.0984
0.0884
0.0996
0.0892
0.09
0.0852
0.0868
0.0968
0.0936
0.0936
0.0916
0.0956
0.0836
0.0876
0.0924
0.092
0.0904
0.0848
0.0932
0.0904
0.0896
0.0976
0.0888
0.0972
0.0892
0.0924
0.0972
0.1048
0.104
0.104
0.1036
0.1012
0.0924
0.0836
0.0804
0.0784
0.078
0.0784
0.0796
0.076
0.0808
0.08
0.076
0.0792
0.0768
0.0764
0.0764
0.0768
0.0716
0.0684
0.0652
0.0632
0.0672
0.0672
0.0692
0.0764
0.078
0.0784
0.0836
0.0896
0.0904
0.0916
0.0876
0.096
0.0928
0.098
0.0992
0.1056
0.1028
0.0996
0.092
0.0912
0.0872
0.0852
0.094
0.0936
0.1028
0.1008
0.1084
0.1068
0.116
0.1128
0.1128
0.1136
0.1104
0.1112
0.116
0.1216
0.1304
0.1204
0.1216
0.116
0.1156
0.12
0.1212
0.122
0.1172
0.108
0.12
0.1072
0.106
0.1028
0.104
0.1132
0.1096
0.11
0.104
0.1104
0.1136
0.1152
0.1324
0.1256
0.1396
0.1248
0.1256
0.1284
0.1216
0.1312
0.1276
0.1292
0.1344
0.132
0.1408
0.1368
0.1304
0.1244
0.1276
0.1256
0.1224
0.1164
0.1092
0.1208
0.1056
0.1096
0.1056
0.0992
0.0928
0.0912
0.0884
0.092
0.0884
0.0972
0.0984
0.0932
0.0812
0.078
0.0808
0.0792
0.0792
0.0828
0.0792
0.0852
0.0792
0.0812
0.0804
0.0816
0.0828
0.0784
0.0692
0.0672
0.0716
0.0736
0.076
0.0728
0.0784
0.0768
0.0772
0.0796
0.0872
0.0776
0.0812
0.0772
0.0716
0.0736
0.0804
0.0768
0.078
0.0744
0.0816
0.0788
0.0876
0.08
0.088
0.0876
0.0792
0.0776
0.0744
0.068
0.0628
0.06
0.0524
0.0504
0.0472
0.0456
0.0484
0.0476
0.05
0.0516
0.054
0.0564
0.058
0.0604
0.0612
0.0656
0.0612
0.07
0.0592
0.056
0.0572
0.0564
0.0596
0.0632
0.064
0.0644
0.0648
0.0604
0.0632
0.0632
0.0648
0.066
0.0688
0.0648
0.0616
0.0636
0.0576
0.0564
0.0544
0.0556
0.0552
0.0484
0.0508
0.052
0.0476
0.0472
0.0492
0.0484
0.0516
0.052
0.0476
0.0524
0.0464
0.0528
0.054
0.0624
0.0576
0.0612
0.0568
0.0568
0.0576
0.062
0.0648
0.066
0.0672
0.066
0.0648
0.0604
0.0672
0.068
0.0736
0.0724
0.0768
0.0768
0.0812
0.0748
0.0724
0.0772
0.0736
0.0676
0.0676
0.0612
0.0672
0.0636
0.0612
0.0676
0.0636
0.0628
0.06
0.06
0.0656
0.0592
0.0608
0.054
0.0536
0.0492
0.0468
0.0508
0.048
0.0484
0.0528
0.0532
0.0576
0.0592
0.0668
0.0668
0.078
0.0728
0.0816
0.0804
0.0744
0.0752
0.0756
0.0812
0.0852
0.0856
0.0804
0.0784
0.0784
0.0856
0.0792
0.0864
0.082
0.0848
0.09
0.092
0.09
0.096
0.1008
0.0976
0.098
0.0836
0.086
0.0784
0.0816
0.0816
0.0844
0.086
0.0848
0.0824
0.0912
0.0896
0.0876
0.0864
0.0896
0.0912
0.086
0.086
0.0768
0.074
0.074
0.0692
0.0704
0.072
0.0784
0.0748
0.0776
0.0788
0.0776
0.0704
0.0676
0.07
0.0668
0.072
0.0696
0.0736
0.0696
0.0764
0.07
0.0708
0.0724
0.0764
0.0764
0.082
0.0752
0.0852
0.0744
0.0848
0.0816
0.0788
0.0696
0.074
0.0692
0.0756
0.0716
0.0732
0.0716
0.0728
0.0756
0.074
0.0776
0.0708
0.0772
0.0712
0.0692
0.0688
0.0688
0.0736
0.0752
0.0652
0.0692
0.0736
0.0676
0.0716
0.0736
0.0736
0.076
0.0772
0.0812
0.0844
0.0924
0.0928
0.0936
0.0916
0.0856
0.0824
0.0856
0.0836
0.0788
0.0788
0.0736
0.072
0.074
0.0688
0.07
0.0668
0.07
0.0616
0.0608
0.0576
0.0628
0.0596
0.0676
0.0648
0.066
0.0684
0.0756
0.0632
0.0644
0.0672
0.0672
0.0748
0.07
0.0708
0.0712
0.0712
0.0732
0.0732
0.072
0.0764
0.0712
0.0708
0.0676
0.0712
0.0684
0.0796
0.0748
0.0812
0.0808
0.0844
0.0848
0.0792
0.0796
0.0732
0.0728
0.0768
0.0812
0.0752
0.0784
0.0684
0.0716
0.0676
0.0708
0.0724
0.0736
0.0712
0.0724
0.0752
0.0664
0.0704
0.0652
0.0636
0.0636
0.0632
0.0648
0.066
0.0648
0.0672
0.0688
0.0664
0.0692
0.0676
0.0716
0.0656
0.0688
0.064
0.0656
0.0688
0.0696
0.068
0.0716
0.0672
0.0704
0.0692
0.0784
0.0688
0.0736
0.0688
0.0668
0.0656
0.0644
0.0696
0.066
0.0736
0.0728
0.0792
0.0752
0.0732
0.0688
0.0752
0.0728
0.08
0.076
0.078
0.078
0.0792
0.0812
0.0824
0.0896
0.0912
0.1
0.0872
0.0824
0.08
0.0848
0.0832
0.0788
0.0728
0.066
0.0676
0.0648
0.0628
0.0676
0.0692
0.066
0.07
0.0592
0.0588
0.058
0.0584
0.0588
0.0588
0.0616
0.0616
0.0628
0.062
0.0576
0.0592
0.0532
0.054
0.0532
0.0568
0.0548
0.0564
0.0536
0.0556
0.0596
0.0588
0.0576
0.06
0.0592
0.0676
0.0712
0.0656
0.0748
0.0716
0.0724
0.0636
0.0708
0.07
0.0716
0.0704
0.0672
0.07
0.0736
0.0668
0.0692
0.0712
0.0668
0.0668
0.0648
0.0668
0.068
0.066
0.0676
0.0604
0.064
0.0692
0.064
0.0652
0.0672
0.0732
0.076
0.0816
0.08
0.0696
0.0688
0.0656
0.0652
0.0728
0.0692
0.0712
0.0744
0.0688
0.068
0.0748
0.0744
0.0812
0.0756
0.0812
0.0776
0.0784
0.084
0.0804
0.0768
0.0716
0.0732
0.0768
0.0688
0.0708
0.0688
0.0652
0.062
0.07
0.0644
0.0712
0.0644
0.0628
0.0616
0.0644
0.0636
0.0628
0.068
0.0652
0.0696
0.0656
0.0668
0.0676
0.064
0.0612
0.0632
0.0612
0.0624
0.0672
0.0648
0.062
0.0624
0.0664
0.0644
0.0668
0.0648
0.06
0.0628
0.0648
0.062
0.0572
0.0548
0.0552
0.0544
0.056
0.0564
0.0536
0.0568
0.0552
0.0572
0.0556
0.0612
0.0548
0.0564
0.0548
0.0576
0.0596
0.0584
0.0608
0.0644
0.0616
0.0648
0.0628
0.0648
0.0676
0.0648
0.07
0.0644
0.0704
0.064
0.0656
0.0576
0.0592
0.0588
0.0652
0.0632
0.0604
0.0592
0.0624
0.0632
0.0656
0.0612
0.066
0.0676
0.0644
0.0648
0.068
0.0672
0.068
0.0692
0.0724
0.0684
0.0688
0.0668
0.0696
0.072
0.0688
0.0776
0.0688
0.0692
0.0636
0.0724
0.062
0.0652
0.0664
0.0692
0.0692
0.0636
0.0748
0.0616
0.0608
0.0664
0.0624
0.0604
0.0604
0.0628
0.0556
0.0532
0.0576
0.054
0.056
0.0572
0.0564
0.0576
0.0544
0.0528
0.0536
0.0536
0.054
0.0608
0.0544
0.0512
0.0516
0.0504
0.0484
0.0492
0.0428
0.0436
0.0464
0.0448
0.0484
0.0468
0.0464
0.052
0.0456
0.0448
0.046
0.0432
0.0428
0.0416
0.0448
0.0432
0.0476
0.0408
0.0408
0.0392
0.038
0.0384
0.0412
0.0384
0.042
0.0412
0.0436
0.0436
0.0476
0.044
0.0444
0.0456
0.0496
0.0472
0.0552
0.048
0.0512
0.0504
0.0572
0.0492
0.052
0.0516
0.0568
0.048
0.0476
0.0448
0.046
0.0436
0.038
0.038
0.0368
0.0352
0.0372
0.038
0.0384
0.0436
0.0424
0.0444
0.0428
0.0456
0.0472
0.0432
0.0448
0.046
0.0484
0.0488
0.0488
0.0488
0.0508
0.0432
0.0484
0.0404
0.0412
0.0412
0.0416
0.0392
0.0412
0.0404
0.0436
0.0384
0.0376
0.0356
0.034
0.0332
0.0336
0.0316
0.032
0.0316
0.0308
0.0304
0.0308
0.0308
0.0308
0.0308
0.0308
0.0308
0.0308
0.0308
0.0308
0.0308
0.0308
0.0308
0.0308
0.0308
0.0308
0.0308
0.0308
0.0308
0.0308
0.0308
0.0308
0.0308
0.0308
0.0308
0.0308
0.0308
0.0308
0.0308
0.0308
0.0308
0.0308
0.0308
0.0308
0.0308
0.0308
0.0308
0.0308
0.0308
0.0308
0.0308
0.0308
0.0308
0.0308
0.0308
0.0308
0.0308
0.0308
0.0308
0.0308
0.0308
0.0308
0.0308
0.0308
0.0308
0.0308
0.0308
0.0308
0.0308
0.0308
0.0308
0.0308
0.0308
0.0308
0.0308
0.0308
0.0308
0.0308
0.0308
0.0308
0.0308
0.0308
0.0308
0.0308
0.0308
0.0308
0.0308
0.0308
0.0308
0.0308
0.0308
0.0308
0.0308
