0.0308
0.3136
0.3652
0.3148
0.3272
0.3088
0.2488
0.2392
0.216
0.2352
0.2064
0.214
0.2092
0.2084
0.2052
0.2056
0.2064
0.2016
0.2104
0.2068
0.1988
0.19
0.1868
0.192
0.1892
0.174
0.1676
0.1704
0.1752
0.1744
0.1656
0.1792
0.176
0.1508
0.1516
0.1592
0.1732
0.1764
0.1796
0.1748
0.1656
0.1584
0.1512
0.1428
0.1512
0.138
0.1304
0.1292
0.1292
0.1252
0.1304
0.118
0.114
0.1168
0.1144
0.1212
0.1148
0.1256
0.1124
0.1236
0.1168
0.1288
0.1224
0.1288
0.1296
0.126
0.1256
0.1448
0.1356
0.1448
0.146
0.1392
0.1368
0.1392
0.1468
0.1316
0.118
0.1136
0.118
0.1112
0.1316
0.1044
0.114
0.1116
0.1108
0.1032
0.1052
0.116
0.106
0.1136
0.1128
0.108
0.1204
0.1032
0.1088
0.1032
0.1
0.098
0.0972
0.1028
0.1008
0.0988
0.0988
0.0936
0.0976
0.0964
0.0924
0.0948
0.0912
0.096
0.0944
0.1024
0.09
0.0932
0.092
0.0932
0.0916
0.0852
0.0904
0.0948
0.0952
0.0912
0.1004
0.096
0.1024
0.1012
0.1028
0.1032
0.1
0.1048
0.098
0.0992
0.1088
0.106
0.1016
0.1072
0.0996
0.1076
0.1008
0.1092
0.108
0.1064
0.108
0.1068
0.116
0.1244
0.1048
0.1152
0.1152
0.104
0.1092
0.1032
0.1044
0.09
0.1036
0.1048
0.1064
0.1036
0.1068
0.0972
0.0944
0.0932
0.096
0.0968
0.0932
0.0912
0.092
0.0904
0.0972
0.0896
0.0924
0.0928
0.0992
0.0928
0.0944
0.0952
0.098
0.106
0.1128
0.1196
0.118
0.1204
0.124
0.128
0.1212
0.1236
0.1232
0.1336
0.124
0.1312
0.1316
0.1264
0.1244
0.1288
0.1184
0.1132
0.1224
0.1252
0.1212
0.1324
0.1184
0.1244
0.122
0.1208
0.1124
0.1204
0.1168
0.1268
0.1188
0.1336
0.1196
0.1224
0.1188
0.1156
0.114
0.1048
0.1016
0.1008
0.098
0.098
0.0976
0.0996
0.0936
0.0996
0.0924
0.1008
0.098
0.1012
0.0968
0.1036
0.0888
0.1024
0.096
0.104
0.0944
0.094
0.0992
0.0988
0.0932
0.1
0.0908
0.0976
0.1008
0.0972
0.0896
0.0828
0.0836
0.0828
0.0844
0.0836
0.0812
0.0848
0.0832
0.0924
0.0936
0.086
0.0956
0.094
0.0948
0.1044
0.1016
0.102
0.104
0.1008
0.1008
0.096
0.0956
0.0992
0.0932
0.0992
0.1012
0.1028
0.1
0.0988
0.0948
0.0944
0.0928
0.0988
0.0992
0.0976
0.0932
0.0948
0.0972
0.1056
0.0984
0.1044
0.0988
0.108
0.1024
0.094
0.0892
0.0784
0.0772
0.0736
0.0728
0.0764
0.0824
0.078
0.0804
0.0808
0.082
0.0844
0.0872
0.0844
0.0916
0.0912
0.088
0.0868
0.0808
0.0844
0.0876
0.086
0.0888
0.0932
0.1104
0.0968
0.0976
0.0996
0.1052
0.104
0.098
0.1136
0.1076
0.1136
0.1068
0.1136
0.108
0.1064
0.1072
0.1144
0.1116
0.1108
0.1104
0.106
0.114
0.1144
0.1204
0.1052
0.1108
0.112
0.0952
0.094
0.0908
0.1012
0.0988
0.108
0.1144
0.1032
0.1004
0.0984
0.0956
0.0984
0.1008
0.1036
0.106
0.11
0.112
0.1068
0.1
0.0968
0.0988
0.1004
0.104
0.1032
0.106
0.1036
0.1048
0.112
0.1056
0.0996
0.1012
0.1092
0.1036
0.1104
0.1016
0.1152
0.1112
0.1124
0.1028
0.108
0.098
0.094
0.1012
0.0892
0.0944
0.0908
0.0916
0.0984
0.0964
0.1084
0.1076
0.1164
0.1124
0.108
0.1156
0.1156
0.1212
0.108
0.1196
0.1076
0.0996
0.102
0.1024
0.1064
0.102
0.1128
0.1116
0.1112
0.1104
0.1208
0.1096
0.1176
0.1164
0.1072
0.1056
0.0976
0.096
0.0984
0.0928
0.0996
0.0896
0.0944
0.092
0.0972
0.0904
0.1012
0.0964
0.0968
0.0872
0.09
0.0888
0.0812
0.084
0.0904
0.0816
0.0968
0.0808
0.0888
0.0804
0.0828
0.0844
0.0788
0.0824
0.0724
0.0712
0.0732
0.0712
0.072
0.072
0.0744
0.0708
0.0716
0.0708
0.0704
0.0672
0.0612
0.062
0.0672
0.0708
0.0704
0.072
0.0716
0.0684
0.0704
0.0708
0.0732
0.0784
0.0764
0.0744
0.0764
0.0704
0.0736
0.0696
0.0704
0.0684
0.062
0.0652
0.0728
0.0648
0.0704
0.0628
0.0676
0.07
0.0628
0.0676
0.0708
0.0712
0.0784
0.0696
0.0664
0.0684
0.064
0.0664
0.064
0.0588
0.0584
0.0556
0.0548
0.0636
0.064
0.0624
0.0756
0.0656
0.0732
0.0656
0.0692
0.0656
0.0616
0.066
0.0676
0.07
0.0644
0.0636
0.0648
0.07
0.0624
0.0628
0.0592
0.0584
0.0596
0.06
0.0536
0.056
0.0512
0.05
0.0468
0.0468
0.052
0.046
0.0508
0.0464
0.048
0.0416
0.0452
0.0424
0.0408
0.044
0.0452
0.0444
0.046
0.0396
0.0356
0.0316
0.0308
0.0296
0.0304
0.0308
0.0324
0.0344
0.0316
0.0372
0.0332
0.0316
0.03
0.0308
0.0336
0.0336
0.0388
0.0352
0.0392
0.036
0.0376
0.034
0.0368
0.0336
0.0356
0.0312
0.0308
0.0296
0.0272
0.0284
0.0276
0.0268
0.0272
0.0264
0.03
0.026
0.0296
0.028
0.0312
0.0308
0.034
0.0308
0.0296
0.0308
0.0316
0.036
0.0304
0.0336
0.03
0.03
0.0308
0.034
0.0328
0.038
0.0344
0.038
0.0292
0.0272
0.0272
0.0256
0.0256
0.026
0.0268
0.028
0.0252
0.0252
0.0256
0.0272
0.0244
0.0252
0.0272
0.0276
0.028
0.0288
0.0296
0.0284
0.0284
0.0264
0.0296
0.0284
0.0308
0.0284
0.028
0.0288
0.0284
0.0312
0.0304
0.0312
0.0328
0.03
0.0304
0.0324
0.0344
0.036
0.0348
0.0312
0.0296
0.032
0.0276
0.0316
0.0256
0.0228
0.0244
0.0244
0.0284
0.0236
0.0228
0.0224
0.0224
0.0232
0.0248
0.0232
0.024
0.024
0.0256
0.0264
0.0296
0.0232
0.0248
0.024
0.024
0.0256
0.0256
0.0288
0.0288
0.0352
0.0264
0.0264
0.0264
0.0264
0.0264
0.0264
0.0264
0.0264
0.0264
0.0264
0.0264
0.0264
0.0264
0.0264
0.0264
0.0264
0.0264
0.0264
0.0264
0.0264
0.0264
0.0264
0.0264
0.0264
0.0264
0.0264
0.0264
0.0264
0.0264
0.0264
0.0264
0.0264
0.0264
0.0264
0.0264
0.0264
0.0264
0.0264
0.0264
0.0264
0.0264
0.0264
0.0264
0.0264
0.0264
0.0264
0.0264
0.0264
0.0264
0.0264
0.0264
0.0264
0.0264
0.0264
0.0264
0.0264
0.0264
0.0264
0.0264
0.0264
0.0264
0.0264
0.0264
0.0264
0.0264
0.0264
0.0264
0.0264
0.0264
0.0264
0.0264
0.0264
0.0264
0.0264
0.0264
0.0264
0.0264
0.0264
0.0264
0.0264
0.0264
0.0264
0.0264
0.0264
0.0264
0.0264
0.0264
0.0264
0.0264
0.0264
0.0264
0.0264
0.0264
0.0264
0.0264
0.0264
0.0264
0.0264
0.0264
0.0264
0.0264
0.0264
0.0264
0.0264
0.0264
0.0264
0.0264
0.0264
0.0264
0.0264
0.0264
0.0264
0.0264
0.0264
0.0264
0.0264
0.0264
0.0264
0.0264
0.0264
0.0264
0.0264
0.0264
0.0264
0.0264
0.0264
0.0264
0.0264
0.0264
0.0264
0.0264
0.0264
0.0264
0.0264
0.0264
0.0264
0.0264
0.0264
0.0264
0.0264
0.0264
0.0264
0.0264
0.0264
0.0264
0.0264
0.0264
0.0264
0.0264
0.0264
0.0264
0.0264
0.0264
0.0264
0.0264
0.0264
0.0264
0.0264
0.0264
0.0264
0.0264
0.0264
0.0264
0.0264
0.0264
0.0264
0.0264
0.0264
0.0264
0.0264
0.0264
0.0264
0.0264
0.0264
0.0264
0.0264
0.0264
0.0264
0.0264
0.0264
0.0264
0.0264
0.0264
0.0264
0.0264
0.0264
0.0264
0.0264
0.0264
0.0264
0.0264
0.0264
0.0264
0.0264
0.0264
0.0264
0.0264
0.0264
0.0264
0.0264
0.0264
0.0264
0.0264
0.0264
0.0264
0.0264
0.0264
0.0264
0.0264
0.0264
0.0264
0.0264
0.0264
0.0264
0.0264
0.0264
0.0264
0.0264
0.0264
0.0264
0.0264
0.0264
0.0264
0.0264
0.0264
0.0264
0.0264
0.0264
0.0264
0.0264
0.0264
0.0264
0.0264
0.0264
0.0264
0.0264
0.0264
0.0264
0.0264
0.0264
0.0264
0.0264
0.0264
0.0264
0.0264
0.0264
0.0264
0.0264
0.0264
0.0264
0.0264
0.0264
0.0264
0.0264
0.0264
0.0264
0.0264
0.0264
0.0264
0.0264
0.0264
0.0264
0.0264
0.0264
0.0264
0.0264
0.0264
0.0264
0.0264
0.0264
0.0264
0.0264
0.0264
0.0264
0.0264
0.0264
0.0264
0.0264
0.0264
0.0264
0.0264
0.0264
0.0264
0.0264
0.0264
0.0264
0.0264
0.0264
0.0264
0.0264
0.0264
0.0264
0.0264
0.0264
0.0264
0.0264
0.0264
0.0264
0.0264
0.0264
0.0264
0.0264
0.0264
0.0264
0.0264
0.0264
0.0264
0.0264
0.0264
0.0264
0.0264
0.0264
0.0264
0.0264
0.0264
0.0264
0.0264
0.0264
0.0264
0.0264
0.0264
0.0264
0.0264
0.0264
0.0264
0.0264
0.0264
0.0264
0.0264
0.0264
0.0264
0.0264
0.0264
0.0264
