0.0264
0.3052
0.3432
0.3108
0.2904
0.272
0.272
0.2644
0.234
0.2248
0.2144
0.1944
0.1972
0.1968
0.174
0.1748
0.1728
0.1776
0.1728
0.1596
0.1572
0.152
0.1428
0.1492
0.1492
0.1448
0.138
0.1376
0.1244
0.1272
0.126
0.1372
0.1396
0.1364
0.1172
0.1128
0.112
0.112
0.1068
0.1024
0.0988
0.094
0.1044
0.0824
0.09
0.0856
0.0828
0.0856
0.0828
0.0872
0.078
0.074
0.0688
0.064
0.0644
0.0628
0.0604
0.062
0.0624
0.0672
0.0652
0.0736
0.0688
0.0672
0.0744
0.0752
0.0744
0.07
0.074
0.0712
0.0732
0.0772
0.0796
0.0856
0.088
0.0768
0.0784
0.078
0.0836
0.0848
0.0764
0.0784
0.078
0.0768
0.082
0.0752
0.0808
0.0788
0.0772
0.0792
0.0788
0.0808
0.0788
0.076
0.0808
0.076
0.0728
0.0748
0.0744
0.076
0.0828
0.0784
0.0768
0.0704
0.0764
0.0724
0.0672
0.0716
0.0744
0.0724
0.0784
0.0756
0.0868
0.0808
0.0836
0.082
0.086
0.084
0.0828
0.0868
0.0848
0.0836
0.0884
0.082
0.0824
0.0788
0.0772
0.08
0.0748
0.0748
0.0792
0.078
0.0688
0.0728
0.0724
0.0776
0.0692
0.0684
0.058
0.058
0.0584
0.066
0.0548
0.0504
0.0536
0.048
0.048
0.044
0.0444
0.0456
0.0452
0.0488
0.0472
0.0508
0.0468
0.0504
0.042
0.04
0.0412
0.0372
0.0388
0.0344
0.0344
0.0328
0.0328
0.0328
0.0328
0.0328
0.0328
0.0328
0.0328
0.0328
0.0328
0.0328
0.0328
0.0328
0.0328
0.0328
0.0328
0.0328
0.0328
0.0328
0.0328
0.0328
0.0328
0.0328
0.0328
0.0328
0.0328
0.0328
0.0328
0.0328
0.0328
0.0328
0.0328
0.0328
0.0328
0.0328
0.0328
0.0328
0.0328
0.0328
0.0328
0.0328
0.0328
0.0328
0.0328
0.0328
0.0328
0.0328
0.0328
0.0328
0.0328
0.0328
0.0328
0.0328
0.0328
0.0328
0.0328
0.0328
0.0328
0.0328
0.0328
0.0328
0.0328
0.0328
0.0328
0.0328
0.0328
0.0328
0.0328
0.0328
0.0328
0.0328
0.0328
0.0328
0.0328
0.0328
0.0328
0.0328
0.0328
0.0328
0.0328
0.0328
0.0328
0.0328
0.0328
0.0328
0.0328
0.0328
0.0328
0.0328
0.0328
0.0328
0.0328
0.0328
0.0328
0.0328
0.0328
0.0328
0.0328
0.0328
0.0328
0.0328
0.0328
0.0328
0.0328
0.0328
0.0328
0.0328
0.0328
0.0328
0.0328
0.0328
0.0328
0.0328
0.0328
0.0328
0.0328
0.0328
0.0328
0.0328
0.0328
0.0328
0.0328
0.0328
0.0328
0.0328
0.0328
0.0328
0.0328
0.0328
0.0328
0.0328
0.0328
0.0328
0.0328
0.0328
0.0328
0.0328
0.0328
0.0328
0.0328
0.0328
0.0328
0.0328
0.0328
0.0328
0.0328
0.0328
0.0328
0.0328
0.0328
0.0328
0.0328
0.0328
0.0328
0.0328
0.0328
0.0328
0.0328
0.0328
0.0328
0.0328
0.0328
0.0328
0.0328
0.0328
0.0328
0.0328
0.0328
0.0328
0.0328
0.0328
0.0328
0.0328
0.0328
0.0328
0.0328
0.0328
0.0328
0.0328
0.0328
0.0328
0.0328
0.0328
0.0328
0.0328
0.0328
0.0328
0.0328
0.0328
0.0328
0.0328
0.0328
0.0328
0.0328
0.0328
0.0328
0.0328
0.0328
0.0328
0.0328
0.0328
0.0328
0.0328
0.0328
0.0328
0.0328
0.0328
0.0328
0.0328
0.0328
0.0328
0.0328
0.0328
0.0328
0.0328
0.0328
0.0328
0.0328
0.0328
0.0328
0.0328
0.0328
0.0328
0.0328
0.0328
0.0328
0.0328
0.0328
0.0328
0.0328
0.0328
0.0328
0.0328
0.0328
0.0328
0.0328
0.0328
0.0328
0.0328
0.0328
0.0328
0.0328
0.0328
0.0328
0.0328
0.0328
0.0328
0.0328
0.0328
0.0328
0.0328
0.0328
0.0328
0.0328
0.0328
0.0328
0.0328
0.0328
0.0328
0.0328
0.0328
0.0328
0.0328
0.0328
0.0328
0.0328
0.0328
0.0328
0.0328
0.0328
0.0328
0.0328
0.0328
0.0328
0.0328
0.0328
0.0328
0.0328
0.0328
0.0328
0.0328
0.0328
0.0328
0.0328
0.0328
0.0328
0.0328
0.0328
0.0328
0.0328
0.0328
0.0328
0.0328
0.0328
0.0328
0.0328
0.0328
0.0328
0.0328
0.0328
0.0328
0.0328
0.0328
0.0328
0.0328
0.0328
0.0328
0.0328
0.0328
0.0328
0.0328
0.0328
0.0328
0.0328
0.0328
0.0328
0.0328
0.0328
0.0328
0.0328
0.0328
0.0328
0.0328
0.0328
0.0328
0.0328
0.0328
0.0328
0.0328
0.0328
0.0328
0.0328
0.0328
0.0328
0.0328
0.0328
0.0328
0.0328
0.0328
0.0328
0.0328
0.0328
0.0328
0.0328
0.0328
0.0328
0.0328
0.0328
0.0328
0.0328
0.0328
0.0328
0.0328
0.0328
0.0328
0.0328
0.0328
0.0328
0.0328
0.0328
0.0328
0.0328
0.0328
0.0328
0.0328
0.0328
0.0328
0.0328
0.0328
0.0328
0.0328
0.0328
0.0328
0.0328
0.0328
0.0328
0.0328
0.0328
0.0328
0.0328
0.0328
0.0328
0.0328
0.0328
0.0328
0.0328
0.0328
0.0328
0.0328
0.0328
0.0328
0.0328
0.0328
0.0328
0.0328
0.0328
0.0328
0.0328
0.0328
0.0328
0.0328
0.0328
0.0328
0.0328
0.0328
0.0328
0.0328
0.0328
0.0328
0.0328
0.0328
0.0328
0.0328
0.0328
0.0328
0.0328
0.0328
0.0328
0.0328
0.0328
0.0328
0.0328
0.0328
0.0328
0.0328
0.0328
0.0328
0.0328
0.0328
0.0328
0.0328
0.0328
0.0328
0.0328
0.0328
0.0328
0.0328
0.0328
0.0328
0.0328
0.0328
0.0328
0.0328
0.0328
0.0328
0.0328
0.0328
0.0328
0.0328
0.0328
0.0328
0.0328
0.0328
0.0328
0.0328
0.0328
0.0328
0.0328
0.0328
0.0328
0.0328
0.0328
0.0328
0.0328
0.0328
0.0328
0.0328
0.0328
0.0328
0.0328
0.0328
0.0328
0.0328
0.0328
0.0328
0.0328
0.0328
0.0328
0.0328
0.0328
0.0328
0.0328
0.0328
0.0328
0.0328
0.0328
0.0328
0.0328
0.0328
0.0328
0.0328
0.0328
0.0328
0.0328
0.0328
0.0328
0.0328
0.0328
0.0328
0.0328
0.0328
0.0328
0.0328
0.0328
0.0328
0.0328
0.0328
0.0328
0.0328
0.0328
0.0328
0.0328
0.0328
0.0328
0.0328
0.0328
0.0328
0.0328
0.0328
0.0328
0.0328
0.0328
0.0328
0.0328
0.0328
0.0328
0.0328
0.0328
0.0328
0.0328
0.0328
0.0328
0.0328
0.0328
0.0328
0.0328
0.0328
0.0328
0.0328
0.0328
0.0328
0.0328
0.0328
0.0328
0.0328
0.0328
0.0328
0.0328
0.0328
0.0328
0.0328
0.0328
0.0328
0.0328
0.0328
0.0328
0.0328
0.0328
0.0328
0.0328
0.0328
0.0328
0.0328
0.0328
0.0328
0.0328
0.0328
0.0328
0.0328
0.0328
0.0328
0.0328
0.0328
0.0328
0.0328
0.0328
0.0328
0.0328
0.0328
0.0328
0.0328
0.0328
0.0328
0.0328
0.0328
0.0328
0.0328
0.0328
0.0328
0.0328
0.0328
0.0328
0.0328
0.0328
0.0328
0.0328
0.0328
0.0328
0.0328
0.0328
0.0328
0.0328
0.0328
0.0328
0.0328
0.0328
0.0328
0.0328
0.0328
0.0328
0.0328
0.0328
0.0328
0.0328
0.0328
0.0328
0.0328
0.0328
0.0328
0.0328
0.0328
0.0328
0.0328
0.0328
0.0328
0.0328
0.0328
0.0328
0.0328
0.0328
0.0328
0.0328
0.0328
0.0328
0.0328
0.0328
0.0328
0.0328
0.0328
0.0328
0.0328
0.0328
0.0328
0.0328
0.0328
0.0328
0.0328
0.0328
0.0328
0.0328
0.0328
0.0328
0.0328
0.0328
0.0328
0.0328
0.0328
0.0328
0.0328
0.0328
0.0328
0.0328
0.0328
0.0328
0.0328
0.0328
0.0328
0.0328
0.0328
0.0328
0.0328
0.0328
0.0328
0.0328
0.0328
0.0328
0.0328
0.0328
0.0328
0.0328
0.0328
0.0328
0.0328
0.0328
0.0328
0.0328
0.0328
0.0328
0.0328
0.0328
0.0328
0.0328
0.0328
0.0328
0.0328
0.0328
0.0328
0.0328
0.0328
0.0328
0.0328
0.0328
0.0328
0.0328
0.0328
0.0328
0.0328
0.0328
0.0328
0.0328
0.0328
0.0328
0.0328
0.0328
0.0328
0.0328
0.0328
0.0328
0.0328
0.0328
0.0328
0.0328
0.0328
0.0328
0.0328
0.0328
0.0328
0.0328
0.0328
0.0328
0.0328
0.0328
0.0328
0.0328
0.0328
0.0328
0.0328
0.0328
0.0328
0.0328
0.0328
0.0328
0.0328
0.0328
0.0328
0.0328
0.0328
0.0328
0.0328
0.0328
0.0328
0.0328
0.0328
0.0328
0.0328
0.0328
0.0328
0.0328
0.0328
0.0328
0.0328
0.0328
0.0328
0.0328
0.0328
0.0328
0.0328
0.0328
0.0328
0.0328
0.0328
0.0328
0.0328
0.0328
0.0328
0.0328
0.0328
0.0328
0.0328
0.0328
0.0328
0.0328
0.0328
0.0328
0.0328
0.0328
0.0328
0.0328
0.0328
0.0328
0.0328
0.0328
0.0328
0.0328
0.0328
0.0328
0.0328
0.0328
0.0328
0.0328
0.0328
0.0328
0.0328
0.0328
0.0328
0.0328
0.0328
0.0328
0.0328
0.0328
0.0328
0.0328
0.0328
0.0328
0.0328
0.0328
0.0328
0.0328
0.0328
0.0328
0.0328
0.0328
0.0328
0.0328
0.0328
0.0328
0.0328
0.0328
0.0328
0.0328
0.0328
0.0328
0.0328
0.0328
0.0328
0.0328
0.0328
0.0328
