0.0208
0.2796
0.3284
0.25
0.2544
0.2304
0.238
0.2156
0.2188
0.2008
0.2076
0.2012
0.1816
0.1844
0.1796
0.1884
0.1856
0.1844
0.1912
0.1716
0.1744
0.1704
0.1684
0.1512
0.17
0.148
0.1656
0.1556
0.1516
0.1432
0.1488
0.1504
0.1444
0.1492
0.1572
0.1636
0.1568
0.1444
0.154
0.134
0.1288
0.1388
0.1332
0.1432
0.1424
0.148
0.1404
0.1408
0.1336
0.1408
0.136
0.1376
0.1396
0.1244
0.118
0.1112
0.1056
0.1112
0.1072
0.1044
0.104
0.1072
0.1056
0.1032
0.092
0.0856
0.086
0.0888
0.082
0.0912
0.0876
0.0988
0.094
0.1036
0.0972
0.1064
0.1076
0.118
0.1124
0.1224
0.1096
0.1052
0.1008
0.1116
0.0912
0.0976
0.096
0.0976
0.0924
0.0904
0.0888
0.0904
0.0976
0.0936
0.1084
0.1012
0.1056
0.0908
0.096
0.0816
0.0868
0.0772
0.0752
0.0724
0.0748
0.0824
0.0812
0.082
0.082
0.0724
0.0868
0.0732
0.0764
0.074
0.0752
0.0764
0.0736
0.0748
0.078
0.0784
0.0744
0.0796
0.0768
0.084
0.0848
0.0916
0.092
0.0964
0.0996
0.0972
0.0876
0.084
0.0868
0.0836
0.092
0.0808
0.0816
0.0888
0.0832
0.0844
0.0828
0.0916
0.0872
0.0876
0.0836
0.0756
0.0772
0.074
0.0768
0.0732
0.0688
0.072
0.076
0.0756
0.0776
0.07
0.0688
0.0664
0.0672
0.0616
0.062
0.0648
0.0584
0.0612
0.0596
0.066
0.068
0.0748
0.0648
0.0624
0.0684
0.0604
0.0612
0.0624
0.064
0.0588
0.068
0.058
0.0576
0.0584
0.0576
0.0604
0.0616
0.0564
0.06
0.0604
0.0672
0.066
0.0696
0.0716
0.0676
0.066
0.0588
0.05
0.0496
0.0468
0.044
0.042
0.0476
0.0416
0.0412
0.0408
0.0428
0.044
0.046
0.048
0.052
0.0516
0.0508
0.054
0.052
0.0572
0.0584
0.062
0.06
0.0532
0.0528
0.056
0.0532
0.0556
0.0496
0.0544
0.0468
0.0428
0.038
0.04
0.0376
0.0396
0.0408
0.044
0.0432
0.0428
0.0432
0.0484
0.0436
0.054
0.0392
0.0372
0.038
0.0424
0.0408
0.0452
0.0376
0.0344
0.036
0.0392
0.0392
0.0448
0.0444
0.0444
0.0524
0.0464
0.0476
0.05
0.0496
0.0548
0.0512
0.0516
0.0536
0.0536
0.0576
0.0588
0.0648
0.0548
0.0584
0.0592
0.0544
0.0468
0.0416
0.0396
0.04
0.038
0.042
0.0392
0.0384
0.04
0.0432
0.0444
0.0412
0.0392
0.0392
0.036
0.038
0.0304
0.0276
0.0268
0.0268
0.0264
0.0248
0.0272
0.0272
0.028
0.0284
0.0292
0.0304
0.0312
0.0296
0.032
0.0296
0.0332
0.0324
0.0328
0.036
0.0316
0.0304
0.0324
0.0312
0.034
0.0332
0.0328
0.032
0.0348
0.0316
0.0396
0.0344
0.0428
0.0376
0.0328
0.0324
0.0356
0.0292
0.0316
0.0272
0.0276
0.0284
0.0292
0.0312
0.0312
0.0352
0.0356
0.0404
0.0368
0.0396
0.0388
0.0432
0.0428
0.0448
0.0392
0.042
0.0392
0.0448
0.0392
0.0432
0.0432
0.0448
0.0392
0.0444
0.0388
0.0424
0.0372
0.0384
0.034
0.0312
0.0328
0.0272
0.0256
0.0248
0.0264
0.0256
0.024
0.0232
0.0216
0.0216
0.0216
0.0216
0.0216
0.0216
0.0216
0.0216
0.0216
0.0216
0.0216
0.0216
0.0216
0.0216
0.0216
0.0216
0.0216
0.0216
0.0216
0.0216
0.0216
0.0216
0.0216
0.0216
0.0216
0.0216
0.0216
0.0216
0.0216
0.0216
0.0216
0.0216
0.0216
0.0216
0.0216
0.0216
0.0216
0.0216
0.0216
0.0216
0.0216
0.0216
0.0216
0.0216
0.0216
0.0216
0.0216
0.0216
0.0216
0.0216
0.0216
0.0216
0.0216
0.0216
0.0216
0.0216
0.0216
0.0216
0.0216
0.0216
0.0216
0.0216
0.0216
0.0216
0.0216
0.0216
0.0216
0.0216
0.0216
0.0216
0.0216
0.0216
0.0216
0.0216
0.0216
0.0216
0.0216
0.0216
0.0216
0.0216
0.0216
0.0216
0.0216
0.0216
0.0216
0.0216
0.0216
0.0216
0.0216
0.0216
0.0216
0.0216
0.0216
0.0216
0.0216
0.0216
0.0216
0.0216
0.0216
0.0216
0.0216
0.0216
0.0216
0.0216
0.0216
0.0216
0.0216
0.0216
0.0216
0.0216
0.0216
0.0216
0.0216
0.0216
0.0216
0.0216
0.0216
0.0216
0.0216
0.0216
0.0216
0.0216
0.0216
0.0216
0.0216
0.0216
0.0216
0.0216
0.0216
0.0216
0.0216
0.0216
0.0216
0.0216
0.0216
0.0216
0.0216
0.0216
0.0216
0.0216
0.0216
0.0216
0.0216
0.0216
0.0216
0.0216
0.0216
0.0216
0.0216
0.0216
0.0216
0.0216
0.0216
0.0216
0.0216
0.0216
0.0216
0.0216
0.0216
0.0216
0.0216
0.0216
0.0216
0.0216
0.0216
0.0216
0.0216
0.0216
0.0216
0.0216
0.0216
0.0216
0.0216
0.0216
0.0216
0.0216
0.0216
0.0216
0.0216
0.0216
0.0216
0.0216
0.0216
0.0216
0.0216
0.0216
0.0216
0.0216
0.0216
0.0216
0.0216
0.0216
0.0216
0.0216
0.0216
0.0216
0.0216
0.0216
0.0216
0.0216
0.0216
0.0216
0.0216
0.0216
0.0216
0.0216
0.0216
0.0216
0.0216
0.0216
0.0216
0.0216
0.0216
0.0216
0.0216
0.0216
0.0216
0.0216
0.0216
0.0216
0.0216
0.0216
0.0216
0.0216
0.0216
0.0216
0.0216
0.0216
0.0216
0.0216
0.0216
0.0216
0.0216
0.0216
0.0216
0.0216
0.0216
0.0216
0.0216
0.0216
0.0216
0.0216
0.0216
0.0216
0.0216
0.0216
0.0216
0.0216
0.0216
0.0216
0.0216
0.0216
0.0216
0.0216
0.0216
0.0216
0.0216
0.0216
0.0216
0.0216
0.0216
0.0216
0.0216
0.0216
0.0216
0.0216
0.0216
0.0216
0.0216
0.0216
0.0216
0.0216
0.0216
0.0216
0.0216
0.0216
0.0216
0.0216
0.0216
0.0216
0.0216
0.0216
0.0216
0.0216
0.0216
0.0216
0.0216
0.0216
0.0216
0.0216
0.0216
0.0216
0.0216
0.0216
0.0216
0.0216
0.0216
0.0216
0.0216
0.0216
0.0216
0.0216
0.0216
0.0216
0.0216
0.0216
0.0216
0.0216
0.0216
0.0216
0.0216
0.0216
0.0216
0.0216
0.0216
0.0216
0.0216
0.0216
0.0216
0.0216
0.0216
0.0216
0.0216
0.0216
0.0216
0.0216
0.0216
0.0216
0.0216
0.0216
0.0216
0.0216
0.0216
0.0216
0.0216
0.0216
0.0216
0.0216
0.0216
0.0216
0.0216
0.0216
0.0216
0.0216
0.0216
0.0216
0.0216
0.0216
0.0216
0.0216
0.0216
0.0216
0.0216
0.0216
0.0216
0.0216
0.0216
0.0216
0.0216
0.0216
0.0216
0.0216
0.0216
0.0216
0.0216
0.0216
0.0216
0.0216
0.0216
0.0216
0.0216
0.0216
0.0216
0.0216
0.0216
0.0216
0.0216
0.0216
0.0216
0.0216
0.0216
0.0216
0.0216
0.0216
0.0216
0.0216
0.0216
0.0216
0.0216
0.0216
0.0216
0.0216
0.0216
0.0216
0.0216
0.0216
0.0216
0.0216
0.0216
0.0216
0.0216
0.0216
0.0216
0.0216
0.0216
0.0216
0.0216
0.0216
0.0216
0.0216
0.0216
0.0216
0.0216
0.0216
0.0216
0.0216
0.0216
0.0216
0.0216
0.0216
0.0216
0.0216
0.0216
0.0216
0.0216
0.0216
0.0216
0.0216
0.0216
0.0216
0.0216
0.0216
0.0216
0.0216
0.0216
0.0216
0.0216
0.0216
0.0216
0.0216
0.0216
0.0216
0.0216
0.0216
0.0216
0.0216
0.0216
0.0216
0.0216
0.0216
0.0216
0.0216
0.0216
0.0216
0.0216
0.0216
0.0216
0.0216
0.0216
0.0216
0.0216
0.0216
0.0216
0.0216
0.0216
0.0216
0.0216
0.0216
0.0216
0.0216
0.0216
0.0216
0.0216
0.0216
0.0216
0.0216
0.0216
0.0216
0.0216
0.0216
0.0216
0.0216
0.0216
0.0216
0.0216
0.0216
0.0216
0.0216
0.0216
0.0216
0.0216
0.0216
0.0216
0.0216
0.0216
0.0216
0.0216
0.0216
0.0216
0.0216
0.0216
0.0216
0.0216
0.0216
0.0216
0.0216
0.0216
0.0216
0.0216
0.0216
0.0216
0.0216
0.0216
0.0216
0.0216
0.0216
0.0216
0.0216
0.0216
0.0216
0.0216
0.0216
0.0216
0.0216
0.0216
0.0216
0.0216
0.0216
0.0216
0.0216
0.0216
0.0216
0.0216
0.0216
0.0216
0.0216
0.0216
0.0216
0.0216
0.0216
0.0216
0.0216
0.0216
0.0216
0.0216
0.0216
0.0216
0.0216
0.0216
0.0216
0.0216
0.0216
0.0216
0.0216
0.0216
0.0216
0.0216
0.0216
0.0216
0.0216
0.0216
0.0216
0.0216
0.0216
0.0216
0.0216
0.0216
0.0216
0.0216
0.0216
0.0216
0.0216
0.0216
0.0216
0.0216
0.0216
0.0216
0.0216
0.0216
0.0216
0.0216
0.0216
0.0216
0.0216
0.0216
0.0216
0.0216
0.0216
0.0216
0.0216
0.0216
0.0216
0.0216
0.0216
0.0216
0.0216
0.0216
0.0216
0.0216
0.0216
0.0216
0.0216
0.0216
0.0216
0.0216
0.0216
0.0216
0.0216
0.0216
0.0216
0.0216
0.0216
0.0216
0.0216
0.0216
0.0216
0.0216
0.0216
0.0216
0.0216
0.0216
0.0216
0.0216
0.0216
0.0216
0.0216
0.0216
0.0216
0.0216
0.0216
0.0216
0.0216
0.0216
0.0216
0.0216
0.0216
0.0216
0.0216
0.0216
0.0216
