0.0216
0.3176
0.3612
0.2988
0.2712
0.26
0.2572
0.2484
0.2392
0.2372
0.2256
0.2316
0.2268
0.2216
0.206
0.216
0.1968
0.2076
0.1876
0.2032
0.1828
0.1788
0.1848
0.18
0.1752
0.1624
0.166
0.1612
0.162
0.154
0.1448
0.1516
0.1532
0.1544
0.1504
0.148
0.1484
0.1588
0.132
0.1268
0.1248
0.124
0.1124
0.1204
0.0996
0.1108
0.112
0.122
0.1104
0.1064
0.106
0.1012
0.0972
0.0992
0.1084
0.1072
0.1132
0.104
0.1032
0.1112
0.1076
0.1244
0.114
0.1248
0.1276
0.1484
0.1272
0.132
0.1284
0.1308
0.1296
0.1252
0.1324
0.1376
0.1388
0.1396
0.1448
0.1324
0.1428
0.1532
0.146
0.1404
0.136
0.1256
0.1348
0.1252
0.1252
0.1216
0.122
0.124
0.1268
0.1328
0.1384
0.132
0.1312
0.128
0.1228
0.1432
0.1136
0.116
0.1188
0.1012
0.1
0.1016
0.0964
0.0952
0.0988
0.098
0.0944
0.0952
0.0864
0.0888
0.0828
0.0924
0.0772
0.0752
0.0848
0.078
0.0832
0.0792
0.0848
0.0848
0.0872
0.0848
0.0828
0.0932
0.0892
0.092
0.0904
0.0968
0.0848
0.0912
0.0884
0.084
0.0912
0.0928
0.0908
0.0876
0.1012
0.09
0.0944
0.0896
0.0936
0.088
0.0928
0.0924
0.0952
0.0932
0.0928
0.1028
0.0972
0.1044
0.098
0.1112
0.0944
0.1036
0.0928
0.0808
0.0816
0.0736
0.0756
0.0652
0.064
0.0696
0.0672
0.064
0.0736
0.0672
0.07
0.0636
0.0648
0.062
0.0684
0.0632
0.0752
0.068
0.0796
0.068
0.0732
0.0756
0.0744
0.0608
0.0596
0.0612
0.0608
0.0564
0.0572
0.0568
0.0564
0.056
0.0544
0.0588
0.054
0.0548
0.0544
0.0556
0.0548
0.0544
0.0524
0.0532
0.0536
0.0528
0.0544
0.0532
0.0544
0.0532
0.0552
0.052
0.0532
0.054
0.054
0.0528
0.0552
0.0536
0.0552
0.0564
0.0532
0.058
0.0524
0.052
0.0544
0.0524
0.0528
0.0524
0.054
0.0524
0.0552
0.0508
0.0512
0.0476
0.0476
0.0464
0.0492
0.0492
0.0508
0.0536
0.054
0.052
0.0536
0.0552
0.0588
0.0556
0.056
0.0564
0.0564
0.0584
0.0608
0.0596
0.0592
0.0596
0.06
0.0596
0.0604
0.0608
0.064
0.064
0.0696
0.064
0.0688
0.0668
0.0704
0.0728
0.0716
0.0628
0.0668
0.062
0.0624
0.0596
0.0604
0.06
0.0604
0.062
0.0564
0.0568
0.0568
0.0568
0.058
0.058
0.056
0.0576
0.0584
0.0604
0.0568
0.0568
0.0528
0.0536
0.0528
0.0508
0.052
0.0524
0.0528
0.0552
0.0536
0.0576
0.0532
0.0528
0.0532
0.0524
0.0564
0.054
0.0604
0.0572
0.0636
0.0604
0.0636
0.0652
0.07
0.0556
0.0572
0.0572
0.0572
0.0572
0.0572
0.0572
0.0572
0.0572
0.0572
0.0572
0.0572
0.0572
0.0572
0.0572
0.0572
0.0572
0.0572
0.0572
0.0572
0.0572
0.0572
0.0572
0.0572
0.0572
0.0572
0.0572
0.0572
0.0572
0.0572
0.0572
0.0572
0.0572
0.0572
0.0572
0.0572
0.0572
0.0572
0.0572
0.0572
0.0572
0.0572
0.0572
0.0572
0.0572
0.0572
0.0572
0.0572
0.0572
0.0572
0.0572
0.0572
0.0572
0.0572
0.0572
0.0572
0.0572
0.0572
0.0572
0.0572
0.0572
0.0572
0.0572
0.0572
0.0572
0.0572
0.0572
0.0572
0.0572
0.0572
0.0572
0.0572
0.0572
0.0572
0.0572
0.0572
0.0572
0.0572
0.0572
0.0572
0.0572
0.0572
0.0572
0.0572
0.0572
0.0572
0.0572
0.0572
0.0572
0.0572
0.0572
0.0572
0.0572
0.0572
0.0572
0.0572
0.0572
0.0572
0.0572
0.0572
0.0572
0.0572
0.0572
0.0572
0.0572
0.0572
0.0572
0.0572
0.0572
0.0572
0.0572
0.0572
0.0572
0.0572
0.0572
0.0572
0.0572
0.0572
0.0572
0.0572
0.0572
0.0572
0.0572
0.0572
0.0572
0.0572
0.0572
0.0572
0.0572
0.0572
0.0572
0.0572
0.0572
0.0572
0.0572
0.0572
0.0572
0.0572
0.0572
0.0572
0.0572
0.0572
0.0572
0.0572
0.0572
0.0572
0.0572
0.0572
0.0572
0.0572
0.0572
0.0572
0.0572
0.0572
0.0572
0.0572
0.0572
0.0572
0.0572
0.0572
0.0572
0.0572
0.0572
0.0572
0.0572
0.0572
0.0572
0.0572
0.0572
0.0572
0.0572
0.0572
0.0572
0.0572
0.0572
0.0572
0.0572
0.0572
0.0572
0.0572
0.0572
0.0572
0.0572
0.0572
0.0572
0.0572
0.0572
0.0572
0.0572
0.0572
0.0572
0.0572
0.0572
0.0572
0.0572
0.0572
0.0572
0.0572
0.0572
0.0572
0.0572
0.0572
0.0572
0.0572
0.0572
0.0572
0.0572
0.0572
0.0572
0.0572
0.0572
0.0572
0.0572
0.0572
0.0572
0.0572
0.0572
0.0572
0.0572
0.0572
0.0572
0.0572
0.0572
0.0572
0.0572
0.0572
0.0572
0.0572
0.0572
0.0572
0.0572
0.0572
0.0572
0.0572
0.0572
0.0572
0.0572
0.0572
0.0572
0.0572
0.0572
0.0572
0.0572
0.0572
0.0572
0.0572
0.0572
0.0572
0.0572
0.0572
0.0572
0.0572
0.0572
0.0572
0.0572
0.0572
0.0572
0.0572
0.0572
0.0572
0.0572
0.0572
0.0572
0.0572
0.0572
0.0572
0.0572
0.0572
0.0572
0.0572
0.0572
0.0572
0.0572
0.0572
0.0572
0.0572
0.0572
0.0572
0.0572
0.0572
0.0572
0.0572
0.0572
0.0572
0.0572
0.0572
0.0572
0.0572
0.0572
0.0572
0.0572
0.0572
0.0572
0.0572
0.0572
0.0572
0.0572
0.0572
0.0572
0.0572
0.0572
0.0572
0.0572
0.0572
0.0572
0.0572
0.0572
0.0572
0.0572
0.0572
0.0572
0.0572
0.0572
0.0572
0.0572
0.0572
0.0572
0.0572
0.0572
0.0572
0.0572
0.0572
0.0572
0.0572
0.0572
0.0572
0.0572
0.0572
0.0572
0.0572
0.0572
0.0572
0.0572
0.0572
0.0572
0.0572
0.0572
0.0572
0.0572
0.0572
0.0572
0.0572
0.0572
0.0572
0.0572
0.0572
0.0572
0.0572
0.0572
0.0572
0.0572
0.0572
0.0572
0.0572
0.0572
0.0572
0.0572
0.0572
0.0572
0.0572
0.0572
0.0572
0.0572
0.0572
0.0572
0.0572
0.0572
0.0572
0.0572
0.0572
0.0572
0.0572
0.0572
0.0572
0.0572
0.0572
0.0572
0.0572
0.0572
0.0572
0.0572
0.0572
0.0572
0.0572
0.0572
0.0572
0.0572
0.0572
0.0572
0.0572
0.0572
0.0572
0.0572
0.0572
0.0572
0.0572
0.0572
0.0572
0.0572
0.0572
0.0572
0.0572
0.0572
0.0572
0.0572
0.0572
0.0572
0.0572
0.0572
0.0572
0.0572
0.0572
0.0572
0.0572
0.0572
0.0572
0.0572
0.0572
0.0572
0.0572
0.0572
0.0572
0.0572
0.0572
0.0572
0.0572
0.0572
0.0572
0.0572
0.0572
0.0572
0.0572
0.0572
0.0572
0.0572
0.0572
0.0572
0.0572
0.0572
0.0572
0.0572
0.0572
0.0572
0.0572
0.0572
0.0572
0.0572
0.0572
0.0572
0.0572
0.0572
0.0572
0.0572
0.0572
0.0572
0.0572
0.0572
0.0572
0.0572
0.0572
0.0572
0.0572
0.0572
0.0572
0.0572
0.0572
0.0572
0.0572
0.0572
0.0572
0.0572
0.0572
0.0572
0.0572
0.0572
0.0572
0.0572
0.0572
0.0572
0.0572
0.0572
0.0572
0.0572
0.0572
0.0572
0.0572
0.0572
0.0572
0.0572
0.0572
0.0572
0.0572
0.0572
0.0572
0.0572
0.0572
0.0572
0.0572
0.0572
0.0572
0.0572
0.0572
0.0572
0.0572
0.0572
0.0572
0.0572
0.0572
0.0572
0.0572
0.0572
0.0572
0.0572
0.0572
0.0572
0.0572
0.0572
0.0572
0.0572
0.0572
0.0572
0.0572
0.0572
0.0572
0.0572
0.0572
0.0572
0.0572
0.0572
0.0572
0.0572
0.0572
0.0572
0.0572
0.0572
0.0572
0.0572
0.0572
0.0572
0.0572
0.0572
0.0572
0.0572
0.0572
0.0572
0.0572
0.0572
0.0572
0.0572
0.0572
0.0572
0.0572
0.0572
0.0572
0.0572
0.0572
0.0572
0.0572
0.0572
0.0572
0.0572
0.0572
0.0572
0.0572
0.0572
0.0572
0.0572
0.0572
0.0572
0.0572
0.0572
0.0572
0.0572
0.0572
0.0572
0.0572
0.0572
0.0572
0.0572
0.0572
0.0572
0.0572
0.0572
0.0572
0.0572
0.0572
0.0572
0.0572
0.0572
0.0572
0.0572
0.0572
0.0572
0.0572
0.0572
0.0572
0.0572
0.0572
0.0572
0.0572
0.0572
0.0572
0.0572
0.0572
0.0572
0.0572
0.0572
0.0572
0.0572
0.0572
0.0572
0.0572
0.0572
0.0572
0.0572
0.0572
0.0572
0.0572
0.0572
0.0572
0.0572
0.0572
0.0572
0.0572
0.0572
0.0572
0.0572
0.0572
0.0572
0.0572
0.0572
0.0572
0.0572
0.0572
0.0572
0.0572
0.0572
0.0572
0.0572
0.0572
0.0572
0.0572
0.0572
0.0572
0.0572
0.0572
0.0572
0.0572
0.0572
0.0572
0.0572
0.0572
0.0572
0.0572
0.0572
0.0572
0.0572
0.0572
0.0572
0.0572
0.0572
0.0572
0.0572
0.0572
0.0572
0.0572
0.0572
0.0572
0.0572
0.0572
0.0572
0.0572
0.0572
0.0572
0.0572
0.0572
0.0572
0.0572
0.0572
0.0572
0.0572
0.0572
0.0572
0.0572
0.0572
0.0572
0.0572
0.0572
0.0572
0.0572
0.0572
0.0572
0.0572
0.0572
