0.0572
0.2968
0.3504
0.2868
0.2856
0.2736
0.2896
0.244
0.2268
0.2252
0.2144
0.2048
0.2032
0.182
0.1876
0.1712
0.172
0.1724
0.1792
0.1636
0.1672
0.1572
0.152
0.1556
0.1484
0.1556
0.1524
0.152
0.152
0.15
0.1516
0.1404
0.1412
0.1328
0.1356
0.1332
0.124
0.1328
0.1344
0.132
0.132
0.1256
0.1324
0.1068
0.1136
0.1028
0.1076
0.11
0.1056
0.1148
0.11
0.1144
0.1136
0.108
0.11
0.1012
0.1036
0.1028
0.1068
0.1084
0.1148
0.11
0.1084
0.1252
0.118
0.1276
0.1064
0.1072
0.1084
0.112
0.112
0.104
0.1016
0.0984
0.0928
0.0944
0.0948
0.0932
0.0952
0.0872
0.0896
0.0956
0.0896
0.0856
0.0864
0.0852
0.0788
0.0836
0.0708
0.0712
0.0708
0.0696
0.0708
0.0696
0.0716
0.0728
0.0772
0.0744
0.076
0.0744
0.0748
0.08
0.0696
0.0736
0.0644
0.0576
0.058
0.054
0.0528
0.0492
0.0492
0.0524
0.048
0.0532
0.0472
0.0484
0.0468
0.0476
0.0468
0.0476
0.0444
0.0452
0.046
0.048
0.0464
0.0504
0.0496
0.05
0.0532
0.0524
0.06
0.0468
0.0472
0.0456
0.048
0.0468
0.0512
0.0512
0.0556
0.0596
0.0572
0.0592
0.0568
0.0568
0.0584
0.0488
0.0552
0.0508
0.0504
0.0508
0.0524
0.0568
0.0568
0.0592
0.0544
0.0544
0.052
0.0516
0.056
0.056
0.0584
0.0576
0.0612
0.0584
0.0552
0.0576
0.0584
0.0588
0.0596
0.0568
0.0636
0.0568
0.058
0.0592
0.056
0.0568
0.0528
0.0552
0.0552
0.0548
0.0608
0.0552
0.052
0.0488
0.048
0.0528
0.0452
0.0464
0.048
0.0484
0.0504
0.0528
0.0512
0.0528
0.052
0.0512
0.048
0.0504
0.0512
0.0504
0.0536
0.0512
0.0468
0.0508
0.0492
0.0488
0.0484
0.0508
0.048
0.052
0.0516
0.0552
0.0544
0.0516
0.0508
0.0504
0.0464
0.0492
0.0444
0.0452
0.0436
0.0448
0.046
0.0464
0.0468
0.05
0.05
0.0524
0.0528
0.052
0.0564
0.0568
0.0572
0.0584
0.0616
0.0636
0.0652
0.0628
0.06
0.0616
0.0608
0.074
0.0552
0.052
0.0524
0.0516
0.0504
0.0492
0.0532
0.048
0.052
0.0516
0.0544
0.0588
0.058
0.0504
0.054
0.05
0.05
0.0528
0.0536
0.0556
0.054
0.054
0.0548
0.0576
0.0584
0.0548
0.0536
0.0528
0.0536
0.0544
0.0576
0.054
0.0592
0.056
0.058
0.0532
0.052
0.0536
0.0488
0.0528
0.0536
0.0548
0.0528
0.0528
0.0568
0.058
0.052
0.0556
0.056
0.054
0.0564
0.056
0.0592
0.0648
0.066
0.0684
0.0684
0.0672
0.0692
0.0668
0.0736
0.0704
0.0724
0.082
0.07
0.07
0.0664
0.0672
0.0704
0.0652
0.0696
0.0676
0.0728
0.0744
0.072
0.0708
0.0736
0.0644
0.0684
0.0668
0.072
0.0688
0.0628
0.0548
0.0592
0.0504
0.0516
0.0464
0.05
0.048
0.0548
0.0472
0.0488
0.0492
0.056
0.0524
0.0556
0.0516
0.056
0.0572
0.0608
0.0624
0.0544
0.06
0.058
0.0592
0.0548
0.0568
0.0584
0.0532
0.0552
0.0544
0.0588
0.0596
0.0552
0.058
0.0552
0.0564
0.0564
0.0564
0.0544
0.0516
0.0516
0.0532
0.05
0.0488
0.052
0.0524
0.0516
0.0496
0.0452
0.0496
0.0492
0.0516
0.046
0.0508
0.0444
0.0444
0.044
0.0416
0.0444
0.0412
0.0396
0.0392
0.04
0.0412
0.0432
0.0464
0.0472
0.0464
0.048
0.0476
0.0488
0.05
0.052
0.0504
0.0488
0.04
0.0384
0.0396
0.042
0.042
0.0408
0.0436
0.0448
0.0452
0.0412
0.04
0.0416
0.0436
0.044
0.0456
0.0488
0.0472
0.0476
0.0528
0.0548
0.0484
0.046
0.0488
0.0428
0.0428
0.038
0.036
0.0364
0.0368
0.036
0.036
0.0368
0.0348
0.0352
0.0356
0.0384
0.0352
0.0352
0.0348
0.034
0.0336
0.0328
0.0328
0.0328
0.0328
0.0328
0.0328
0.0328
0.0328
0.0328
0.0328
0.0328
0.0328
0.0328
0.0328
0.0328
0.0328
0.0328
0.0328
0.0328
0.0328
0.0328
0.0328
0.0328
0.0328
0.0328
0.0328
0.0328
0.0328
0.0328
0.0328
0.0328
0.0328
0.0328
0.0328
0.0328
0.0328
0.0328
0.0328
0.0328
0.0328
0.0328
0.0328
0.0328
0.0328
0.0328
0.0328
0.0328
0.0328
0.0328
0.0328
0.0328
0.0328
0.0328
0.0328
0.0328
0.0328
0.0328
0.0328
0.0328
0.0328
0.0328
0.0328
0.0328
0.0328
0.0328
0.0328
0.0328
0.0328
0.0328
0.0328
0.0328
0.0328
0.0328
0.0328
0.0328
0.0328
0.0328
0.0328
0.0328
0.0328
0.0328
0.0328
0.0328
0.0328
0.0328
0.0328
0.0328
0.0328
0.0328
0.0328
0.0328
0.0328
0.0328
0.0328
0.0328
0.0328
0.0328
0.0328
0.0328
0.0328
0.0328
0.0328
0.0328
0.0328
0.0328
0.0328
0.0328
0.0328
0.0328
0.0328
0.0328
0.0328
0.0328
0.0328
0.0328
0.0328
0.0328
0.0328
0.0328
0.0328
0.0328
0.0328
0.0328
0.0328
0.0328
0.0328
0.0328
0.0328
0.0328
0.0328
0.0328
0.0328
0.0328
0.0328
0.0328
0.0328
0.0328
0.0328
0.0328
0.0328
0.0328
0.0328
0.0328
0.0328
0.0328
0.0328
0.0328
0.0328
0.0328
0.0328
0.0328
0.0328
0.0328
0.0328
0.0328
0.0328
0.0328
0.0328
0.0328
0.0328
0.0328
0.0328
0.0328
0.0328
0.0328
0.0328
0.0328
0.0328
0.0328
0.0328
0.0328
0.0328
0.0328
0.0328
0.0328
0.0328
0.0328
0.0328
0.0328
0.0328
0.0328
0.0328
0.0328
0.0328
0.0328
0.0328
0.0328
0.0328
0.0328
0.0328
0.0328
0.0328
0.0328
0.0328
0.0328
0.0328
0.0328
0.0328
0.0328
0.0328
0.0328
0.0328
0.0328
0.0328
0.0328
0.0328
0.0328
0.0328
0.0328
0.0328
0.0328
0.0328
0.0328
0.0328
0.0328
0.0328
0.0328
0.0328
0.0328
0.0328
0.0328
0.0328
0.0328
0.0328
0.0328
0.0328
0.0328
0.0328
0.0328
0.0328
0.0328
0.0328
0.0328
0.0328
0.0328
0.0328
0.0328
0.0328
0.0328
0.0328
0.0328
0.0328
0.0328
0.0328
0.0328
0.0328
0.0328
0.0328
0.0328
0.0328
0.0328
0.0328
0.0328
0.0328
0.0328
0.0328
0.0328
0.0328
0.0328
0.0328
0.0328
0.0328
0.0328
0.0328
0.0328
0.0328
0.0328
0.0328
0.0328
0.0328
0.0328
0.0328
0.0328
0.0328
0.0328
0.0328
0.0328
0.0328
0.0328
0.0328
0.0328
0.0328
0.0328
0.0328
0.0328
0.0328
0.0328
0.0328
0.0328
0.0328
0.0328
0.0328
0.0328
0.0328
0.0328
0.0328
0.0328
0.0328
0.0328
0.0328
0.0328
0.0328
0.0328
0.0328
0.0328
0.0328
0.0328
0.0328
0.0328
0.0328
0.0328
0.0328
0.0328
0.0328
0.0328
0.0328
0.0328
0.0328
0.0328
0.0328
0.0328
0.0328
0.0328
0.0328
0.0328
0.0328
0.0328
0.0328
0.0328
0.0328
0.0328
0.0328
0.0328
0.0328
0.0328
0.0328
0.0328
0.0328
0.0328
0.0328
0.0328
0.0328
0.0328
0.0328
0.0328
0.0328
0.0328
0.0328
0.0328
0.0328
0.0328
0.0328
0.0328
0.0328
0.0328
0.0328
0.0328
0.0328
0.0328
0.0328
0.0328
0.0328
0.0328
0.0328
0.0328
0.0328
0.0328
0.0328
0.0328
0.0328
0.0328
0.0328
0.0328
0.0328
0.0328
0.0328
0.0328
0.0328
0.0328
0.0328
0.0328
0.0328
0.0328
0.0328
0.0328
0.0328
0.0328
0.0328
0.0328
0.0328
0.0328
0.0328
0.0328
0.0328
0.0328
0.0328
0.0328
0.0328
0.0328
0.0328
0.0328
0.0328
0.0328
0.0328
0.0328
0.0328
0.0328
0.0328
0.0328
0.0328
0.0328
0.0328
0.0328
0.0328
0.0328
0.0328
0.0328
0.0328
0.0328
0.0328
0.0328
0.0328
0.0328
0.0328
0.0328
0.0328
0.0328
0.0328
0.0328
0.0328
0.0328
0.0328
0.0328
0.0328
0.0328
0.0328
0.0328
0.0328
0.0328
0.0328
0.0328
0.0328
0.0328
0.0328
0.0328
0.0328
0.0328
0.0328
0.0328
0.0328
0.0328
0.0328
0.0328
0.0328
0.0328
0.0328
0.0328
0.0328
0.0328
0.0328
0.0328
0.0328
0.0328
0.0328
0.0328
0.0328
0.0328
0.0328
0.0328
0.0328
0.0328
0.0328
0.0328
0.0328
0.0328
0.0328
0.0328
0.0328
0.0328
0.0328
0.0328
0.0328
0.0328
0.0328
0.0328
0.0328
0.0328
0.0328
0.0328
0.0328
0.0328
0.0328
0.0328
0.0328
0.0328
0.0328
0.0328
0.0328
0.0328
0.0328
0.0328
0.0328
0.0328
0.0328
0.0328
0.0328
0.0328
0.0328
0.0328
0.0328
0.0328
0.0328
0.0328
0.0328
0.0328
0.0328
0.0328
0.0328
0.0328
0.0328
0.0328
0.0328
0.0328
0.0328
0.0328
0.0328
0.0328
0.0328
0.0328
0.0328
0.0328
0.0328
0.0328
0.0328
0.0328
0.0328
0.0328
0.0328
0.0328
0.0328
0.0328
0.0328
0.0328
0.0328
0.0328
0.0328
0.0328
0.0328
0.0328
0.0328
0.0328
0.0328
0.0328
0.0328
0.0328
0.0328
0.0328
0.0328
0.0328
0.0328
0.0328
