0.0328
0.3148
0.346
0.3236
0.3128
0.2812
0.292
0.276
0.2952
0.2704
0.274
0.2684
0.262
0.2488
0.242
0.2348
0.2412
0.2252
0.222
0.208
0.2044
0.2004
0.2096
0.1956
0.1876
0.1632
0.1684
0.1636
0.1624
0.1476
0.15
0.1536
0.1472
0.1352
0.1388
0.1396
0.148
0.1468
0.1516
0.138
0.1308
0.1316
0.1276
0.1356
0.1264
0.1316
0.13
0.1204
0.1276
0.1212
0.1388
0.1248
0.1352
0.1224
0.1272
0.1312
0.1316
0.1272
0.1148
0.1264
0.1136
0.124
0.1152
0.1112
0.1108
0.0984
0.106
0.1012
0.1112
0.1048
0.1104
0.11
0.1024
0.098
0.0952
0.0928
0.0964
0.0924
0.0888
0.1024
0.0924
0.0976
0.098
0.1004
0.1
0.0948
0.104
0.096
0.098
0.092
0.086
0.0812
0.0824
0.0856
0.0772
0.08
0.0796
0.0868
0.0824
0.0896
0.092
0.0864
0.092
0.0916
0.0948
0.0936
0.0952
0.1024
0.1
0.102
0.104
0.098
0.0964
0.0932
0.0948
0.1028
0.1068
0.1076
0.1052
0.1044
0.1032
0.1028
0.1036
0.106
0.1076
0.1164
0.1152
0.1172
0.1148
0.1132
0.1216
0.0976
0.098
0.088
0.0868
0.0824
0.0812
0.0768
0.0752
0.078
0.08
0.08
0.082
0.0836
0.0824
0.08
0.0864
0.0796
0.0788
0.0736
0.0788
0.0772
0.0828
0.0828
0.09
0.0768
0.0764
0.0828
0.0816
0.08
0.072
0.0728
0.0744
0.0768
0.0792
0.0844
0.0856
0.0868
0.084
0.0872
0.086
0.0892
0.09
0.088
0.0972
0.0952
0.0884
0.0996
0.0828
0.0912
0.0856
0.0896
0.0884
0.0852
0.0772
0.076
0.0748
0.0692
0.0696
0.0756
0.0784
0.0872
0.0892
0.0828
0.088
0.096
0.0868
0.0844
0.0804
0.0816
0.0852
0.0876
0.086
0.0868
0.0908
0.088
0.0908
0.094
0.0972
0.0948
0.096
0.104
0.0988
0.0952
0.0904
0.0992
0.0976
0.1108
0.1088
0.11
0.1088
0.1028
0.1048
0.1132
0.102
0.1032
0.0984
0.0932
0.0852
0.0928
0.0888
0.0836
0.09
0.0896
0.078
0.0864
0.0808
0.088
0.0868
0.0936
0.0828
0.0796
0.072
0.0716
0.0744
0.0692
0.0616
0.0668
0.0644
0.0644
0.07
0.0684
0.078
0.0676
0.0756
0.0752
0.072
0.066
0.0712
0.068
0.0752
0.068
0.0772
0.0716
0.0736
0.068
0.0652
0.0632
0.064
0.0624
0.054
0.0512
0.0512
0.0536
0.0552
0.0568
0.0568
0.056
0.0596
0.0616
0.0676
0.0688
0.0744
0.0712
0.0704
0.0732
0.0772
0.0776
0.0736
0.068
0.0692
0.0708
0.072
0.0764
0.0724
0.08
0.082
0.0892
0.0764
0.0876
0.0808
0.0792
0.0812
0.0876
0.0724
0.0752
0.0712
0.0744
0.07
0.0768
0.0588
0.056
0.05
0.05
0.0512
0.0516
0.0544
0.0536
0.058
0.056
0.056
0.0564
0.0556
0.0604
0.0588
0.0688
0.0688
0.0752
0.0768
0.082
0.0852
0.0936
0.0724
0.0752
0.07
0.0736
0.0736
0.0776
0.0744
0.0764
0.0728
0.0732
0.0624
0.0636
0.0612
0.0616
0.0632
0.0592
0.0556
0.0596
0.0588
0.0568
0.0556
0.0516
0.0484
0.0468
0.044
0.044
0.0424
0.0432
0.0396
0.0388
0.0352
0.038
0.0356
0.0368
0.0348
0.0356
0.036
0.036
0.0368
0.0392
0.0364
0.04
0.0352
0.036
0.0348
0.0348
0.0332
0.0332
0.0324
0.0332
0.0324
0.0332
0.0324
0.0332
0.0324
0.0332
0.0324
0.0332
0.0324
0.0332
0.0324
0.0332
0.0324
0.0332
0.0324
0.0332
0.0324
0.0332
0.0324
0.0332
0.0324
0.0332
0.0324
0.0332
0.0324
0.0332
0.0324
0.0332
0.0324
0.0332
0.0324
0.0332
0.0324
0.0332
0.0324
0.0332
0.0324
0.0332
0.0324
0.0332
0.0324
0.0332
0.0324
0.0332
0.0324
0.0332
0.0324
0.0332
0.0324
0.0332
0.0324
0.0332
0.0324
0.0332
0.0324
0.0332
0.0324
0.0332
0.0324
0.0332
0.0324
0.0332
0.0324
0.0332
0.0324
0.0332
0.0324
0.0332
0.0324
0.0332
0.0324
0.0332
0.0324
0.0332
0.0324
0.0332
0.0324
0.0332
0.0324
0.0332
0.0324
0.0332
0.0324
0.0332
0.0324
0.0332
0.0324
0.0332
0.0324
0.0332
0.0324
0.0332
0.0324
0.0332
0.0324
0.0332
0.0324
0.0332
0.0324
0.0332
0.0324
0.0332
0.0324
0.0332
0.0324
0.0332
0.0324
0.0332
0.0324
0.0332
0.0324
0.0332
0.0324
0.0332
0.0324
0.0332
0.0324
0.0332
0.0324
0.0332
0.0324
0.0332
0.0324
0.0332
0.0324
0.0332
0.0324
0.0332
0.0324
0.0332
0.0324
0.0332
0.0324
0.0332
0.0324
0.0332
0.0324
0.0332
0.0324
0.0332
0.0324
0.0332
0.0324
0.0332
0.0324
0.0332
0.0324
0.0332
0.0324
0.0332
0.0324
0.0332
0.0324
0.0332
0.0324
0.0332
0.0324
0.0332
0.0324
0.0332
0.0324
0.0332
0.0324
0.0332
0.0324
0.0332
0.0324
0.0332
0.0324
0.0332
0.0324
0.0332
0.0324
0.0332
0.0324
0.0332
0.0324
0.0332
0.0324
0.0332
0.0324
0.0332
0.0324
0.0332
0.0324
0.0332
0.0324
0.0332
0.0324
0.0332
0.0324
0.0332
0.0324
0.0332
0.0324
0.0332
0.0324
0.0332
0.0324
0.0332
0.0324
0.0332
0.0324
0.0332
0.0324
0.0332
0.0324
0.0332
0.0324
0.0332
0.0324
0.0332
0.0324
0.0332
0.0324
0.0332
0.0324
0.0332
0.0324
0.0332
0.0324
0.0332
0.0324
0.0332
0.0324
0.0332
0.0324
0.0332
0.0324
0.0332
0.0324
0.0332
0.0324
0.0332
0.0324
0.0332
0.0324
0.0332
0.0324
0.0332
0.0324
0.0332
0.0324
0.0332
0.0324
0.0332
0.0324
0.0332
0.0324
0.0332
0.0324
0.0332
0.0324
0.0332
0.0324
0.0332
0.0324
0.0332
0.0324
0.0332
0.0324
0.0332
0.0324
0.0332
0.0324
0.0332
0.0324
0.0332
0.0324
0.0332
0.0324
0.0332
0.0324
0.0332
0.0324
0.0332
0.0324
0.0332
0.0324
0.0332
0.0324
0.0332
0.0324
0.0332
0.0324
0.0332
0.0324
0.0332
0.0324
0.0332
0.0324
0.0332
0.0324
0.0332
0.0324
0.0332
0.0324
0.0332
0.0324
0.0332
0.0324
0.0332
0.0324
0.0332
0.0324
0.0332
0.0324
0.0332
0.0324
0.0332
0.0324
0.0332
0.0324
0.0332
0.0324
0.0332
0.0324
0.0332
0.0324
0.0332
0.0324
0.0332
0.0324
0.0332
0.0324
0.0332
0.0324
0.0332
0.0324
0.0332
0.0324
0.0332
0.0324
0.0332
0.0324
0.0332
0.0324
0.0332
0.0324
0.0332
0.0324
0.0332
0.0324
0.0332
0.0324
0.0332
0.0324
0.0332
0.0324
0.0332
0.0324
0.0332
0.0324
0.0332
0.0324
0.0332
0.0324
0.0332
0.0324
0.0332
0.0324
0.0332
0.0324
0.0332
0.0324
0.0332
0.0324
0.0332
0.0324
0.0332
0.0324
0.0332
0.0324
0.0332
0.0324
0.0332
0.0324
0.0332
0.0324
0.0332
0.0324
0.0332
0.0324
0.0332
0.0324
0.0332
0.0324
0.0332
0.0324
0.0332
0.0324
0.0332
0.0324
0.0332
0.0324
0.0332
0.0324
0.0332
0.0324
0.0332
0.0324
0.0332
0.0324
0.0332
0.0324
0.0332
0.0324
0.0332
0.0324
0.0332
0.0324
0.0332
0.0324
0.0332
0.0324
0.0332
0.0324
0.0332
0.0324
0.0332
0.0324
0.0332
0.0324
0.0332
0.0324
0.0332
0.0324
0.0332
0.0324
0.0332
0.0324
0.0332
0.0324
0.0332
0.0324
0.0332
0.0324
0.0332
0.0324
0.0332
0.0324
0.0332
0.0324
0.0332
0.0324
0.0332
0.0324
0.0332
0.0324
0.0332
0.0324
0.0332
0.0324
0.0332
0.0324
0.0332
0.0324
0.0332
0.0324
0.0332
0.0324
0.0332
0.0324
0.0332
0.0324
0.0332
0.0324
0.0332
0.0324
0.0332
0.0324
0.0332
0.0324
0.0332
0.0324
0.0332
0.0324
0.0332
0.0324
0.0332
0.0324
0.0332
0.0324
0.0332
0.0324
0.0332
0.0324
0.0332
0.0324
0.0332
0.0324
0.0332
0.0324
0.0332
0.0324
0.0332
0.0324
0.0332
0.0324
0.0332
0.0324
0.0332
0.0324
0.0332
0.0324
0.0332
0.0324
0.0332
0.0324
0.0332
0.0324
0.0332
0.0324
0.0332
0.0324
0.0332
0.0324
0.0332
0.0324
0.0332
0.0324
0.0332
0.0324
0.0332
0.0324
0.0332
0.0324
0.0332
0.0324
0.0332
0.0324
0.0332
0.0324
0.0332
0.0324
0.0332
0.0324
0.0332
0.0324
0.0332
0.0324
0.0332
0.0324
0.0332
0.0324
0.0332
0.0324
0.0332
0.0324
0.0332
0.0324
0.0332
0.0324
0.0332
0.0324
0.0332
0.0324
0.0332
0.0324
0.0332
0.0324
0.0332
0.0324
0.0332
0.0324
0.0332
0.0324
0.0332
0.0324
0.0332
0.0324
0.0332
0.0324
0.0332
0.0324
0.0332
0.0324
0.0332
0.0324
0.0332
0.0324
0.0332
0.0324
0.0332
0.0324
0.0332
0.0324
0.0332
0.0324
0.0332
0.0324
0.0332
0.0324
0.0332
0.0324
0.0332
0.0324
0.0332
0.0324
0.0332
0.0324
0.0332
0.0324
0.0332
0.0324
0.0332
0.0324
0.0332
0.0324
0.0332
0.0324
0.0332
0.0324
0.0332
0.0324
0.0332
0.0324
0.0332
0.0324
