0.0504
0.2864
0.344
0.2896
0.2916
0.2596
0.2772
0.2596
0.2652
0.2388
0.2312
0.2192
0.2076
0.206
0.1968
0.2016
0.1992
0.1876
0.1768
0.1716
0.1724
0.1716
0.1588
0.1684
0.1632
0.156
0.1412
0.146
0.148
0.144
0.14
0.1504
0.1468
0.146
0.14
0.144
0.13
0.1328
0.1312
0.136
0.1348
0.1496
0.1508
0.1496
0.1436
0.1316
0.124
0.1284
0.1316
0.1264
0.1164
0.1144
0.1128
0.1184
0.1312
0.1296
0.1316
0.1396
0.1444
0.1364
0.1364
0.1276
0.142
0.1376
0.1288
0.1348
0.1284
0.1208
0.1192
0.1216
0.1224
0.1204
0.1188
0.122
0.136
0.1312
0.1348
0.1212
0.1268
0.126
0.1208
0.124
0.1156
0.1132
0.1248
0.116
0.1068
0.1064
0.1016
0.1052
0.0988
0.1016
0.0932
0.0928
0.0892
0.0828
0.082
0.0864
0.086
0.084
0.076
0.0748
0.0732
0.0764
0.0768
0.0808
0.0812
0.074
0.0748
0.0752
0.0824
0.0836
0.0844
0.084
0.0852
0.0836
0.0824
0.0876
0.0792
0.0856
0.0836
0.0912
0.0756
0.0744
0.0744
0.0748
0.082
0.0832
0.082
0.0848
0.0856
0.0908
0.086
0.0976
0.0824
0.0944
0.0856
0.0856
0.0872
0.0952
0.0908
0.0976
0.0916
0.0976
0.1052
0.1044
0.0944
0.0856
0.0824
0.0784
0.0888
0.0888
0.0928
0.084
0.088
0.0792
0.084
0.0784
0.084
0.0752
0.074
0.07
0.0676
0.0652
0.066
0.0672
0.0612
0.0708
0.0644
0.0712
0.0756
0.0704
0.0728
0.0688
0.0624
0.0656
0.0608
0.0636
0.0568
0.0604
0.0612
0.0568
0.0644
0.0608
0.0732
0.0676
0.0716
0.0752
0.0836
0.0632
0.0728
0.068
0.074
0.0732
0.0784
0.0764
0.0824
0.0872
0.0832
0.0896
0.0792
0.0768
0.078
0.078
0.0824
0.0844
0.0856
0.0824
0.078
0.0796
0.0848
0.0856
0.0872
0.0832
0.0832
0.0708
0.0748
0.072
0.0776
0.0664
0.0668
0.0692
0.0692
0.0676
0.0728
0.0688
0.0664
0.0632
0.0624
0.0632
0.0708
0.0624
0.0644
0.0628
0.064
0.0688
0.0676
0.066
0.0756
0.0664
0.0676
0.0708
0.0716
0.0752
0.0772
0.082
0.078
0.0696
0.0736
0.0688
0.0612
0.0664
0.0604
0.0644
0.062
0.0668
0.0636
0.0644
0.0656
0.064
0.0628
0.0684
0.0644
0.0668
0.0696
0.0624
0.0664
0.064
0.058
0.0632
0.0588
0.0644
0.0628
0.0688
0.0704
0.074
0.0764
0.0756
0.0768
0.0768
0.0764
0.0756
0.082
0.08
0.0884
0.092
0.0872
0.0856
0.0888
0.0872
0.086
0.0832
0.0924
0.0848
0.0864
0.082
0.0828
0.0832
0.0808
0.0888
0.0856
0.098
0.0856
0.0904
0.0904
0.0916
0.0932
0.0976
0.0912
0.0864
0.092
0.092
0.0884
0.0864
0.0884
0.0872
0.0888
0.0888
0.0952
0.0972
0.102
0.0956
0.0956
0.1068
0.1044
0.1056
0.1064
0.1032
0.1048
0.0988
0.0984
0.1044
0.1032
0.106
0.1068
0.1176
0.1068
0.1144
0.1176
0.1284
0.1096
0.122
0.1156
0.1124
0.1096
0.1088
0.1048
0.1012
0.0976
0.0988
0.0916
0.0888
0.092
0.0912
0.094
0.0936
0.0968
0.1064
0.102
0.0996
0.1064
0.1004
0.1116
0.0976
0.0984
0.0996
0.0932
0.1064
0.0944
0.0928
0.0944
0.0992
0.0948
0.0972
0.0932
0.098
0.0992
0.1004
0.0956
0.0968
0.0944
0.0956
0.0952
0.092
0.0916
0.094
0.0872
0.086
0.096
0.0876
0.0936
0.0956
0.096
0.096
0.0996
0.0964
0.098
0.0972
0.102
0.0964
0.0876
0.0876
0.0932
0.0844
0.0836
0.0788
0.08
0.0832
0.0856
0.0928
0.09
0.0816
0.0852
0.084
0.0924
0.0876
0.0896
0.0848
0.074
0.0736
0.0764
0.07
0.0784
0.0684
0.0712
0.0648
0.0688
0.0636
0.0612
0.0632
0.066
0.0656
0.0672
0.0688
0.0784
0.0756
0.0756
0.0808
0.0856
0.0872
0.0836
0.0876
0.0864
0.086
0.0844
0.08
0.0684
0.0664
0.0656
0.0664
0.0652
0.0732
0.0724
0.0824
0.0828
0.0912
0.0984
0.0996
0.1056
0.112
0.1052
0.1112
0.1064
0.11
0.1092
0.1116
0.108
0.114
0.1136
0.1176
0.1128
0.1252
0.1296
0.1256
0.1244
0.1132
0.1188
0.1176
0.1144
0.1172
0.108
0.1136
0.1064
0.118
0.1124
0.1196
0.1188
0.1196
0.1216
0.1188
0.1184
0.1176
0.1244
0.116
0.1292
0.1224
0.136
0.1292
0.1268
0.1148
0.1008
0.1052
0.1064
0.108
0.1164
0.112
0.1148
0.1144
0.1072
0.1172
0.1096
0.11
0.1028
0.1084
0.108
0.1084
0.1092
0.104
0.1076
0.1028
0.098
0.1024
0.1144
0.1052
0.1076
0.094
0.1056
0.0968
0.0932
0.092
0.0916
0.1016
0.0956
0.1072
0.104
0.1008
0.1028
0.0996
0.0908
0.0868
0.084
0.0796
0.0848
0.0884
0.0876
0.0916
0.088
0.094
0.0916
0.0912
0.0912
0.0984
0.1012
0.102
0.1032
0.1036
0.1012
0.1
0.0988
0.1116
0.1028
0.116
0.1036
0.1016
0.0968
0.1064
0.1084
0.1088
0.1064
0.1176
0.1076
0.1136
0.1092
0.1144
0.102
0.1132
0.104
0.1224
0.1104
0.1112
0.1156
0.1168
0.1188
0.1224
0.1172
0.1232
0.124
0.1184
0.116
0.1212
0.1268
0.1228
0.1272
0.1168
0.1192
0.1064
0.1204
0.106
0.0992
0.1004
0.0956
0.0964
0.092
0.0952
0.0932
0.0904
0.104
0.0936
0.0936
0.0908
0.0952
0.1048
0.0948
0.092
0.0856
0.0892
0.096
0.0984
0.102
0.1004
0.1012
0.1024
0.11
0.1004
0.0964
0.0912
0.0928
0.0896
0.0856
0.0912
0.0848
0.0972
0.0996
0.0988
0.0972
0.1016
0.1092
0.1076
0.1184
0.1148
0.1232
0.1296
0.1284
0.114
0.1148
0.1112
0.1144
0.1196
0.1128
0.1152
0.1104
0.1124
0.1192
0.1108
0.1152
0.114
0.116
0.1132
0.1204
0.1172
0.1212
0.1064
0.114
0.1064
0.1136
0.1056
0.1172
0.1124
0.1068
0.1068
0.1116
0.1172
0.116
0.1148
0.1272
0.1176
0.1328
0.1052
0.1136
0.1056
0.112
0.1024
0.098
0.094
0.088
0.0884
0.0868
0.0848
0.088
0.0792
0.0828
0.0848
0.0812
0.084
0.0908
0.0908
0.0904
0.088
0.0812
0.0824
0.0856
0.0916
0.0836
0.0804
0.0836
0.0796
0.0804
0.0892
0.0764
0.0852
0.0764
0.0816
0.0836
0.0832
0.0896
0.0788
0.0828
0.0872
0.0824
0.0816
0.0764
0.0776
0.0704
0.0712
0.0624
0.064
0.0644
0.0616
0.0644
0.0688
0.0728
0.0732
0.0868
0.0832
0.0864
0.0788
0.0948
0.086
0.0848
0.0884
0.084
0.0868
0.0864
0.0788
0.074
0.0708
0.0668
0.0688
0.068
0.068
0.0612
0.064
0.0684
0.0664
0.0688
0.0688
0.0692
0.0736
0.0732
0.0732
0.0772
0.0728
0.072
0.068
0.0728
0.0736
0.0716
0.0676
0.0664
0.0656
0.0652
0.0644
0.0592
0.0628
0.0604
0.0688
0.0612
0.0644
0.064
0.0612
0.0608
0.0544
0.0552
0.0496
0.054
0.0536
0.0556
0.0572
0.0556
0.0632
0.0656
0.0628
0.0652
0.07
0.0648
0.068
0.0708
0.0708
0.0748
0.0772
0.0876
0.0784
0.078
0.0768
0.08
0.0696
0.068
0.0564
0.0524
0.056
0.0584
0.0636
0.0576
0.054
0.0556
0.0512
0.0448
0.0504
0.0488
0.0488
0.0484
0.054
0.0384
0.0408
0.0388
0.0416
0.0388
0.0392
0.0364
0.0388
0.0364
0.0376
0.0384
0.0384
0.0384
0.0396
0.0404
0.0396
0.04
0.0428
0.0436
0.0436
0.0444
0.0484
0.048
0.0488
0.0496
0.0476
0.0572
0.0472
0.0428
0.0436
0.0408
0.0396
0.0408
0.0436
0.0404
0.0484
0.042
0.0504
0.0456
0.0524
0.0496
0.0544
0.0556
0.0584
0.044
0.0432
0.0456
0.0412
0.0392
0.0388
0.0388
0.0388
0.0388
0.0384
0.044
0.038
0.0364
0.0376
0.036
0.0364
0.0368
0.0372
0.0376
0.0384
0.036
0.0372
0.0372
0.0384
0.0388
0.0404
0.0388
0.0368
0.0372
0.0376
0.0408
0.0376
0.0392
0.038
0.0368
0.0384
0.0372
0.0372
0.0384
0.0368
0.0368
0.0364
0.0368
0.0372
0.0376
0.0388
0.0384
0.0408
0.0388
0.0416
0.0408
0.0428
0.0448
0.0456
0.0452
0.0476
0.0432
0.0452
0.044
0.0436
0.0448
0.046
0.0492
0.0488
0.0476
0.0504
0.048
0.048
0.0488
0.0508
0.048
0.0492
0.0512
0.0484
0.0484
0.0508
0.052
0.0528
0.0484
0.05
0.0504
0.0488
0.0508
0.054
0.048
0.0472
0.048
0.0548
0.052
0.0512
0.0544
0.0508
0.058
0.0536
0.0584
0.0568
0.0592
0.058
0.0648
0.0612
0.064
0.0628
0.062
0.0656
0.0576
0.0644
0.0572
0.056
0.0628
0.0608
0.0668
0.0632
0.0616
0.0576
0.0612
0.0592
0.0632
0.064
0.0656
0.0624
0.058
0.0528
0.0492
0.0524
0.0516
0.0576
0.0572
0.0608
0.058
0.058
0.06
0.0552
0.0532
0.0508
0.0508
