0.0492
0.2956
0.3456
0.28
0.258
0.264
0.2532
0.246
0.2408
0.2192
0.2072
0.1968
0.1912
0.1824
0.18
0.17
0.1628
0.158
0.1456
0.1468
0.148
0.142
0.1428
0.1416
0.1512
0.1444
0.1448
0.1308
0.132
0.1328
0.13
0.13
0.1256
0.126
0.1208
0.126
0.1268
0.1268
0.1356
0.1248
0.12
0.12
0.1188
0.1184
0.1044
0.1108
0.1076
0.1028
0.1024
0.0944
0.0908
0.0848
0.092
0.0892
0.0908
0.0976
0.082
0.0804
0.0772
0.0784
0.08
0.082
0.08
0.0772
0.0768
0.0748
0.0664
0.0672
0.0696
0.0692
0.0716
0.072
0.0684
0.072
0.076
0.076
0.0744
0.076
0.0788
0.0868
0.0936
0.088
0.0956
0.0896
0.0904
0.0852
0.0824
0.0852
0.0896
0.0924
0.0976
0.0972
0.0996
0.084
0.084
0.0784
0.0804
0.0748
0.074
0.0796
0.07
0.068
0.0664
0.0752
0.064
0.0644
0.0652
0.068
0.0636
0.064
0.0696
0.0648
0.0696
0.0692
0.07
0.0688
0.078
0.0776
0.0736
0.0844
0.0696
0.0752
0.0728
0.0732
0.072
0.066
0.0568
0.0512
0.0492
0.0488
0.0492
0.0524
0.0488
0.0476
0.0504
0.054
0.058
0.0528
0.062
0.0564
0.0648
0.0628
0.0668
0.0536
0.052
0.0528
0.0532
0.056
0.0556
0.0524
0.0556
0.0568
0.058
0.0588
0.0564
0.0556
0.0584
0.054
0.0548
0.0556
0.0544
0.0552
0.058
0.0568
0.058
0.0584
0.0528
0.0532
0.0528
0.048
0.048
0.0472
0.0484
0.0484
0.0508
0.054
0.048
0.048
0.0496
0.048
0.0472
0.0448
0.0484
0.0452
0.0464
0.0452
0.0468
0.0456
0.0428
0.0464
0.0444
0.0444
0.0424
0.042
0.04
0.042
0.0404
0.0384
0.038
0.0392
0.0396
0.0424
0.0416
0.0448
0.042
0.0436
0.0452
0.0432
0.0432
0.0448
0.044
0.0452
0.0444
0.0472
0.0484
0.0448
0.046
0.0464
0.044
0.05
0.0436
0.0436
0.0444
0.0464
0.042
0.0424
0.0416
0.042
0.0416
0.0428
0.0416
0.044
0.0452
0.0424
0.0436
0.0428
0.0424
0.0432
0.0428
0.0452
0.044
0.0468
0.0464
0.0496
0.0492
0.0588
0.0508
0.0592
0.0576
0.0668
0.0632
0.0716
0.0708
0.0824
0.0684
0.07
0.062
0.0632
0.0596
0.0564
0.058
0.0588
0.0592
0.0604
0.0664
0.0608
0.0632
0.0648
0.064
0.062
0.0548
0.0544
0.0568
0.0536
0.0544
0.056
0.0576
0.0564
0.0548
0.0588
0.0564
0.0584
0.058
0.0632
0.0632
0.0692
0.0612
0.0708
0.0596
0.0604
0.0644
0.0596
0.0632
0.0624
0.0636
0.0656
0.0648
0.068
0.072
0.0628
0.0652
0.0712
0.0696
0.0752
0.074
0.0736
0.0688
0.0692
0.074
0.0616
0.0676
0.0648
0.0664
0.0684
0.0656
0.0664
0.0672
0.0712
0.068
0.0716
0.074
0.084
0.0744
0.0752
0.0708
0.0644
0.0648
0.068
0.0684
0.07
0.0668
0.0736
0.0744
0.0768
0.0672
0.0724
0.0624
0.0712
0.0624
0.0672
0.0636
0.0628
0.0652
0.0608
0.0624
0.0652
0.0676
0.0676
0.0648
0.0752
0.0676
0.0644
0.0656
0.062
0.0656
0.0636
0.0688
0.0612
0.0724
0.0612
0.0656
0.0588
0.0604
0.0608
0.0624
0.0628
0.0636
0.0636
0.0676
0.0628
0.0616
0.0648
0.0652
0.0624
0.0624
0.0588
0.06
0.06
0.0604
0.064
0.0636
0.0584
0.0592
0.0536
0.0548
0.0524
0.0492
0.0516
0.0464
0.0412
0.044
0.0392
0.0364
0.0364
0.0392
0.0392
0.0404
0.042
0.0424
0.0436
0.0428
0.0444
0.044
0.0464
0.0484
0.044
0.0404
0.0416
0.038
0.0428
0.0364
0.0396
0.0368
0.0368
0.0388
0.0364
0.0356
0.0344
0.034
0.0356
0.0376
0.0388
0.038
0.0356
0.0336
0.0348
0.032
0.0352
0.034
0.038
0.0356
0.0452
0.0356
0.038
0.0372
0.0396
0.0416
0.0424
0.0408
0.0448
0.0416
0.0448
0.0432
0.0492
0.0448
0.0416
0.0336
0.0332
0.0332
0.0344
0.0344
0.0356
0.04
0.0396
0.0408
0.0412
0.0376
0.0416
0.0344
0.0336
0.0296
0.0272
0.0252
0.026
0.0248
0.0248
0.0264
0.0264
0.0244
0.0248
0.0236
0.0232
0.0232
0.024
0.0248
0.0256
0.0276
0.0276
0.0296
0.0296
0.028
0.0276
0.0292
0.0264
0.0252
0.0244
0.0224
0.0216
0.022
0.022
0.0224
0.0212
0.0208
0.02
0.0192
0.0188
0.018
0.018
0.018
0.018
0.018
0.018
0.018
0.018
0.018
0.018
0.018
0.018
0.018
0.018
0.018
0.018
0.018
0.018
0.018
0.018
0.018
0.018
0.018
0.018
0.018
0.018
0.018
0.018
0.018
0.018
0.018
0.018
0.018
0.018
0.018
0.018
0.018
0.018
0.018
0.018
0.018
0.018
0.018
0.018
0.018
0.018
0.018
0.018
0.018
0.018
0.018
0.018
0.018
0.018
0.018
0.018
0.018
0.018
0.018
0.018
0.018
0.018
0.018
0.018
0.018
0.018
0.018
0.018
0.018
0.018
0.018
0.018
0.018
0.018
0.018
0.018
0.018
0.018
0.018
0.018
0.018
0.018
0.018
0.018
0.018
0.018
0.018
0.018
0.018
0.018
0.018
0.018
0.018
0.018
0.018
0.018
0.018
0.018
0.018
0.018
0.018
0.018
0.018
0.018
0.018
0.018
0.018
0.018
0.018
0.018
0.018
0.018
0.018
0.018
0.018
0.018
0.018
0.018
0.018
0.018
0.018
0.018
0.018
0.018
0.018
0.018
0.018
0.018
0.018
0.018
0.018
0.018
0.018
0.018
0.018
0.018
0.018
0.018
0.018
0.018
0.018
0.018
0.018
0.018
0.018
0.018
0.018
0.018
0.018
0.018
0.018
0.018
0.018
0.018
0.018
0.018
0.018
0.018
0.018
0.018
0.018
0.018
0.018
0.018
0.018
0.018
0.018
0.018
0.018
0.018
0.018
0.018
0.018
0.018
0.018
0.018
0.018
0.018
0.018
0.018
0.018
0.018
0.018
0.018
0.018
0.018
0.018
0.018
0.018
0.018
0.018
0.018
0.018
0.018
0.018
0.018
0.018
0.018
0.018
0.018
0.018
0.018
0.018
0.018
0.018
0.018
0.018
0.018
0.018
0.018
0.018
0.018
0.018
0.018
0.018
0.018
0.018
0.018
0.018
0.018
0.018
0.018
0.018
0.018
0.018
0.018
0.018
0.018
0.018
0.018
0.018
0.018
0.018
0.018
0.018
0.018
0.018
0.018
0.018
0.018
0.018
0.018
0.018
0.018
0.018
0.018
0.018
0.018
0.018
0.018
0.018
0.018
0.018
0.018
0.018
0.018
0.018
0.018
0.018
0.018
0.018
0.018
0.018
0.018
0.018
0.018
0.018
0.018
0.018
0.018
0.018
0.018
0.018
0.018
0.018
0.018
0.018
0.018
0.018
0.018
0.018
0.018
0.018
0.018
0.018
0.018
0.018
0.018
0.018
0.018
0.018
0.018
0.018
0.018
0.018
0.018
0.018
0.018
0.018
0.018
0.018
0.018
0.018
0.018
0.018
0.018
0.018
0.018
0.018
0.018
0.018
0.018
0.018
0.018
0.018
0.018
0.018
0.018
0.018
0.018
0.018
0.018
0.018
0.018
0.018
0.018
0.018
0.018
0.018
0.018
0.018
0.018
0.018
0.018
0.018
0.018
0.018
0.018
0.018
0.018
0.018
0.018
0.018
0.018
0.018
0.018
0.018
0.018
0.018
0.018
0.018
0.018
0.018
0.018
0.018
0.018
0.018
0.018
0.018
0.018
0.018
0.018
0.018
0.018
0.018
0.018
0.018
0.018
0.018
0.018
0.018
0.018
0.018
0.018
0.018
0.018
0.018
0.018
0.018
0.018
0.018
0.018
0.018
0.018
0.018
0.018
0.018
0.018
0.018
0.018
0.018
0.018
0.018
0.018
0.018
0.018
0.018
0.018
0.018
0.018
0.018
0.018
0.018
0.018
0.018
0.018
0.018
0.018
0.018
0.018
0.018
0.018
0.018
0.018
0.018
0.018
0.018
0.018
0.018
0.018
0.018
0.018
0.018
0.018
0.018
0.018
0.018
0.018
0.018
0.018
0.018
0.018
0.018
0.018
0.018
0.018
0.018
0.018
0.018
0.018
0.018
0.018
0.018
0.018
0.018
0.018
0.018
0.018
0.018
0.018
0.018
0.018
0.018
0.018
0.018
0.018
0.018
0.018
0.018
0.018
0.018
0.018
0.018
0.018
0.018
0.018
0.018
0.018
0.018
0.018
0.018
0.018
0.018
0.018
0.018
0.018
0.018
0.018
0.018
0.018
0.018
0.018
0.018
0.018
0.018
0.018
0.018
0.018
0.018
0.018
0.018
0.018
0.018
0.018
0.018
0.018
0.018
0.018
0.018
0.018
0.018
0.018
0.018
0.018
0.018
