0.018
0.3072
0.3552
0.2904
0.2788
0.2556
0.2592
0.2468
0.2656
0.2476
0.2528
0.2464
0.2276
0.2432
0.2332
0.2172
0.2244
0.206
0.1924
0.1788
0.1836
0.174
0.1804
0.178
0.1684
0.1588
0.1456
0.1444
0.1384
0.1336
0.1408
0.1268
0.122
0.1088
0.1156
0.1132
0.1176
0.0988
0.0972
0.0984
0.0952
0.0948
0.1012
0.0952
0.1012
0.086
0.0932
0.0988
0.0956
0.1044
0.1036
0.114
0.1136
0.1048
0.1064
0.1108
0.0988
0.098
0.0804
0.0784
0.0816
0.078
0.0776
0.0788
0.0796
0.0824
0.0812
0.08
0.0844
0.0824
0.086
0.082
0.0908
0.088
0.0948
0.0992
0.0972
0.0916
0.0912
0.0976
0.0984
0.1
0.096
0.0972
0.0904
0.0932
0.0872
0.0844
0.0824
0.0832
0.0848
0.0892
0.0892
0.0932
0.0816
0.086
0.0884
0.0872
0.092
0.092
0.0864
0.0864
0.0804
0.0844
0.0868
0.0748
0.0744
0.0808
0.076
0.076
0.0784
0.0744
0.086
0.0784
0.0816
0.0828
0.0788
0.0764
0.0768
0.0688
0.0648
0.0644
0.0592
0.062
0.054
0.0524
0.0504
0.0496
0.0436
0.0504
0.0428
0.0436
0.0408
0.0408
0.0388
0.0368
0.0364
0.036
0.0364
0.036
0.0352
0.0348
0.034
0.034
0.034
0.034
0.034
0.034
0.034
0.034
0.034
0.034
0.034
0.034
0.034
0.034
0.034
0.034
0.034
0.034
0.034
0.034
0.034
0.034
0.034
0.034
0.034
0.034
0.034
0.034
0.034
0.034
0.034
0.034
0.034
0.034
0.034
0.034
0.034
0.034
0.034
0.034
0.034
0.034
0.034
0.034
0.034
0.034
0.034
0.034
0.034
0.034
0.034
0.034
0.034
0.034
0.034
0.034
0.034
0.034
0.034
0.034
0.034
0.034
0.034
0.034
0.034
0.034
0.034
0.034
0.034
0.034
0.034
0.034
0.034
0.034
0.034
0.034
0.034
0.034
0.034
0.034
0.034
0.034
0.034
0.034
0.034
0.034
0.034
0.034
0.034
0.034
0.034
0.034
0.034
0.034
0.034
0.034
0.034
0.034
0.034
0.034
0.034
0.034
0.034
0.034
0.034
0.034
0.034
0.034
0.034
0.034
0.034
0.034
0.034
0.034
0.034
0.034
0.034
0.034
0.034
0.034
0.034
0.034
0.034
0.034
0.034
0.034
0.034
0.034
0.034
0.034
0.034
0.034
0.034
0.034
0.034
0.034
0.034
0.034
0.034
0.034
0.034
0.034
0.034
0.034
0.034
0.034
0.034
0.034
0.034
0.034
0.034
0.034
0.034
0.034
0.034
0.034
0.034
0.034
0.034
0.034
0.034
0.034
0.034
0.034
0.034
0.034
0.034
0.034
0.034
0.034
0.034
0.034
0.034
0.034
0.034
0.034
0.034
0.034
0.034
0.034
0.034
0.034
0.034
0.034
0.034
0.034
0.034
0.034
0.034
0.034
0.034
0.034
0.034
0.034
0.034
0.034
0.034
0.034
0.034
0.034
0.034
0.034
0.034
0.034
0.034
0.034
0.034
0.034
0.034
0.034
0.034
0.034
0.034
0.034
0.034
0.034
0.034
0.034
0.034
0.034
0.034
0.034
0.034
0.034
0.034
0.034
0.034
0.034
0.034
0.034
0.034
0.034
0.034
0.034
0.034
0.034
0.034
0.034
0.034
0.034
0.034
0.034
0.034
0.034
0.034
0.034
0.034
0.034
0.034
0.034
0.034
0.034
0.034
0.034
0.034
0.034
0.034
0.034
0.034
0.034
0.034
0.034
0.034
0.034
0.034
0.034
0.034
0.034
0.034
0.034
0.034
0.034
0.034
0.034
0.034
0.034
0.034
0.034
0.034
0.034
0.034
0.034
0.034
0.034
0.034
0.034
0.034
0.034
0.034
0.034
0.034
0.034
0.034
0.034
0.034
0.034
0.034
0.034
0.034
0.034
0.034
0.034
0.034
0.034
0.034
0.034
0.034
0.034
0.034
0.034
0.034
0.034
0.034
0.034
0.034
0.034
0.034
0.034
0.034
0.034
0.034
0.034
0.034
0.034
0.034
0.034
0.034
0.034
0.034
0.034
0.034
0.034
0.034
0.034
0.034
0.034
0.034
0.034
0.034
0.034
0.034
0.034
0.034
0.034
0.034
0.034
0.034
0.034
0.034
0.034
0.034
0.034
0.034
0.034
0.034
0.034
0.034
0.034
0.034
0.034
0.034
0.034
0.034
0.034
0.034
0.034
0.034
0.034
0.034
0.034
0.034
0.034
0.034
0.034
0.034
0.034
0.034
0.034
0.034
0.034
0.034
0.034
0.034
0.034
0.034
0.034
0.034
0.034
0.034
0.034
0.034
0.034
0.034
0.034
0.034
0.034
0.034
0.034
0.034
0.034
0.034
0.034
0.034
0.034
0.034
0.034
0.034
0.034
0.034
0.034
0.034
0.034
0.034
0.034
0.034
0.034
0.034
0.034
0.034
0.034
0.034
0.034
0.034
0.034
0.034
0.034
0.034
0.034
0.034
0.034
0.034
0.034
0.034
0.034
0.034
0.034
0.034
0.034
0.034
0.034
0.034
0.034
0.034
0.034
0.034
0.034
0.034
0.034
0.034
0.034
0.034
0.034
0.034
0.034
0.034
0.034
0.034
0.034
0.034
0.034
0.034
0.034
0.034
0.034
0.034
0.034
0.034
0.034
0.034
0.034
0.034
0.034
0.034
0.034
0.034
0.034
0.034
0.034
0.034
0.034
0.034
0.034
0.034
0.034
0.034
0.034
0.034
0.034
0.034
0.034
0.034
0.034
0.034
0.034
0.034
0.034
0.034
0.034
0.034
0.034
0.034
0.034
0.034
0.034
0.034
0.034
0.034
0.034
0.034
0.034
0.034
0.034
0.034
0.034
0.034
0.034
0.034
0.034
0.034
0.034
0.034
0.034
0.034
0.034
0.034
0.034
0.034
0.034
0.034
0.034
0.034
0.034
0.034
0.034
0.034
0.034
0.034
0.034
0.034
0.034
0.034
0.034
0.034
0.034
0.034
0.034
0.034
0.034
0.034
0.034
0.034
0.034
0.034
0.034
0.034
0.034
0.034
0.034
0.034
0.034
0.034
0.034
0.034
0.034
0.034
0.034
0.034
0.034
0.034
0.034
0.034
0.034
0.034
0.034
0.034
0.034
0.034
0.034
0.034
0.034
0.034
0.034
0.034
0.034
0.034
0.034
0.034
0.034
0.034
0.034
0.034
0.034
0.034
0.034
0.034
0.034
0.034
0.034
0.034
0.034
0.034
0.034
0.034
0.034
0.034
0.034
0.034
0.034
0.034
0.034
0.034
0.034
0.034
0.034
0.034
0.034
0.034
0.034
0.034
0.034
0.034
0.034
0.034
0.034
0.034
0.034
0.034
0.034
0.034
0.034
0.034
0.034
0.034
0.034
0.034
0.034
0.034
0.034
0.034
0.034
0.034
0.034
0.034
0.034
0.034
0.034
0.034
0.034
0.034
0.034
0.034
0.034
0.034
0.034
0.034
0.034
0.034
0.034
0.034
0.034
0.034
0.034
0.034
0.034
0.034
0.034
0.034
0.034
0.034
0.034
0.034
0.034
0.034
0.034
0.034
0.034
0.034
0.034
0.034
0.034
0.034
0.034
0.034
0.034
0.034
0.034
0.034
0.034
0.034
0.034
0.034
0.034
0.034
0.034
0.034
0.034
0.034
0.034
0.034
0.034
0.034
0.034
0.034
0.034
0.034
0.034
0.034
0.034
0.034
0.034
0.034
0.034
0.034
0.034
0.034
0.034
0.034
0.034
0.034
0.034
0.034
0.034
0.034
0.034
0.034
0.034
0.034
0.034
0.034
0.034
0.034
0.034
0.034
0.034
0.034
0.034
0.034
0.034
0.034
0.034
0.034
0.034
0.034
0.034
0.034
0.034
0.034
0.034
0.034
0.034
0.034
0.034
0.034
0.034
0.034
0.034
0.034
0.034
0.034
0.034
0.034
0.034
0.034
0.034
0.034
0.034
0.034
0.034
0.034
0.034
0.034
0.034
0.034
0.034
0.034
0.034
0.034
0.034
0.034
0.034
0.034
0.034
0.034
0.034
0.034
0.034
0.034
0.034
0.034
0.034
0.034
0.034
0.034
0.034
0.034
0.034
0.034
0.034
0.034
0.034
0.034
0.034
0.034
0.034
0.034
0.034
0.034
0.034
0.034
0.034
0.034
0.034
0.034
0.034
0.034
0.034
0.034
0.034
0.034
0.034
0.034
0.034
0.034
0.034
0.034
0.034
0.034
0.034
0.034
0.034
0.034
0.034
0.034
0.034
0.034
0.034
0.034
0.034
0.034
0.034
0.034
0.034
0.034
0.034
0.034
0.034
0.034
0.034
0.034
0.034
0.034
0.034
0.034
0.034
0.034
0.034
0.034
0.034
0.034
