0.0788
0.286
0.3032
0.2784
0.2756
0.2532
0.2364
0.24
0.2248
0.208
0.2008
0.2056
0.188
0.1964
0.1912
0.1848
0.1744
0.1812
0.1788
0.1652
0.1652
0.1656
0.1656
0.1576
0.1512
0.1592
0.1512
0.1656
0.152
0.1556
0.136
0.1408
0.1384
0.1404
0.1348
0.1364
0.1376
0.1356
0.1388
0.1464
0.1364
0.156
0.1424
0.1348
0.132
0.1236
0.1204
0.118
0.132
0.1328
0.1388
0.1356
0.1448
0.1388
0.14
0.1376
0.1296
0.1304
0.1184
0.1168
0.116
0.114
0.1176
0.11
0.1276
0.1212
0.1236
0.1244
0.1288
0.1264
0.1252
0.1236
0.11
0.1092
0.1096
0.106
0.102
0.1024
0.0996
0.1016
0.0976
0.0904
0.098
0.102
0.1048
0.0976
0.1056
0.0924
0.086
0.0892
0.0944
0.0988
0.1016
0.106
0.1012
0.104
0.0996
0.0988
0.0996
0.0996
0.0928
0.0936
0.0868
0.0916
0.0844
0.0868
0.0804
0.0756
0.0736
0.0724
0.0756
0.072
0.0748
0.0696
0.0712
0.074
0.07
0.0732
0.0732
0.0828
0.0808
0.078
0.0856
0.0792
0.0856
0.078
0.0836
0.0868
0.0868
0.0836
0.0968
0.0844
0.0904
0.0896
0.0772
0.08
0.0812
0.0844
0.082
0.0888
0.0788
0.0804
0.0772
0.0804
0.0768
0.0832
0.0824
0.086
0.0872
0.0808
0.0852
0.08
0.0788
0.0784
0.072
0.0668
0.0716
0.0664
0.0672
0.0672
0.0636
0.0716
0.0748
0.074
0.0724
0.0748
0.0772
0.0668
0.0708
0.0676
0.0716
0.0712
0.0716
0.0676
0.0708
0.064
0.0644
0.0692
0.0664
0.0628
0.068
0.0624
0.0636
0.07
0.068
0.0712
0.0636
0.06
0.0584
0.0628
0.0544
0.0532
0.0504
0.0464
0.0468
0.0408
0.0388
0.0408
0.0404
0.042
0.0396
0.0416
0.0456
0.0456
0.0416
0.0392
0.0396
0.0404
0.04
0.0376
0.0352
0.0364
0.0336
0.0348
0.0316
0.0332
0.0328
0.0336
0.0352
0.0344
0.034
0.0332
0.0304
0.0344
0.0344
0.0352
0.0344
0.0364
0.0352
0.0356
0.038
0.0372
0.044
0.0384
0.0412
0.0388
0.038
0.034
0.0344
0.032
0.03
0.0304
0.03
0.0316
0.0312
0.0344
0.032
0.0356
0.036
0.0388
0.0388
0.0352
0.0336
0.036
0.04
0.0364
0.0332
0.0344
0.0344
0.0308
0.0276
0.0284
0.028
0.0288
0.0272
0.028
0.0292
0.0296
0.0304
0.0304
0.0324
0.0312
0.032
0.034
0.03
0.0296
0.0296
0.0268
0.0268
0.026
0.0284
0.0252
0.0252
0.0244
0.0232
0.0232
0.0232
0.0232
0.0232
0.0232
0.0232
0.0232
0.0232
0.0232
0.0232
0.0232
0.0232
0.0232
0.0232
0.0232
0.0232
0.0232
0.0232
0.0232
0.0232
0.0232
0.0232
0.0232
0.0232
0.0232
0.0232
0.0232
0.0232
0.0232
0.0232
0.0232
0.0232
0.0232
0.0232
0.0232
0.0232
0.0232
0.0232
0.0232
0.0232
0.0232
0.0232
0.0232
0.0232
0.0232
0.0232
0.0232
0.0232
0.0232
0.0232
0.0232
0.0232
0.0232
0.0232
0.0232
0.0232
0.0232
0.0232
0.0232
0.0232
0.0232
0.0232
0.0232
0.0232
0.0232
0.0232
0.0232
0.0232
0.0232
0.0232
0.0232
0.0232
0.0232
0.0232
0.0232
0.0232
0.0232
0.0232
0.0232
0.0232
0.0232
0.0232
0.0232
0.0232
0.0232
0.0232
0.0232
0.0232
0.0232
0.0232
0.0232
0.0232
0.0232
0.0232
0.0232
0.0232
0.0232
0.0232
0.0232
0.0232
0.0232
0.0232
0.0232
0.0232
0.0232
0.0232
0.0232
0.0232
0.0232
0.0232
0.0232
0.0232
0.0232
0.0232
0.0232
0.0232
0.0232
0.0232
0.0232
0.0232
0.0232
0.0232
0.0232
0.0232
0.0232
0.0232
0.0232
0.0232
0.0232
0.0232
0.0232
0.0232
0.0232
0.0232
0.0232
0.0232
0.0232
0.0232
0.0232
0.0232
0.0232
0.0232
0.0232
0.0232
0.0232
0.0232
0.0232
0.0232
0.0232
0.0232
0.0232
0.0232
0.0232
0.0232
0.0232
0.0232
0.0232
0.0232
0.0232
0.0232
0.0232
0.0232
0.0232
0.0232
0.0232
0.0232
0.0232
0.0232
0.0232
0.0232
0.0232
0.0232
0.0232
0.0232
0.0232
0.0232
0.0232
0.0232
0.0232
0.0232
0.0232
0.0232
0.0232
0.0232
0.0232
0.0232
0.0232
0.0232
0.0232
0.0232
0.0232
0.0232
0.0232
0.0232
0.0232
0.0232
0.0232
0.0232
0.0232
0.0232
0.0232
0.0232
0.0232
0.0232
0.0232
0.0232
0.0232
0.0232
0.0232
0.0232
0.0232
0.0232
0.0232
0.0232
0.0232
0.0232
0.0232
0.0232
0.0232
0.0232
0.0232
0.0232
0.0232
0.0232
0.0232
0.0232
0.0232
0.0232
0.0232
0.0232
0.0232
0.0232
0.0232
0.0232
0.0232
0.0232
0.0232
0.0232
0.0232
0.0232
0.0232
0.0232
0.0232
0.0232
0.0232
0.0232
0.0232
0.0232
0.0232
0.0232
0.0232
0.0232
0.0232
0.0232
0.0232
0.0232
0.0232
0.0232
0.0232
0.0232
0.0232
0.0232
0.0232
0.0232
0.0232
0.0232
0.0232
0.0232
0.0232
0.0232
0.0232
0.0232
0.0232
0.0232
0.0232
0.0232
0.0232
0.0232
0.0232
0.0232
0.0232
0.0232
0.0232
0.0232
0.0232
0.0232
0.0232
0.0232
0.0232
0.0232
0.0232
0.0232
0.0232
0.0232
0.0232
0.0232
0.0232
0.0232
0.0232
0.0232
0.0232
0.0232
0.0232
0.0232
0.0232
0.0232
0.0232
0.0232
0.0232
0.0232
0.0232
0.0232
0.0232
0.0232
0.0232
0.0232
0.0232
0.0232
0.0232
0.0232
0.0232
0.0232
0.0232
0.0232
0.0232
0.0232
0.0232
0.0232
0.0232
0.0232
0.0232
0.0232
0.0232
0.0232
0.0232
0.0232
0.0232
0.0232
0.0232
0.0232
0.0232
0.0232
0.0232
0.0232
0.0232
0.0232
0.0232
0.0232
0.0232
0.0232
0.0232
0.0232
0.0232
0.0232
0.0232
0.0232
0.0232
0.0232
0.0232
0.0232
0.0232
0.0232
0.0232
0.0232
0.0232
0.0232
0.0232
0.0232
0.0232
0.0232
0.0232
0.0232
0.0232
0.0232
0.0232
0.0232
0.0232
0.0232
0.0232
0.0232
0.0232
0.0232
0.0232
0.0232
0.0232
0.0232
0.0232
0.0232
0.0232
0.0232
0.0232
0.0232
0.0232
0.0232
0.0232
0.0232
0.0232
0.0232
0.0232
0.0232
0.0232
0.0232
0.0232
0.0232
0.0232
0.0232
0.0232
0.0232
0.0232
0.0232
0.0232
0.0232
0.0232
0.0232
0.0232
0.0232
0.0232
0.0232
0.0232
0.0232
0.0232
0.0232
0.0232
0.0232
0.0232
0.0232
0.0232
0.0232
0.0232
0.0232
0.0232
0.0232
0.0232
0.0232
0.0232
0.0232
0.0232
0.0232
0.0232
0.0232
0.0232
0.0232
0.0232
0.0232
0.0232
0.0232
0.0232
0.0232
0.0232
0.0232
0.0232
0.0232
0.0232
0.0232
0.0232
0.0232
0.0232
0.0232
0.0232
0.0232
0.0232
0.0232
0.0232
0.0232
0.0232
0.0232
0.0232
0.0232
0.0232
0.0232
0.0232
0.0232
0.0232
0.0232
0.0232
0.0232
0.0232
0.0232
0.0232
0.0232
0.0232
0.0232
0.0232
0.0232
0.0232
0.0232
0.0232
0.0232
0.0232
0.0232
0.0232
0.0232
0.0232
0.0232
0.0232
0.0232
0.0232
0.0232
0.0232
0.0232
0.0232
0.0232
0.0232
0.0232
0.0232
0.0232
0.0232
0.0232
0.0232
0.0232
0.0232
0.0232
0.0232
0.0232
0.0232
0.0232
0.0232
0.0232
0.0232
0.0232
0.0232
0.0232
0.0232
0.0232
0.0232
0.0232
0.0232
0.0232
0.0232
0.0232
0.0232
0.0232
0.0232
0.0232
0.0232
0.0232
0.0232
0.0232
0.0232
0.0232
0.0232
0.0232
0.0232
0.0232
0.0232
0.0232
0.0232
0.0232
0.0232
0.0232
0.0232
0.0232
0.0232
0.0232
0.0232
0.0232
0.0232
0.0232
0.0232
0.0232
0.0232
0.0232
0.0232
0.0232
0.0232
0.0232
0.0232
0.0232
0.0232
0.0232
0.0232
0.0232
0.0232
0.0232
0.0232
0.0232
0.0232
0.0232
0.0232
0.0232
0.0232
0.0232
0.0232
0.0232
0.0232
0.0232
0.0232
0.0232
0.0232
0.0232
0.0232
0.0232
0.0232
0.0232
0.0232
0.0232
0.0232
0.0232
0.0232
0.0232
0.0232
0.0232
0.0232
0.0232
0.0232
0.0232
0.0232
0.0232
0.0232
0.0232
0.0232
0.0232
0.0232
0.0232
0.0232
0.0232
0.0232
0.0232
0.0232
0.0232
0.0232
0.0232
0.0232
0.0232
0.0232
0.0232
0.0232
0.0232
0.0232
0.0232
0.0232
0.0232
0.0232
0.0232
0.0232
0.0232
0.0232
0.0232
0.0232
0.0232
0.0232
0.0232
0.0232
0.0232
0.0232
0.0232
0.0232
0.0232
0.0232
0.0232
0.0232
0.0232
0.0232
0.0232
0.0232
0.0232
0.0232
0.0232
0.0232
0.0232
0.0232
0.0232
0.0232
0.0232
0.0232
0.0232
0.0232
0.0232
0.0232
0.0232
0.0232
0.0232
0.0232
0.0232
0.0232
0.0232
0.0232
0.0232
0.0232
0.0232
0.0232
0.0232
0.0232
0.0232
0.0232
0.0232
0.0232
0.0232
0.0232
0.0232
0.0232
0.0232
0.0232
0.0232
0.0232
0.0232
0.0232
0.0232
0.0232
0.0232
0.0232
0.0232
0.0232
0.0232
0.0232
0.0232
0.0232
0.0232
0.0232
0.0232
0.0232
0.0232
0.0232
0.0232
0.0232
0.0232
