0.0232
0.3052
0.3616
0.2856
0.286
0.2576
0.2444
0.2524
0.2316
0.2236
0.22
0.214
0.2016
0.212
0.202
0.2048
0.1972
0.1988
0.1972
0.1976
0.1928
0.1872
0.1892
0.1932
0.1848
0.1816
0.1856
0.1784
0.1656
0.176
0.174
0.1844
0.1788
0.1864
0.1768
0.1616
0.156
0.15
0.1464
0.144
0.1308
0.1348
0.136
0.1376
0.1188
0.1144
0.1208
0.104
0.1228
0.11
0.1196
0.1152
0.1092
0.1088
0.106
0.11
0.1048
0.1116
0.116
0.1156
0.118
0.1244
0.126
0.1192
0.1268
0.1152
0.1184
0.1252
0.1204
0.1172
0.118
0.11
0.1084
0.1044
0.1
0.0984
0.1008
0.0948
0.0936
0.1032
0.1
0.1072
0.11
0.1092
0.1084
0.1156
0.1072
0.0988
0.1076
0.0956
0.0964
0.0972
0.0912
0.0912
0.094
0.0844
0.0892
0.0816
0.0872
0.08
0.072
0.07
0.072
0.0676
0.0668
0.0652
0.0616
0.066
0.0608
0.0656
0.0608
0.0632
0.0632
0.0692
0.0616
0.0672
0.07
0.0708
0.0736
0.078
0.0792
0.082
0.0836
0.0756
0.0828
0.0752
0.0872
0.0772
0.0832
0.0752
0.0812
0.0804
0.0812
0.0748
0.08
0.0828
0.0744
0.0756
0.0692
0.072
0.0744
0.0724
0.0772
0.0752
0.078
0.0756
0.0792
0.0644
0.0676
0.0644
0.0632
0.06
0.0592
0.0584
0.0628
0.0592
0.0616
0.0596
0.0632
0.0636
0.0636
0.0656
0.0712
0.0704
0.0752
0.0716
0.0784
0.072
0.0672
0.0656
0.0636
0.0728
0.0684
0.0736
0.0644
0.0644
0.058
0.0616
0.0548
0.0564
0.058
0.0592
0.0552
0.0524
0.0476
0.0448
0.0492
0.05
0.0468
0.0476
0.0464
0.0472
0.048
0.052
0.0532
0.0544
0.0536
0.0476
0.0568
0.0536
0.0604
0.056
0.0628
0.0636
0.0692
0.058
0.054
0.0588
0.0576
0.0608
0.0712
0.0684
0.0668
0.0724
0.0672
0.0628
0.0632
0.0636
0.0648
0.0684
0.0624
0.0708
0.066
0.0688
0.0664
0.0716
0.072
0.076
0.0812
0.074
0.0776
0.08
0.0804
0.078
0.0792
0.0828
0.0796
0.0884
0.0876
0.0904
0.0804
0.0788
0.0732
0.0728
0.0776
0.0784
0.092
0.0764
0.0784
0.0712
0.0808
0.0668
0.0656
0.0672
0.0672
0.0608
0.0588
0.0568
0.0532
0.0556
0.0516
0.054
0.0508
0.0532
0.048
0.0484
0.052
0.0496
0.05
0.054
0.0508
0.0468
0.0464
0.0456
0.0412
0.0388
0.0428
0.0416
0.0472
0.0428
0.0496
0.0432
0.0472
0.0432
0.0476
0.0408
0.0452
0.0472
0.0492
0.0488
0.0524
0.0588
0.0568
0.0572
0.0516
0.0544
0.0492
0.0552
0.0524
0.05
0.0516
0.0488
0.054
0.0516
0.0512
0.0512
0.056
0.0524
0.0572
0.0568
0.0604
0.0584
0.0572
0.0592
0.0624
0.0548
0.0484
0.0484
0.0496
0.0492
0.05
0.0456
0.0464
0.0444
0.046
0.0452
0.0428
0.0408
0.038
0.0372
0.0344
0.0336
0.034
0.038
0.0356
0.0408
0.0376
0.036
0.04
0.0332
0.034
0.0296
0.0296
0.0288
0.0276
0.028
0.0288
0.0288
0.0296
0.0276
0.0272
0.0252
0.0236
0.0244
0.0228
0.0244
0.0248
0.0272
0.026
0.0244
0.0248
0.0256
0.028
0.028
0.0316
0.0312
0.034
0.0368
0.0348
0.0392
0.0372
0.044
0.0448
0.0448
0.044
0.05
0.0344
0.038
0.0368
0.0404
0.0356
0.0348
0.0336
0.0352
0.0372
0.0408
0.0416
0.0396
0.042
0.04
0.0408
0.042
0.042
0.044
0.0444
0.0484
0.048
0.0472
0.0452
0.0432
0.0444
0.0476
0.0476
0.048
0.0496
0.044
0.0524
0.0464
0.0444
0.0428
0.0472
0.0484
0.0468
0.0464
0.0508
0.0468
0.0472
0.0452
0.0428
0.0444
0.0456
0.0444
0.044
0.0464
0.0412
0.0404
0.0384
0.0392
0.0388
0.0368
0.0352
0.0352
0.0336
0.0324
0.0352
0.034
0.0408
0.0328
0.0312
0.032
0.032
0.0344
0.0328
0.0376
0.0344
0.0416
0.0376
0.0444
0.0404
0.0408
0.04
0.042
0.038
0.0376
0.038
0.0408
0.0388
0.0392
0.0376
0.0468
0.0384
0.0372
0.036
0.0344
0.0356
0.0356
0.0404
0.0388
0.04
0.0436
0.0444
0.0412
0.0452
0.0468
0.0468
0.0424
0.0416
0.0416
0.0408
0.0444
0.0436
0.0424
0.0452
0.0468
0.0512
0.0496
0.048
0.0444
0.0452
0.0496
0.0452
0.0512
0.046
0.046
0.0424
0.0468
0.048
0.0544
0.0556
0.0488
0.0472
0.0492
0.0488
0.0492
0.0528
0.0524
0.0528
0.0544
0.0512
0.0532
0.0508
0.0544
0.052
0.0496
0.052
0.0532
0.0472
0.0512
0.0452
0.0508
0.0516
0.0536
0.0576
0.0564
0.0616
0.0548
0.0604
0.0596
0.07
0.0596
0.0724
0.0656
0.062
0.0636
0.0608
0.0612
0.068
0.0576
0.0608
0.0584
0.0672
0.0624
0.066
0.0712
0.0744
0.0676
0.0676
0.0624
0.0668
0.0616
0.06
0.0592
0.0644
0.0568
0.062
0.0528
0.0528
0.0516
0.0512
0.0552
0.0512
0.0492
0.046
0.046
0.0432
0.0452
0.0396
0.0388
0.0392
0.04
0.0384
0.0416
0.0376
0.0384
0.0364
0.038
0.0356
0.0344
0.0344
0.0344
0.0332
0.032
0.0328
0.032
0.0328
0.0324
0.0328
0.0344
0.0336
0.0364
0.0328
0.0316
0.0308
0.0308
0.0308
0.0308
0.0308
0.0308
0.0308
0.0308
0.0308
0.0308
0.0308
0.0308
0.0308
0.0308
0.0308
0.0308
0.0308
0.0308
0.0308
0.0308
0.0308
0.0308
0.0308
0.0308
0.0308
0.0308
0.0308
0.0308
0.0308
0.0308
0.0308
0.0308
0.0308
0.0308
0.0308
0.0308
0.0308
0.0308
0.0308
0.0308
0.0308
0.0308
0.0308
0.0308
0.0308
0.0308
0.0308
0.0308
0.0308
0.0308
0.0308
0.0308
0.0308
0.0308
0.0308
0.0308
0.0308
0.0308
0.0308
0.0308
0.0308
0.0308
0.0308
0.0308
0.0308
0.0308
0.0308
0.0308
0.0308
0.0308
0.0308
0.0308
0.0308
0.0308
0.0308
0.0308
0.0308
0.0308
0.0308
0.0308
0.0308
0.0308
0.0308
0.0308
0.0308
0.0308
0.0308
0.0308
0.0308
0.0308
0.0308
0.0308
0.0308
0.0308
0.0308
0.0308
0.0308
0.0308
0.0308
0.0308
0.0308
0.0308
0.0308
0.0308
0.0308
0.0308
0.0308
0.0308
0.0308
0.0308
0.0308
0.0308
0.0308
0.0308
0.0308
0.0308
0.0308
0.0308
0.0308
0.0308
0.0308
0.0308
0.0308
0.0308
0.0308
0.0308
0.0308
0.0308
0.0308
0.0308
0.0308
0.0308
0.0308
0.0308
0.0308
0.0308
0.0308
0.0308
0.0308
0.0308
0.0308
0.0308
0.0308
0.0308
0.0308
0.0308
0.0308
0.0308
0.0308
0.0308
0.0308
0.0308
0.0308
0.0308
0.0308
0.0308
0.0308
0.0308
0.0308
0.0308
0.0308
0.0308
0.0308
0.0308
0.0308
0.0308
0.0308
0.0308
0.0308
0.0308
0.0308
0.0308
0.0308
0.0308
0.0308
0.0308
0.0308
0.0308
0.0308
0.0308
0.0308
0.0308
0.0308
0.0308
0.0308
0.0308
0.0308
0.0308
0.0308
0.0308
0.0308
0.0308
0.0308
0.0308
0.0308
0.0308
0.0308
0.0308
0.0308
0.0308
0.0308
0.0308
0.0308
0.0308
0.0308
0.0308
0.0308
0.0308
0.0308
0.0308
0.0308
0.0308
0.0308
0.0308
0.0308
0.0308
0.0308
0.0308
0.0308
0.0308
0.0308
0.0308
0.0308
0.0308
0.0308
0.0308
0.0308
0.0308
0.0308
0.0308
0.0308
0.0308
0.0308
0.0308
0.0308
0.0308
0.0308
0.0308
0.0308
0.0308
0.0308
0.0308
0.0308
0.0308
0.0308
0.0308
0.0308
0.0308
0.0308
0.0308
0.0308
0.0308
0.0308
0.0308
0.0308
0.0308
0.0308
0.0308
0.0308
0.0308
0.0308
0.0308
0.0308
0.0308
0.0308
0.0308
0.0308
0.0308
0.0308
0.0308
0.0308
0.0308
0.0308
0.0308
0.0308
0.0308
0.0308
0.0308
0.0308
0.0308
0.0308
0.0308
0.0308
0.0308
0.0308
0.0308
0.0308
0.0308
0.0308
0.0308
0.0308
0.0308
0.0308
0.0308
0.0308
0.0308
0.0308
0.0308
0.0308
0.0308
0.0308
0.0308
0.0308
0.0308
0.0308
0.0308
0.0308
0.0308
0.0308
0.0308
0.0308
0.0308
0.0308
0.0308
0.0308
0.0308
0.0308
0.0308
0.0308
0.0308
0.0308
0.0308
0.0308
0.0308
0.0308
0.0308
0.0308
0.0308
0.0308
0.0308
0.0308
0.0308
0.0308
0.0308
0.0308
0.0308
0.0308
0.0308
0.0308
0.0308
0.0308
0.0308
0.0308
0.0308
0.0308
0.0308
0.0308
0.0308
0.0308
0.0308
0.0308
0.0308
0.0308
0.0308
0.0308
0.0308
0.0308
0.0308
0.0308
0.0308
0.0308
0.0308
0.0308
0.0308
0.0308
0.0308
0.0308
0.0308
0.0308
0.0308
0.0308
0.0308
0.0308
0.0308
0.0308
0.0308
0.0308
0.0308
0.0308
0.0308
0.0308
0.0308
0.0308
0.0308
0.0308
0.0308
0.0308
0.0308
0.0308
0.0308
0.0308
0.0308
0.0308
0.0308
0.0308
0.0308
0.0308
0.0308
0.0308
0.0308
0.0308
0.0308
0.0308
0.0308
0.0308
0.0308
0.0308
0.0308
0.0308
