0.0308
0.3136
0.3472
0.2752
0.2872
0.2532
0.2384
0.2308
0.2168
0.226
0.2052
0.2076
0.2
0.2036
0.184
0.1928
0.196
0.1904
0.1756
0.1776
0.1596
0.1704
0.17
0.1512
0.1504
0.1428
0.1488
0.142
0.1268
0.1268
0.1236
0.134
0.1448
0.1536
0.1352
0.1296
0.1312
0.1228
0.138
0.1308
0.136
0.142
0.1392
0.1364
0.1332
0.1228
0.1204
0.1176
0.1304
0.1308
0.1256
0.1288
0.1248
0.1248
0.1312
0.118
0.1236
0.1156
0.1276
0.1196
0.1268
0.1292
0.1244
0.11
0.0988
0.0996
0.0968
0.1056
0.0888
0.0892
0.0844
0.088
0.0928
0.082
0.0868
0.0796
0.0824
0.082
0.09
0.0932
0.0996
0.0908
0.0932
0.0952
0.088
0.0864
0.0872
0.094
0.0952
0.096
0.1028
0.0924
0.0992
0.0964
0.1044
0.1036
0.0968
0.104
0.1044
0.0932
0.1064
0.1012
0.1016
0.0964
0.096
0.1096
0.1036
0.1036
0.1076
0.1152
0.1016
0.114
0.1112
0.11
0.1076
0.1
0.098
0.094
0.0984
0.0964
0.1008
0.1068
0.1
0.1068
0.0992
0.0924
0.0984
0.09
0.0956
0.096
0.0972
0.088
0.0884
0.082
0.0808
0.0812
0.0812
0.0772
0.0844
0.0864
0.0872
0.0816
0.082
0.074
0.0772
0.0708
0.0732
0.0808
0.0736
0.0752
0.088
0.0832
0.0812
0.0836
0.0828
0.0864
0.0772
0.0776
0.0796
0.0784
0.0812
0.0708
0.0788
0.0736
0.0828
0.076
0.076
0.0828
0.0828
0.0956
0.0832
0.0936
0.0904
0.0928
0.0944
0.0888
0.0968
0.0976
0.0932
0.1016
0.0976
0.1056
0.0928
0.0996
0.0912
0.102
0.1008
0.1032
0.104
0.096
0.0964
0.0888
0.0896
0.0912
0.0888
0.0812
0.0852
0.088
0.0884
0.0816
0.0876
0.0824
0.0824
0.078
0.0868
0.0792
0.0772
0.0768
0.0812
0.078
0.078
0.0732
0.078
0.0732
0.0784
0.074
0.0672
0.0728
0.0764
0.072
0.082
0.0728
0.0708
0.0652
0.0688
0.0696
0.0676
0.072
0.0668
0.0688
0.0716
0.0724
0.0716
0.0832
0.0836
0.082
0.0832
0.076
0.0632
0.0736
0.0652
0.0708
0.0724
0.0848
0.076
0.0772
0.072
0.0816
0.076
0.0756
0.0732
0.0676
0.0676
0.068
0.0684
0.0632
0.062
0.0716
0.0632
0.0672
0.0728
0.072
0.0776
0.0688
0.0728
0.0728
0.0704
0.0812
0.0776
0.0872
0.0792
0.0736
0.0848
0.0776
0.076
0.0712
0.0744
0.074
0.0788
0.0844
0.0796
0.082
0.086
0.0912
0.0892
0.088
0.0856
0.0908
0.0768
0.0732
0.0672
0.0644
0.0644
0.0584
0.0568
0.056
0.0548
0.0612
0.0608
0.0632
0.0564
0.062
0.064
0.0664
0.0756
0.0656
0.0772
0.0596
0.0588
0.0496
0.05
0.0484
0.0472
0.046
0.0476
0.0448
0.0512
0.0484
0.0508
0.0464
0.0488
0.0444
0.0436
0.0396
0.0416
0.0368
0.0336
0.0332
0.032
0.034
0.0312
0.0304
0.0304
0.0296
0.0304
0.0304
0.0308
0.0316
0.0312
0.0332
0.0332
0.0356
0.0356
0.0392
0.0364
0.0388
0.0388
0.0424
0.0396
0.0396
0.0376
0.0392
0.0384
0.0392
0.0356
0.0344
0.034
0.0336
0.0372
0.0328
0.0344
0.034
0.0356
0.0384
0.0384
0.04
0.0404
0.0448
0.0448
0.0432
0.0424
0.0444
0.0472
0.0444
0.0456
0.0492
0.0516
0.0484
0.0512
0.046
0.0496
0.0464
0.048
0.0508
0.0552
0.0508
0.0576
0.0512
0.0512
0.0484
0.0468
0.0524
0.0512
0.0508
0.0536
0.0528
0.0608
0.0556
0.0528
0.0516
0.0492
0.0508
0.0508
0.0504
0.05
0.0488
0.0456
0.0436
0.036
0.0384
0.0376
0.0396
0.0384
0.0408
0.0404
0.0424
0.042
0.0396
0.0404
0.0388
0.0384
0.0376
0.036
0.0352
0.0352
0.0312
0.0312
0.0316
0.032
0.034
0.0348
0.036
0.036
0.0344
0.0368
0.0332
0.032
0.0336
0.0352
0.0364
0.036
0.0368
0.0368
0.0376
0.0384
0.0372
0.0428
0.0364
0.0388
0.0364
0.0372
0.0376
0.038
0.0392
0.04
0.0412
0.0464
0.0428
0.042
0.0432
0.046
0.0512
0.048
0.052
0.0516
0.0484
0.0492
0.0496
0.0468
0.0448
0.0456
0.0428
0.0424
0.0464
0.0428
0.0444
0.0464
0.0428
0.0464
0.0456
0.0488
0.0472
0.054
0.0516
0.0564
0.0592
0.0556
0.0628
0.0588
0.0544
0.0584
0.056
0.054
0.0588
0.0548
0.0488
0.0488
0.0444
0.042
0.0392
0.04
0.04
0.042
0.042
0.042
0.0416
0.0432
0.0408
0.0404
0.038
0.0364
0.0372
0.0376
0.0372
0.0368
0.0356
0.0352
0.0344
0.034
0.0344
0.0344
0.0344
0.0344
0.0344
0.0344
0.0344
0.0344
0.0344
0.0344
0.0344
0.0344
0.0344
0.0344
0.0344
0.0344
0.0344
0.0344
0.0344
0.0344
0.0344
0.0344
0.0344
0.0344
0.0344
0.0344
0.0344
0.0344
0.0344
0.0344
0.0344
0.0344
0.0344
0.0344
0.0344
0.0344
0.0344
0.0344
0.0344
0.0344
0.0344
0.0344
0.0344
0.0344
0.0344
0.0344
0.0344
0.0344
0.0344
0.0344
0.0344
0.0344
0.0344
0.0344
0.0344
0.0344
0.0344
0.0344
0.0344
0.0344
0.0344
0.0344
0.0344
0.0344
0.0344
0.0344
0.0344
0.0344
0.0344
0.0344
0.0344
0.0344
0.0344
0.0344
0.0344
0.0344
0.0344
0.0344
0.0344
0.0344
0.0344
0.0344
0.0344
0.0344
0.0344
0.0344
0.0344
0.0344
0.0344
0.0344
0.0344
0.0344
0.0344
0.0344
0.0344
0.0344
0.0344
0.0344
0.0344
0.0344
0.0344
0.0344
0.0344
0.0344
0.0344
0.0344
0.0344
0.0344
0.0344
0.0344
0.0344
0.0344
0.0344
0.0344
0.0344
0.0344
0.0344
0.0344
0.0344
0.0344
0.0344
0.0344
0.0348
0.0356
0.0352
0.0352
0.034
0.0336
0.0344
0.0332
0.0336
0.0328
0.0324
0.0312
0.03
0.03
0.03
0.03
0.03
0.03
0.03
0.03
0.03
0.03
0.03
0.03
0.03
0.03
0.03
0.03
0.03
0.03
0.03
0.03
0.03
0.03
0.03
0.03
0.03
0.03
0.03
0.03
0.03
0.03
0.03
0.03
0.03
0.03
0.03
0.03
0.03
0.03
0.03
0.03
0.03
0.03
0.03
0.03
0.03
0.03
0.03
0.03
0.03
0.03
0.03
0.03
0.03
0.03
0.03
0.03
0.03
0.03
0.03
0.03
0.03
0.03
0.03
0.03
0.03
0.03
0.03
0.03
0.03
0.03
0.03
0.03
0.03
0.03
0.03
0.03
0.03
0.03
0.03
0.03
0.03
0.03
0.03
0.03
0.03
0.03
0.03
0.03
0.03
0.03
0.03
0.03
0.03
0.03
0.03
0.03
0.03
0.03
0.03
0.03
0.03
0.03
0.03
0.03
0.03
0.03
0.03
0.03
0.03
0.03
0.03
0.03
0.03
0.03
0.03
0.03
0.03
0.03
0.03
0.03
0.03
0.03
0.03
0.03
0.03
0.03
0.03
0.03
0.03
0.03
0.03
0.03
0.03
0.03
0.03
0.03
0.03
0.03
0.03
0.03
0.03
0.03
0.03
0.03
0.03
0.03
0.03
0.03
0.03
0.03
0.03
0.03
0.03
0.03
0.03
0.03
0.03
0.03
0.03
0.03
0.03
0.03
0.03
0.03
0.03
0.03
0.03
0.03
0.03
0.03
0.03
0.03
0.03
0.03
0.03
0.03
0.03
0.03
0.03
0.03
0.03
0.03
0.03
0.03
0.03
0.03
0.03
0.03
0.03
0.03
0.03
0.03
0.03
0.03
0.03
0.03
0.03
0.03
0.03
0.03
0.03
0.03
0.03
0.03
0.03
0.03
0.03
0.03
0.03
0.03
0.03
0.03
0.03
0.03
0.03
0.03
0.03
0.03
0.03
0.03
0.03
0.03
0.03
0.03
0.03
0.03
0.03
0.03
0.03
0.03
0.03
0.03
0.03
0.03
0.03
0.03
0.03
0.03
0.03
0.03
0.03
0.03
0.03
0.03
0.03
0.03
0.03
0.03
0.03
0.03
0.03
0.03
0.03
0.03
0.03
0.03
0.03
0.03
0.03
0.03
0.03
0.03
0.03
0.03
0.03
0.03
0.03
0.03
0.03
0.03
0.03
0.03
0.03
0.03
0.03
0.03
0.03
0.03
0.03
0.03
0.03
0.03
0.03
0.03
0.03
0.03
0.03
0.03
0.03
0.03
0.03
0.03
0.03
0.03
0.03
0.03
0.03
0.03
0.03
0.03
0.03
0.03
0.03
0.03
0.03
0.03
0.03
0.03
0.03
0.03
0.03
0.03
0.03
0.03
0.03
0.03
0.03
0.03
0.03
0.03
0.03
0.03
0.03
0.03
0.03
0.03
0.03
0.03
0.03
0.03
0.03
0.03
0.03
0.03
0.03
0.03
0.03
0.03
0.03
0.03
0.03
0.03
0.03
0.03
0.03
0.03
0.03
0.03
